[name]
unknown

[dist]
# distance from previous block
# <min> <max>
0	74

[block]
# block no. 0 follows, 46 sequences, length 17
# corresponding to MSA columns:
# 91-107
name=unknown_A
#
# <colnr> <probs for GDERKNQSTAVLIFYWHMCP>
#	G	D	E	R	K	N	Q	S	T	A	V	L	I	F	Y	W	H	M	C	P
0	0.00734	0.00686	0.06878	0.00825	0.00954	0.00545	0.00675	0.00924	0.01132	0.01535	0.14614	0.43420	0.06029	0.01526	0.04009	0.00234	0.00412	0.13913	0.00474	0.00481
1	0.15763	0.05624	0.01317	0.12695	0.01651	0.01055	0.02629	0.04097	0.08778	0.34640	0.03417	0.03596	0.01211	0.00633	0.00494	0.00166	0.00490	0.00509	0.00483	0.00753
2	0.01737	0.14029	0.01701	0.13792	0.01911	0.55445	0.01075	0.01912	0.01365	0.01295	0.00824	0.01010	0.00684	0.00528	0.00464	0.00139	0.00856	0.00352	0.00260	0.00619
3	0.01106	0.00974	0.01179	0.00879	0.01274	0.00850	0.00711	0.01322	0.01051	0.01651	0.00901	0.01106	0.00769	0.00476	0.00605	0.00103	0.13092	0.00337	0.00300	0.71316
4	0.14089	0.00597	0.00729	0.00771	0.00863	0.00609	0.02440	0.00917	0.01003	0.01535	0.05771	0.56483	0.02874	0.06001	0.00757	0.00221	0.02237	0.01196	0.00447	0.00460
5	0.66952	0.01108	0.05402	0.13346	0.01511	0.01187	0.00794	0.01529	0.00937	0.02170	0.00781	0.00961	0.00599	0.00497	0.00369	0.00166	0.00477	0.00321	0.00307	0.00587
6	0.02145	0.00863	0.01146	0.00896	0.01256	0.00765	0.00725	0.04554	0.01466	0.65455	0.03533	0.01965	0.01421	0.07076	0.00698	0.00190	0.00446	0.00556	0.04015	0.00829
7	0.00714	0.00539	0.00659	0.00629	0.00769	0.00484	0.00472	0.00931	0.01415	0.01927	0.57650	0.04266	0.25303	0.01153	0.00624	0.00170	0.00255	0.01001	0.00557	0.00484
8	0.01076	0.01207	0.07360	0.51675	0.03288	0.01226	0.23607	0.01474	0.01118	0.01474	0.00979	0.01394	0.00731	0.00502	0.00555	0.00176	0.00765	0.00510	0.00244	0.00638
9	0.01182	0.00855	0.01031	0.00894	0.01117	0.00870	0.03698	0.19895	0.06750	0.06592	0.13338	0.16951	0.14342	0.09056	0.00804	0.00211	0.00421	0.00878	0.00500	0.00616
10	0.01270	0.00913	0.01039	0.00959	0.01191	0.00986	0.00729	0.09258	0.35613	0.10416	0.02318	0.28833	0.02152	0.01022	0.00583	0.00188	0.00400	0.00887	0.00534	0.00711
11	0.00767	0.00521	0.00620	0.00620	0.00635	0.00536	0.00374	0.00797	0.00782	0.01057	0.01626	0.03240	0.01827	0.69134	0.14847	0.00566	0.00656	0.00737	0.00314	0.00344
12	0.03105	0.11192	0.40134	0.01263	0.01803	0.06632	0.01406	0.01764	0.01194	0.13792	0.05510	0.01344	0.01022	0.00590	0.00588	0.00163	0.07006	0.00433	0.00319	0.00740
13	0.20393	0.01250	0.01576	0.17840	0.31876	0.09326	0.01232	0.01653	0.05084	0.01775	0.01006	0.01327	0.00823	0.00530	0.00480	0.00163	0.00613	0.02066	0.00292	0.00695
14	0.02260	0.00986	0.01269	0.00983	0.01387	0.00917	0.00809	0.11593	0.06496	0.64416	0.01990	0.01746	0.01278	0.00656	0.00532	0.00164	0.00464	0.00529	0.00632	0.00896
15	0.01197	0.00677	0.00843	0.00767	0.00972	0.00627	0.00594	0.06501	0.01398	0.20131	0.20970	0.17613	0.16124	0.01098	0.00599	0.00178	0.00346	0.04641	0.04125	0.00599
16	0.04573	0.01095	0.03662	0.06237	0.01578	0.01073	0.05219	0.21119	0.06747	0.26466	0.14744	0.01946	0.01746	0.00697	0.00544	0.00166	0.00498	0.00584	0.00528	0.00780

[dist]
# distance from previous block
# <min> <max>
2	9

[block]
# block no. 1 follows, 46 sequences, length 13
# corresponding to MSA columns:
# 117-129
name=unknown_B
#
# <colnr> <probs for GDERKNQSTAVLIFYWHMCP>
#	G	D	E	R	K	N	Q	S	T	A	V	L	I	F	Y	W	H	M	C	P
0	0.01394	0.22368	0.06277	0.10155	0.01649	0.01393	0.00987	0.16759	0.09564	0.06725	0.01371	0.03687	0.01160	0.03542	0.06335	0.00220	0.00624	0.04707	0.00378	0.00706
1	0.10042	0.28551	0.01775	0.04069	0.01456	0.13189	0.02082	0.04796	0.05519	0.01620	0.00953	0.02868	0.00819	0.00527	0.00455	0.00130	0.03277	0.00371	0.00298	0.17202
2	0.01225	0.00936	0.01097	0.00829	0.01230	0.00793	0.00662	0.09141	0.03824	0.06955	0.13247	0.01640	0.01521	0.00553	0.00456	0.00109	0.00393	0.00455	0.00407	0.54524
3	0.01961	0.01040	0.01411	0.01132	0.02919	0.01044	0.05151	0.14458	0.03650	0.44804	0.04199	0.01750	0.01291	0.03617	0.00742	0.00184	0.08741	0.00544	0.00543	0.00819
4	0.01870	0.01310	0.07731	0.03758	0.01666	0.02512	0.05273	0.28282	0.05942	0.28692	0.01595	0.04385	0.01137	0.00651	0.00535	0.00164	0.00557	0.00534	0.00512	0.02896
5	0.00838	0.00591	0.00709	0.00716	0.00787	0.00588	0.00481	0.08231	0.01137	0.01535	0.12749	0.34356	0.02879	0.30360	0.01383	0.00310	0.00400	0.01060	0.00446	0.00446
6	0.06255	0.20243	0.04478	0.13597	0.01754	0.06884	0.00995	0.17957	0.04644	0.05843	0.05303	0.01386	0.01071	0.00699	0.03076	0.00174	0.02075	0.00443	0.02421	0.00700
7	0.47016	0.09352	0.01258	0.20859	0.01773	0.01300	0.00870	0.07080	0.01090	0.03956	0.00860	0.01051	0.00659	0.00511	0.00399	0.00161	0.00514	0.00352	0.00316	0.00620
8	0.10139	0.01194	0.01716	0.07975	0.41496	0.03051	0.01269	0.10983	0.01344	0.10783	0.01117	0.01325	0.00862	0.00574	0.00564	0.03447	0.00586	0.00456	0.00344	0.00778
9	0.01413	0.81739	0.02770	0.00905	0.01357	0.02092	0.00905	0.01583	0.01074	0.01244	0.00735	0.00848	0.00678	0.00452	0.00339	0.00113	0.00565	0.00283	0.00226	0.00678
10	0.01010	0.00678	0.00759	0.00745	0.00773	0.08592	0.00501	0.00845	0.00781	0.00969	0.00994	0.01753	0.01010	0.10888	0.01974	0.66204	0.00516	0.00483	0.00244	0.00280
11	0.75479	0.01035	0.00825	0.00739	0.01063	0.01201	0.00603	0.01699	0.09702	0.02353	0.00899	0.00987	0.00693	0.00517	0.00351	0.00165	0.00410	0.00322	0.00351	0.00603
12	0.11360	0.00801	0.01002	0.00825	0.01127	0.00747	0.00663	0.01942	0.03502	0.42356	0.26996	0.02407	0.02449	0.00778	0.00539	0.00165	0.00378	0.00646	0.00589	0.00728

[dist]
# distance from previous block
# <min> <max>
0	1

[block]
# block no. 2 follows, 46 sequences, length 13
# corresponding to MSA columns:
# 131-143
name=unknown_C
#
# <colnr> <probs for GDERKNQSTAVLIFYWHMCP>
#	G	D	E	R	K	N	Q	S	T	A	V	L	I	F	Y	W	H	M	C	P
0	0.01435	0.39091	0.22900	0.01172	0.01713	0.01552	0.07104	0.01753	0.01165	0.12843	0.01027	0.01116	0.00783	0.00493	0.00436	0.00139	0.00625	0.00377	0.00295	0.03981
1	0.00688	0.00505	0.00622	0.00676	0.00748	0.00462	0.00456	0.00789	0.01044	0.01386	0.09225	0.47609	0.14269	0.14593	0.00983	0.00249	0.00333	0.01234	0.00464	0.03665
2	0.00766	0.00517	0.00596	0.00590	0.00608	0.00510	0.00347	0.00803	0.00876	0.01187	0.12938	0.03532	0.02376	0.69533	0.02385	0.00461	0.00474	0.00796	0.00359	0.00347
3	0.01340	0.01187	0.06464	0.44235	0.02834	0.01233	0.08305	0.13671	0.04211	0.09615	0.01168	0.01431	0.00839	0.00556	0.00537	0.00172	0.00670	0.00491	0.00339	0.00702
4	0.09843	0.07806	0.04300	0.15411	0.09310	0.05715	0.08215	0.07443	0.02216	0.01670	0.00890	0.01194	0.00734	0.00624	0.00824	0.00179	0.22246	0.00441	0.00277	0.00662
5	0.00847	0.00789	0.08619	0.00752	0.00869	0.00645	0.00578	0.05016	0.00955	0.01303	0.03271	0.14494	0.01989	0.49641	0.07636	0.00432	0.00574	0.00812	0.00350	0.00430
6	0.00670	0.00486	0.00619	0.00692	0.00751	0.00449	0.00471	0.00787	0.01099	0.01469	0.16184	0.54137	0.11224	0.07380	0.00809	0.00224	0.00308	0.01314	0.00494	0.00435
7	0.01348	0.00784	0.01027	0.00857	0.01047	0.00769	0.05240	0.10516	0.01201	0.20715	0.01706	0.04257	0.01595	0.43034	0.03327	0.00362	0.00543	0.00676	0.00429	0.00566
8	0.01470	0.37205	0.15281	0.01403	0.09495	0.01659	0.07444	0.12731	0.01342	0.05945	0.00978	0.01103	0.00771	0.00500	0.00448	0.00142	0.00631	0.00391	0.00301	0.00760
9	0.13616	0.13577	0.17845	0.04488	0.03358	0.05231	0.22725	0.01561	0.01124	0.01655	0.01114	0.09281	0.00988	0.00597	0.00505	0.00165	0.00680	0.00541	0.00283	0.00665
10	0.33739	0.06215	0.04288	0.12667	0.01679	0.05338	0.00915	0.19382	0.01381	0.05127	0.00964	0.01097	0.00722	0.00534	0.00430	0.00156	0.00547	0.00375	0.00360	0.04082
11	0.43316	0.01016	0.01028	0.02621	0.01244	0.02161	0.02736	0.04718	0.04088	0.13420	0.05843	0.01313	0.01050	0.00552	0.00416	0.00152	0.00438	0.00402	0.00401	0.13086
12	0.00878	0.00584	0.00756	0.00766	0.00879	0.00563	0.00555	0.01004	0.01085	0.09245	0.05667	0.44474	0.13672	0.03695	0.05635	0.00245	0.04783	0.01144	0.00472	0.03897

[dist]
# distance from previous block
# <min> <max>
0	11

[block]
# block no. 3 follows, 46 sequences, length 40
# corresponding to MSA columns:
# 158-197
name=unknown_D
#
# <colnr> <probs for GDERKNQSTAVLIFYWHMCP>
#	G	D	E	R	K	N	Q	S	T	A	V	L	I	F	Y	W	H	M	C	P
0	0.00772	0.00590	0.00807	0.10583	0.01142	0.00580	0.00614	0.01028	0.01425	0.01985	0.64134	0.03696	0.08585	0.01026	0.00612	0.00168	0.00307	0.00904	0.00533	0.00507
1	0.01092	0.01164	0.10785	0.00873	0.01382	0.00770	0.00792	0.01374	0.01099	0.01717	0.00941	0.01099	0.00769	0.00405	0.00405	0.00089	0.00440	0.00323	0.00302	0.74179
2	0.00698	0.00741	0.08213	0.00681	0.00884	0.00533	0.00580	0.00890	0.01210	0.01556	0.18000	0.13976	0.44605	0.04208	0.00695	0.00192	0.00328	0.01051	0.00475	0.00482
3	0.00808	0.00725	0.00716	0.00795	0.00870	0.10280	0.00548	0.00910	0.01092	0.01350	0.02890	0.63647	0.10415	0.01486	0.00645	0.00201	0.00384	0.01320	0.00463	0.00454
4	0.12089	0.28854	0.03926	0.01098	0.01459	0.31785	0.00934	0.04297	0.08222	0.01571	0.00920	0.01014	0.00759	0.00524	0.00420	0.00137	0.00689	0.00343	0.00295	0.00664
5	0.01732	0.01135	0.03423	0.03372	0.03160	0.01062	0.00879	0.23405	0.01612	0.25096	0.01424	0.03564	0.01041	0.00603	0.00540	0.00143	0.03401	0.00474	0.00474	0.23462
6	0.12136	0.01215	0.01334	0.01166	0.05624	0.01331	0.00890	0.35480	0.17577	0.08889	0.07691	0.01628	0.01371	0.00663	0.00513	0.00164	0.00491	0.00521	0.00505	0.00809
7	0.12101	0.01485	0.01310	0.01099	0.01449	0.17225	0.00870	0.23889	0.22939	0.02325	0.01326	0.01334	0.01003	0.00598	0.00482	0.00153	0.00571	0.00443	0.00433	0.08965
8	0.00693	0.00528	0.00630	0.00676	0.00784	0.00483	0.00491	0.00821	0.01129	0.02590	0.07602	0.36066	0.34884	0.02974	0.00713	0.00204	0.02002	0.05789	0.00489	0.00452
9	0.13161	0.08323	0.11209	0.18532	0.13768	0.02314	0.01212	0.06799	0.05643	0.03574	0.01079	0.04010	0.00879	0.00580	0.00536	0.00164	0.04298	0.00457	0.00309	0.03154
10	0.03968	0.00668	0.00975	0.18617	0.01473	0.00733	0.00755	0.01098	0.00922	0.08739	0.01372	0.13353	0.01336	0.05912	0.03720	0.30853	0.04101	0.00637	0.00321	0.00445
11	0.00845	0.00647	0.00739	0.00698	0.00869	0.00613	0.00530	0.10281	0.01433	0.01881	0.27767	0.14283	0.33410	0.01212	0.00621	0.00178	0.00311	0.02638	0.00525	0.00518
12	0.01180	0.01263	0.04858	0.16797	0.16876	0.01178	0.32502	0.01552	0.01173	0.01640	0.01004	0.01333	0.00783	0.00459	0.00543	0.00156	0.00716	0.00504	0.00267	0.15216
13	0.01180	0.01207	0.10822	0.00917	0.01405	0.00867	0.00829	0.09938	0.01276	0.01919	0.04581	0.01252	0.00979	0.00465	0.00432	0.00103	0.00455	0.00372	0.00339	0.60660
14	0.05242	0.02322	0.01484	0.01406	0.04957	0.68884	0.01024	0.02018	0.01428	0.01354	0.00834	0.00998	0.00700	0.00634	0.02475	0.00158	0.02838	0.00353	0.00273	0.00617
15	0.01390	0.01413	0.10930	0.01155	0.01530	0.03137	0.01003	0.12405	0.56031	0.02272	0.01854	0.01749	0.01380	0.00675	0.00531	0.00174	0.00498	0.00550	0.00491	0.00833
16	0.00644	0.00460	0.00613	0.00736	0.00767	0.00429	0.00491	0.00736	0.01012	0.01350	0.02914	0.81076	0.03497	0.01656	0.00675	0.00215	0.00307	0.01503	0.00491	0.00429
17	0.00748	0.00540	0.00707	0.00665	0.00790	0.00499	0.00499	0.00998	0.01496	0.02120	0.77844	0.03949	0.04988	0.01081	0.00624	0.00166	0.00249	0.00956	0.00582	0.00499
18	0.00998	0.00940	0.01586	0.80150	0.03641	0.01175	0.01468	0.01351	0.01057	0.01351	0.00940	0.01409	0.00705	0.00529	0.00529	0.00176	0.00705	0.00470	0.00235	0.00587
19	0.00766	0.00523	0.00628	0.00628	0.00646	0.00540	0.00384	0.00802	0.00784	0.01063	0.01619	0.03200	0.01809	0.66875	0.17083	0.00576	0.00682	0.00731	0.00313	0.00349
20	0.01001	0.00939	0.01599	0.71110	0.03402	0.01151	0.04415	0.01337	0.01068	0.01381	0.03618	0.01498	0.00862	0.00579	0.00590	0.01943	0.02184	0.00493	0.00248	0.00582
21	0.74818	0.01007	0.00833	0.00726	0.01063	0.01135	0.00598	0.01682	0.00976	0.11877	0.00905	0.00976	0.00664	0.00511	0.00353	0.00164	0.00414	0.00317	0.00368	0.00613
22	0.00822	0.00587	0.00817	0.00939	0.01048	0.00583	0.00800	0.01043	0.01187	0.01549	0.02816	0.16801	0.03108	0.01489	0.00722	0.00239	0.00461	0.64023	0.00487	0.00479
23	0.00690	0.00536	0.00628	0.00610	0.00755	0.00473	0.00455	0.00883	0.01351	0.01787	0.43187	0.06935	0.37381	0.01214	0.00626	0.00173	0.00259	0.01045	0.00539	0.00473
24	0.01248	0.01426	0.03119	0.02228	0.02763	0.01337	0.76203	0.01693	0.01248	0.01693	0.01070	0.01426	0.00802	0.00446	0.00624	0.00178	0.00891	0.00624	0.00267	0.00713
25	0.01413	0.81739	0.02770	0.00905	0.01357	0.02092	0.00905	0.01583	0.01074	0.01244	0.00735	0.00848	0.00678	0.00452	0.00339	0.00113	0.00565	0.00283	0.00226	0.00678
26	0.00846	0.00607	0.00844	0.00963	0.01086	0.00605	0.00841	0.01087	0.01217	0.01578	0.02860	0.05942	0.04822	0.01457	0.00728	0.00242	0.00482	0.72819	0.00487	0.00486
27	0.00695	0.00501	0.00657	0.00728	0.00781	0.00482	0.00492	0.00792	0.00959	0.01301	0.02459	0.56317	0.02878	0.13802	0.10786	0.00333	0.00479	0.01227	0.00432	0.03899
28	0.60169	0.11163	0.14710	0.00863	0.01286	0.01304	0.00856	0.01579	0.00959	0.02112	0.00773	0.00903	0.00603	0.00488	0.00359	0.00158	0.00493	0.00304	0.00297	0.00622
29	0.01754	0.04885	0.01442	0.01212	0.01522	0.56997	0.00927	0.04727	0.01454	0.01479	0.04460	0.01126	0.00908	0.00545	0.00467	0.00128	0.00800	0.00368	0.00302	0.14497
30	0.01060	0.02735	0.78682	0.01507	0.02288	0.01228	0.01953	0.01674	0.01116	0.01674	0.00949	0.01116	0.00670	0.00502	0.00502	0.00167	0.00781	0.00391	0.00223	0.00781
31	0.00746	0.00523	0.00662	0.00676	0.00712	0.00545	0.00444	0.00817	0.00833	0.01134	0.01832	0.12335	0.03831	0.46778	0.25290	0.00569	0.00752	0.00804	0.00334	0.00382
32	0.00756	0.00564	0.00836	0.00836	0.00925	0.00653	0.00644	0.00935	0.00846	0.01217	0.01429	0.02147	0.01352	0.07903	0.75429	0.00832	0.01370	0.00577	0.00285	0.00464
33	0.00990	0.00602	0.00737	0.00667	0.00861	0.00529	0.00513	0.01190	0.01396	0.15302	0.38694	0.03977	0.30324	0.01098	0.00608	0.00170	0.00291	0.00938	0.00562	0.00551
34	0.85155	0.01022	0.00777	0.00695	0.01022	0.01186	0.00573	0.01554	0.00900	0.02372	0.00736	0.00859	0.00573	0.00491	0.00327	0.00164	0.00409	0.00286	0.00327	0.00573
35	0.02159	0.00849	0.01147	0.00900	0.01270	0.00740	0.00740	0.02370	0.01485	0.67791	0.07062	0.02046	0.01593	0.00699	0.00534	0.00164	0.00427	0.02280	0.04902	0.00843
36	0.00775	0.00568	0.00792	0.00785	0.00852	0.00646	0.00578	0.00913	0.00832	0.01190	0.01468	0.02417	0.01464	0.24482	0.54926	0.00726	0.03463	0.00616	0.02072	0.00435
37	0.01238	0.01167	0.01966	0.02923	0.68466	0.01162	0.01482	0.01544	0.01240	0.01776	0.10591	0.01638	0.01356	0.00547	0.00536	0.00158	0.00581	0.00532	0.00302	0.00795
38	0.01367	0.58508	0.09843	0.10890	0.01751	0.07287	0.01084	0.01600	0.01106	0.01302	0.00787	0.00951	0.00681	0.00473	0.00388	0.00128	0.00631	0.00320	0.00230	0.00672
39	0.61743	0.05157	0.12207	0.00909	0.01316	0.01248	0.04341	0.01630	0.04024	0.02179	0.00839	0.00967	0.00644	0.00498	0.00375	0.00163	0.00493	0.00329	0.00313	0.00625

[dist]
# distance from previous block
# <min> <max>
0	2

[block]
# block no. 4 follows, 46 sequences, length 14
# corresponding to MSA columns:
# 215-228
name=unknown_E
#
# <colnr> <probs for GDERKNQSTAVLIFYWHMCP>
#	G	D	E	R	K	N	Q	S	T	A	V	L	I	F	Y	W	H	M	C	P
0	0.08128	0.05867	0.12706	0.01159	0.01613	0.04399	0.01062	0.46646	0.01936	0.02703	0.01140	0.01201	0.00834	0.00580	0.00485	0.00152	0.00589	0.00427	0.03773	0.04601
1	0.01211	0.01119	0.06408	0.01084	0.04346	0.02583	0.00861	0.08714	0.36102	0.03593	0.16215	0.05420	0.06570	0.00838	0.00564	0.00175	0.00435	0.02532	0.00504	0.00726
2	0.00897	0.00465	0.00677	0.00677	0.00691	0.00458	0.00455	0.00694	0.00727	0.00956	0.01244	0.01863	0.06570	0.01800	0.01960	0.78420	0.00445	0.00507	0.00249	0.00245
3	0.01112	0.01043	0.01576	0.58067	0.06772	0.02866	0.01364	0.04116	0.08447	0.01513	0.01048	0.01424	0.00804	0.00580	0.00625	0.00179	0.07073	0.00479	0.00276	0.00634
4	0.01376	0.01122	0.01197	0.01068	0.01373	0.01284	0.00833	0.02796	0.72798	0.06617	0.02148	0.01962	0.01596	0.00714	0.00538	0.00178	0.00420	0.00594	0.00545	0.00840
5	0.01846	0.02196	0.01443	0.01298	0.01583	0.60113	0.00984	0.05845	0.16513	0.01574	0.01103	0.01170	0.00876	0.00583	0.00491	0.00146	0.00830	0.00398	0.00337	0.00671
6	0.01341	0.01318	0.02114	0.03152	0.74368	0.05087	0.01593	0.01646	0.01218	0.01706	0.00986	0.01291	0.00830	0.00475	0.00521	0.00156	0.00644	0.00465	0.00262	0.00826
7	0.00764	0.00530	0.00668	0.00668	0.00699	0.00562	0.00434	0.00827	0.00796	0.01092	0.01582	0.02998	0.01722	0.55589	0.28249	0.00625	0.00814	0.00701	0.00308	0.00371
8	0.03452	0.00932	0.01077	0.04343	0.01335	0.01025	0.00827	0.08492	0.32269	0.07021	0.03501	0.02969	0.01895	0.00893	0.00571	0.00189	0.00448	0.20706	0.07355	0.00699
9	0.01371	0.72146	0.11988	0.00978	0.01470	0.01987	0.01032	0.01594	0.01079	0.01296	0.00761	0.00881	0.00677	0.00458	0.00359	0.00120	0.00592	0.00296	0.00226	0.00691
10	0.01071	0.00778	0.00970	0.05034	0.01129	0.00820	0.00674	0.14298	0.01505	0.05123	0.39955	0.05046	0.05726	0.09063	0.00884	0.00206	0.05846	0.00796	0.00501	0.00574
11	0.01693	0.01091	0.01241	0.00986	0.01330	0.01123	0.00797	0.38193	0.01874	0.16999	0.07373	0.03906	0.06648	0.02940	0.03095	0.00188	0.00506	0.00591	0.03213	0.06213
12	0.01264	0.13176	0.04018	0.05332	0.03105	0.01299	0.26717	0.11373	0.01314	0.01776	0.01221	0.06128	0.01077	0.00731	0.03303	0.00184	0.02935	0.04475	0.00322	0.10249
13	0.00880	0.00625	0.00758	0.03436	0.00883	0.00627	0.00501	0.05515	0.01065	0.01500	0.13825	0.06226	0.02191	0.37743	0.10180	0.00391	0.00546	0.00729	0.05763	0.06617

[dist]
# distance from previous block
# <min> <max>
5	8

[block]
# block no. 5 follows, 46 sequences, length 26
# corresponding to MSA columns:
# 265-290
name=unknown_F
#
# <colnr> <probs for GDERKNQSTAVLIFYWHMCP>
#	G	D	E	R	K	N	Q	S	T	A	V	L	I	F	Y	W	H	M	C	P
0	0.01316	0.43369	0.24667	0.01330	0.04922	0.01706	0.09327	0.05005	0.01174	0.01531	0.00867	0.01025	0.00706	0.00475	0.00433	0.00140	0.00666	0.00367	0.00245	0.00728
1	0.01313	0.00922	0.01120	0.06261	0.01406	0.00983	0.00859	0.15778	0.16743	0.10168	0.08921	0.03317	0.05623	0.00969	0.00605	0.00192	0.00471	0.23149	0.00514	0.00684
2	0.01203	0.01161	0.05356	0.24573	0.05663	0.01223	0.19304	0.03701	0.01131	0.06657	0.01120	0.03960	0.00909	0.00767	0.03984	0.00211	0.15163	0.00544	0.02717	0.00653
3	0.00679	0.00508	0.00632	0.00677	0.00775	0.00461	0.00487	0.00834	0.01209	0.01604	0.25423	0.36911	0.21902	0.01403	0.00650	0.00193	0.00288	0.04391	0.00517	0.00456
4	0.00908	0.00463	0.00681	0.00681	0.00681	0.00463	0.00450	0.00694	0.00694	0.00925	0.00968	0.01730	0.00985	0.07135	0.02108	0.79019	0.00463	0.00480	0.00236	0.00236
5	0.01087	0.08681	0.72968	0.01461	0.02218	0.01293	0.01874	0.01667	0.01113	0.01642	0.00933	0.01096	0.00670	0.00498	0.00490	0.00163	0.00765	0.00383	0.00223	0.00774
6	0.00998	0.00940	0.01586	0.80150	0.03641	0.01175	0.01468	0.01351	0.01057	0.01351	0.00940	0.01409	0.00705	0.00529	0.00529	0.00176	0.00705	0.00470	0.00235	0.00587
7	0.01097	0.01043	0.01693	0.53937	0.06426	0.01294	0.05049	0.04425	0.01082	0.01450	0.00913	0.01350	0.00721	0.00605	0.00774	0.00186	0.16616	0.00476	0.00249	0.00616
8	0.00665	0.00479	0.00631	0.00728	0.00780	0.00446	0.00502	0.00784	0.01090	0.01459	0.12380	0.64993	0.07030	0.01562	0.00668	0.00208	0.00305	0.04347	0.00502	0.00441
9	0.00672	0.00473	0.00610	0.00703	0.00732	0.00448	0.00459	0.00753	0.00986	0.01320	0.05736	0.63324	0.03261	0.16642	0.01052	0.00269	0.00343	0.01342	0.00462	0.00412
10	0.00819	0.00660	0.00967	0.00928	0.01009	0.00808	0.00734	0.00999	0.00870	0.01271	0.04419	0.02006	0.01371	0.03360	0.63673	0.00723	0.14042	0.00566	0.00287	0.00490
11	0.00985	0.00493	0.00493	0.00493	0.00616	0.00493	0.00370	0.01232	0.01109	0.01971	0.01725	0.01971	0.01355	0.00616	0.00370	0.00123	0.00246	0.00493	0.84356	0.00493
12	0.00738	0.00540	0.00693	0.00655	0.00784	0.00495	0.00491	0.00979	0.01473	0.02065	0.72048	0.04040	0.10819	0.01101	0.00624	0.00167	0.00251	0.00969	0.00575	0.00495
13	0.01102	0.00959	0.01175	0.00840	0.01312	0.00729	0.03586	0.01345	0.01102	0.01722	0.00945	0.01109	0.00784	0.00394	0.00401	0.00082	0.00411	0.00325	0.00311	0.81366
14	0.00820	0.00559	0.00715	0.00665	0.00811	0.00508	0.00503	0.01054	0.01466	0.06037	0.66019	0.03960	0.12707	0.01086	0.00619	0.00167	0.00262	0.00951	0.00576	0.00514
15	0.01096	0.00940	0.01096	0.00783	0.01253	0.00705	0.00626	0.01331	0.01096	0.01723	0.00940	0.01096	0.00783	0.00392	0.00392	0.00078	0.00392	0.00313	0.00313	0.84653
16	0.81595	0.01017	0.00796	0.00706	0.01036	0.01168	0.00581	0.01598	0.00926	0.05645	0.00794	0.00899	0.00604	0.00498	0.00336	0.00164	0.00411	0.00297	0.00341	0.00587
17	0.01095	0.01419	0.14213	0.05018	0.03772	0.01157	0.43263	0.01483	0.01161	0.01598	0.01413	0.14506	0.02683	0.00694	0.00653	0.00184	0.04000	0.00726	0.00299	0.00664
18	0.01930	0.02328	0.01616	0.01403	0.01710	0.65241	0.06025	0.10561	0.01594	0.01553	0.00886	0.01021	0.00714	0.00548	0.00492	0.00142	0.00907	0.00375	0.00301	0.00652
19	0.01667	0.04945	0.01626	0.01187	0.01589	0.01431	0.06664	0.46816	0.04173	0.02643	0.01267	0.01381	0.02352	0.02738	0.00620	0.00159	0.04175	0.00476	0.00443	0.13647
20	0.00918	0.00459	0.00689	0.00689	0.00689	0.00459	0.00459	0.00689	0.00689	0.00918	0.00918	0.01607	0.00918	0.01837	0.02066	0.84619	0.00459	0.00459	0.00230	0.00230
21	0.01346	0.00933	0.01055	0.00924	0.01195	0.00992	0.00720	0.05520	0.38423	0.15009	0.16386	0.02577	0.08305	0.03425	0.00629	0.00184	0.00391	0.00695	0.00555	0.00739
22	0.06633	0.07020	0.31305	0.06163	0.11016	0.01114	0.04567	0.01433	0.01115	0.01644	0.05133	0.13044	0.01425	0.00740	0.00551	0.00175	0.01927	0.04017	0.00306	0.00671
23	0.05030	0.08475	0.25383	0.01108	0.01581	0.01163	0.03327	0.10259	0.06956	0.04391	0.03803	0.01494	0.02343	0.02753	0.01652	0.00168	0.01690	0.00456	0.06765	0.11203
24	0.01766	0.01152	0.01359	0.06795	0.01594	0.01214	0.00906	0.36861	0.06377	0.19093	0.01537	0.05234	0.01156	0.00865	0.05225	0.00200	0.00575	0.00537	0.00503	0.07051
25	0.01663	0.01344	0.07640	0.05868	0.01609	0.03325	0.00973	0.39642	0.01822	0.09540	0.01309	0.01503	0.00995	0.06865	0.00697	0.00181	0.02113	0.00482	0.05462	0.06969

[dist]
# distance from previous block
# <min> <max>
2	19

[block]
# block no. 6 follows, 46 sequences, length 10
# corresponding to MSA columns:
# 310-319
name=unknown_G
#
# <colnr> <probs for GDERKNQSTAVLIFYWHMCP>
#	G	D	E	R	K	N	Q	S	T	A	V	L	I	F	Y	W	H	M	C	P
0	0.01298	0.05417	0.16706	0.01569	0.02088	0.01233	0.31167	0.07992	0.01286	0.05662	0.01111	0.03312	0.00867	0.00523	0.00578	0.00157	0.03607	0.00511	0.00311	0.14606
1	0.01307	0.01412	0.02072	0.04314	0.01999	0.13581	0.31113	0.05187	0.02884	0.01585	0.01217	0.05412	0.03414	0.00756	0.02827	0.00198	0.17247	0.00584	0.00298	0.02591
2	0.22574	0.00959	0.01361	0.55775	0.02854	0.01157	0.01204	0.01466	0.01040	0.05577	0.00947	0.01289	0.00702	0.00525	0.00477	0.00172	0.00616	0.00426	0.00280	0.00600
3	0.03836	0.08151	0.64054	0.01428	0.02131	0.01259	0.04791	0.01633	0.01129	0.01688	0.04471	0.01232	0.00871	0.00523	0.00495	0.00164	0.00734	0.00415	0.00245	0.00751
4	0.01308	0.01256	0.02146	0.03245	0.78123	0.01256	0.01622	0.01622	0.01204	0.01727	0.00994	0.01308	0.00837	0.00471	0.00523	0.00157	0.00628	0.00471	0.00262	0.00837
5	0.00998	0.00940	0.01586	0.80150	0.03641	0.01175	0.01468	0.01351	0.01057	0.01351	0.00940	0.01409	0.00705	0.00529	0.00529	0.00176	0.00705	0.00470	0.00235	0.00587
6	0.10148	0.01087	0.04285	0.14613	0.10928	0.01065	0.15805	0.01451	0.01133	0.03401	0.05892	0.03415	0.01201	0.00612	0.00589	0.00164	0.05289	0.03697	0.03738	0.11487
7	0.00998	0.00940	0.01586	0.80150	0.03641	0.01175	0.01468	0.01351	0.01057	0.01351	0.00940	0.01409	0.00705	0.00529	0.00529	0.00176	0.00705	0.00470	0.00235	0.00587
8	0.09430	0.27657	0.18646	0.01035	0.01444	0.06273	0.01055	0.01511	0.01155	0.03668	0.06553	0.05029	0.01463	0.00727	0.00482	0.00161	0.00575	0.12171	0.00326	0.00640
9	0.09452	0.44681	0.12894	0.01002	0.01469	0.03583	0.01004	0.04274	0.07102	0.05711	0.00976	0.01051	0.00785	0.00501	0.00398	0.00134	0.00567	0.00345	0.00297	0.03772

[dist]
# distance from previous block
# <min> <max>
6	28

[block]
# block no. 7 follows, 46 sequences, length 10
# corresponding to MSA columns:
# 358-367
name=unknown_H
#
# <colnr> <probs for GDERKNQSTAVLIFYWHMCP>
#	G	D	E	R	K	N	Q	S	T	A	V	L	I	F	Y	W	H	M	C	P
0	0.01265	0.01194	0.02022	0.03027	0.70727	0.01194	0.01548	0.01572	0.01205	0.01713	0.01168	0.01755	0.01049	0.00566	0.00543	0.00165	0.00614	0.07585	0.00283	0.00804
1	0.01354	0.08890	0.02013	0.17883	0.49235	0.01277	0.01447	0.01651	0.01190	0.08527	0.01057	0.01328	0.00839	0.00497	0.00507	0.00157	0.00621	0.00458	0.00288	0.00779
2	0.01044	0.00977	0.01359	0.04608	0.01537	0.07878	0.14649	0.01360	0.05072	0.01575	0.02052	0.15335	0.02126	0.01054	0.00633	0.00197	0.00574	0.29993	0.00405	0.07572
3	0.01227	0.01019	0.01683	0.42502	0.28564	0.01129	0.01398	0.01547	0.01151	0.08467	0.01105	0.01441	0.00840	0.00525	0.00518	0.00166	0.00630	0.00477	0.04916	0.00695
4	0.03587	0.08916	0.58693	0.01405	0.02083	0.01246	0.05791	0.01665	0.01150	0.04823	0.05071	0.01282	0.00931	0.00532	0.00498	0.00163	0.00717	0.00427	0.00266	0.00753
5	0.22653	0.38890	0.10172	0.00980	0.01384	0.04463	0.00956	0.01615	0.01042	0.04746	0.00813	0.00952	0.00678	0.00524	0.00500	0.00146	0.08229	0.00325	0.00271	0.00660
6	0.29164	0.08306	0.21792	0.01073	0.01481	0.01239	0.03484	0.04566	0.01093	0.01924	0.03681	0.01526	0.01011	0.00633	0.00562	0.00171	0.07753	0.05962	0.03935	0.00643
7	0.03083	0.00917	0.01113	0.02772	0.01207	0.03685	0.00809	0.08575	0.04534	0.08876	0.10877	0.11115	0.06843	0.02226	0.04567	0.00229	0.18851	0.07373	0.01750	0.00599
8	0.01436	0.02391	0.01377	0.01106	0.03686	0.01055	0.05746	0.12629	0.13928	0.13158	0.03297	0.04952	0.03069	0.00644	0.00564	0.00146	0.04430	0.00532	0.00439	0.25414
9	0.07052	0.01099	0.01220	0.00972	0.01313	0.01137	0.02370	0.36871	0.01777	0.05150	0.05448	0.03701	0.07489	0.03787	0.00592	0.00165	0.00475	0.02123	0.05269	0.11990

[dist]
# distance from previous block
# <min> <max>
11	21

[block]
# block no. 8 follows, 46 sequences, length 21
# corresponding to MSA columns:
# 393-413
name=unknown_I
#
# <colnr> <probs for GDERKNQSTAVLIFYWHMCP>
#	G	D	E	R	K	N	Q	S	T	A	V	L	I	F	Y	W	H	M	C	P
0	0.12481	0.08497	0.03109	0.00942	0.04323	0.03921	0.00729	0.05442	0.04657	0.04132	0.11929	0.12035	0.03874	0.06947	0.00684	0.00191	0.00450	0.07318	0.00412	0.07928
1	0.01288	0.06815	0.01418	0.01055	0.02970	0.01134	0.03492	0.16945	0.03689	0.01962	0.02374	0.06356	0.01084	0.00694	0.02194	0.00151	0.10177	0.00483	0.02922	0.32797
2	0.08526	0.12851	0.06210	0.03909	0.04652	0.12407	0.00953	0.07337	0.02250	0.09678	0.03154	0.04559	0.01085	0.04439	0.03909	0.00203	0.09193	0.00478	0.00345	0.03861
3	0.06517	0.05760	0.05385	0.00765	0.00978	0.00802	0.00615	0.02700	0.10059	0.03010	0.10606	0.11651	0.15105	0.19082	0.01028	0.00246	0.00415	0.00798	0.00422	0.04056
4	0.07900	0.23653	0.11974	0.00990	0.01437	0.06047	0.00939	0.10130	0.01268	0.04110	0.02673	0.01195	0.00883	0.02701	0.02503	0.00155	0.00577	0.00373	0.00316	0.20177
5	0.15381	0.06817	0.05885	0.13191	0.10213	0.05815	0.02187	0.13191	0.09109	0.03121	0.01414	0.01539	0.06682	0.00618	0.00518	0.00164	0.02620	0.00480	0.00357	0.00701
6	0.01570	0.27115	0.03828	0.01341	0.10129	0.20107	0.01022	0.13480	0.06489	0.01739	0.01060	0.04141	0.00906	0.00567	0.00455	0.00139	0.00645	0.00420	0.00323	0.04525
7	0.01582	0.01186	0.01340	0.04283	0.03471	0.02720	0.00898	0.44499	0.03174	0.04411	0.01518	0.12713	0.01339	0.04482	0.03947	0.00212	0.02986	0.00635	0.02236	0.02369
8	0.00892	0.00627	0.00780	0.04340	0.00965	0.00622	0.00551	0.07846	0.01130	0.03623	0.06572	0.39321	0.02621	0.22729	0.01175	0.00277	0.00409	0.01056	0.00439	0.04022
9	0.01321	0.01055	0.01192	0.00895	0.01321	0.00950	0.00719	0.21171	0.03331	0.02151	0.01160	0.04539	0.00963	0.00523	0.00443	0.00109	0.00435	0.00418	0.02633	0.54672
10	0.00985	0.00493	0.00493	0.00493	0.00616	0.00493	0.00370	0.01232	0.01109	0.01971	0.01725	0.01971	0.01355	0.00616	0.00370	0.00123	0.00246	0.00493	0.84356	0.00493
11	0.00644	0.00475	0.00603	0.00701	0.00759	0.00434	0.00476	0.00748	0.01059	0.01386	0.05605	0.66157	0.15846	0.01586	0.00665	0.00207	0.00299	0.01422	0.00494	0.00434
12	0.00734	0.00540	0.00687	0.00650	0.00781	0.00493	0.00488	0.00971	0.01463	0.02042	0.69640	0.04078	0.13242	0.01110	0.00624	0.00168	0.00251	0.00974	0.00572	0.00493
13	0.01308	0.01256	0.02146	0.03245	0.78123	0.01256	0.01622	0.01622	0.01204	0.01727	0.00994	0.01308	0.00837	0.00471	0.00523	0.00157	0.00628	0.00471	0.00262	0.00837
14	0.00763	0.00564	0.00650	0.00626	0.00792	0.00500	0.00475	0.00970	0.02797	0.04929	0.31641	0.06350	0.42777	0.01214	0.00623	0.00176	0.00278	0.02851	0.00532	0.00493
15	0.00755	0.00566	0.00850	0.00850	0.00944	0.00661	0.00661	0.00944	0.00850	0.01227	0.01416	0.02077	0.01322	0.03965	0.79326	0.00850	0.01416	0.00566	0.00283	0.00472
16	0.01413	0.81739	0.02770	0.00905	0.01357	0.02092	0.00905	0.01583	0.01074	0.01244	0.00735	0.00848	0.00678	0.00452	0.00339	0.00113	0.00565	0.00283	0.00226	0.00678
17	0.08758	0.07436	0.01311	0.01015	0.01322	0.04790	0.00838	0.30661	0.08601	0.04470	0.01631	0.07477	0.01442	0.00801	0.00524	0.00170	0.00508	0.11301	0.06230	0.00715
18	0.01313	0.04206	0.01314	0.00907	0.01370	0.00839	0.05047	0.04148	0.01206	0.11576	0.01097	0.01201	0.00851	0.00439	0.00426	0.00099	0.00442	0.00364	0.00358	0.62797
19	0.01162	0.25471	0.56835	0.01333	0.02020	0.01476	0.01651	0.01648	0.01104	0.01550	0.00887	0.01039	0.00672	0.00488	0.00455	0.00152	0.00719	0.00360	0.00224	0.00752
20	0.02007	0.01430	0.01524	0.01179	0.01587	0.03873	0.00969	0.64885	0.02334	0.10452	0.03514	0.01387	0.01048	0.00646	0.00530	0.00159	0.00571	0.00491	0.00535	0.00879

[dist]
# distance from previous block
# <min> <max>
0	1

[block]
# block no. 9 follows, 46 sequences, length 15
# corresponding to MSA columns:
# 416-430
name=unknown_J
#
# <colnr> <probs for GDERKNQSTAVLIFYWHMCP>
#	G	D	E	R	K	N	Q	S	T	A	V	L	I	F	Y	W	H	M	C	P
0	0.00677	0.00492	0.00642	0.00728	0.00790	0.00462	0.00512	0.00804	0.01091	0.01455	0.12082	0.55261	0.09822	0.03671	0.03093	0.00235	0.00349	0.06900	0.00491	0.00442
1	0.01278	0.01237	0.02017	0.11816	0.64604	0.03667	0.01559	0.01589	0.01197	0.01666	0.01046	0.01471	0.00894	0.00514	0.00530	0.00162	0.00642	0.03054	0.00267	0.00790
2	0.00644	0.00460	0.00613	0.00736	0.00767	0.00429	0.00491	0.00736	0.01012	0.01350	0.02914	0.81076	0.03497	0.01656	0.00675	0.00215	0.00307	0.01503	0.00491	0.00429
3	0.01975	0.02520	0.01498	0.01362	0.01634	0.79299	0.01021	0.02111	0.01498	0.01294	0.00817	0.00953	0.00681	0.00545	0.00477	0.00136	0.00953	0.00340	0.00272	0.00613
4	0.01373	0.72680	0.11475	0.00974	0.01464	0.01993	0.01025	0.01593	0.01079	0.01293	0.00759	0.00879	0.00677	0.00458	0.00358	0.00119	0.00590	0.00295	0.00226	0.00690
5	0.00727	0.00540	0.00678	0.00643	0.00777	0.00490	0.00482	0.00957	0.01447	0.02003	0.65641	0.04141	0.17264	0.01124	0.00624	0.00168	0.00252	0.00983	0.00567	0.00490
6	0.00870	0.00572	0.00667	0.00633	0.00734	0.00540	0.00428	0.02826	0.01116	0.06537	0.19689	0.05900	0.17192	0.38235	0.01572	0.00330	0.00398	0.00876	0.00444	0.00441
7	0.01060	0.02735	0.78682	0.01507	0.02288	0.01228	0.01953	0.01674	0.01116	0.01674	0.00949	0.01116	0.00670	0.00502	0.00502	0.00167	0.00781	0.00391	0.00223	0.00781
8	0.00768	0.00514	0.00585	0.00582	0.00590	0.00512	0.00331	0.00783	0.00814	0.01093	0.06386	0.03490	0.02112	0.76443	0.02563	0.00491	0.00496	0.00780	0.00337	0.00331
9	0.00681	0.00531	0.00608	0.00600	0.00737	0.00469	0.00439	0.00847	0.01274	0.01657	0.32141	0.09688	0.40837	0.06226	0.00756	0.00197	0.00279	0.01060	0.00514	0.00457
10	0.85155	0.01022	0.00777	0.00695	0.01022	0.01186	0.00573	0.01554	0.00900	0.02372	0.00736	0.00859	0.00573	0.00491	0.00327	0.00164	0.00409	0.00286	0.00327	0.00573
11	0.00702	0.00531	0.00648	0.00634	0.00765	0.00477	0.00470	0.00903	0.01365	0.01844	0.49487	0.11545	0.26277	0.01211	0.00629	0.00174	0.00260	0.01054	0.00547	0.00477
12	0.00700	0.00499	0.00664	0.00727	0.00769	0.00504	0.00495	0.00800	0.00939	0.01278	0.04809	0.43558	0.02704	0.19070	0.19515	0.00425	0.00608	0.01110	0.00409	0.00419
13	0.01323	0.01119	0.01198	0.01070	0.01363	0.01291	0.00836	0.07696	0.66730	0.02219	0.02040	0.01932	0.01545	0.00939	0.06053	0.00225	0.00499	0.00587	0.00519	0.00815
14	0.00871	0.00600	0.00690	0.00666	0.00714	0.00619	0.00420	0.07659	0.00949	0.01274	0.01708	0.09134	0.01908	0.62509	0.07704	0.00481	0.00566	0.00784	0.00350	0.00392

[dist]
# distance from previous block
# <min> <max>
0	1

[block]
# block no. 10 follows, 46 sequences, length 8
# corresponding to MSA columns:
# 432-439
name=unknown_K
#
# <colnr> <probs for GDERKNQSTAVLIFYWHMCP>
#	G	D	E	R	K	N	Q	S	T	A	V	L	I	F	Y	W	H	M	C	P
0	0.01304	0.01069	0.01206	0.00899	0.01344	0.00953	0.00724	0.16897	0.08424	0.02099	0.01120	0.01213	0.00884	0.00472	0.00433	0.00104	0.00433	0.00373	0.00378	0.59671
1	0.01155	0.10086	0.53613	0.01477	0.04315	0.07009	0.06594	0.01641	0.01157	0.01592	0.01199	0.01349	0.05438	0.00547	0.00501	0.00161	0.00744	0.00439	0.00248	0.00735
2	0.00796	0.00546	0.00688	0.00729	0.00826	0.00513	0.00510	0.00973	0.04396	0.05548	0.09776	0.49490	0.10594	0.06810	0.02877	0.00236	0.00356	0.01219	0.00488	0.02630
3	0.01420	0.01004	0.03945	0.01240	0.07317	0.00923	0.07706	0.08577	0.07505	0.19630	0.11225	0.02733	0.04166	0.00820	0.00579	0.00175	0.00497	0.13906	0.00488	0.06143
4	0.02913	0.00999	0.07932	0.00934	0.01202	0.05063	0.00814	0.02957	0.02779	0.20796	0.22828	0.06929	0.05934	0.00960	0.00628	0.00181	0.03082	0.11919	0.00510	0.00640
5	0.01427	0.37463	0.11382	0.01118	0.03228	0.05891	0.02820	0.01698	0.03010	0.09675	0.03514	0.01188	0.00926	0.00547	0.00532	0.00139	0.07209	0.00385	0.00303	0.07545
6	0.06099	0.07681	0.04772	0.04775	0.21867	0.13638	0.01136	0.12453	0.10000	0.01928	0.04516	0.01652	0.02793	0.00625	0.00508	0.00159	0.00612	0.03694	0.00359	0.00734
7	0.04367	0.46340	0.12569	0.04253	0.01562	0.09178	0.01039	0.05691	0.03050	0.01476	0.00897	0.01116	0.00780	0.05077	0.00530	0.00154	0.00626	0.00356	0.00264	0.00674

[dist]
# distance from previous block
# <min> <max>
3	24

[block]
# block no. 11 follows, 46 sequences, length 29
# corresponding to MSA columns:
# 502-511,588-606
name=unknown_L
#
# <colnr> <probs for GDERKNQSTAVLIFYWHMCP>
#	G	D	E	R	K	N	Q	S	T	A	V	L	I	F	Y	W	H	M	C	P
0	0.01493	0.64920	0.02453	0.00925	0.01365	0.06475	0.00881	0.01669	0.01133	0.06985	0.00855	0.00943	0.00733	0.00468	0.00366	0.00116	0.00567	0.00307	0.00267	0.07080
1	0.01188	0.02874	0.09720	0.00927	0.01232	0.09403	0.00805	0.01532	0.06923	0.10124	0.25065	0.09246	0.04335	0.00842	0.00547	0.00157	0.00457	0.02258	0.00456	0.11909
2	0.01279	0.00958	0.01111	0.00984	0.01218	0.01023	0.02506	0.29588	0.10638	0.02265	0.03895	0.30457	0.03218	0.01055	0.00587	0.00183	0.00438	0.03310	0.04616	0.00668
3	0.01247	0.02824	0.01131	0.03665	0.09618	0.02291	0.00791	0.05148	0.04531	0.16124	0.24554	0.08799	0.06837	0.02894	0.00663	0.00182	0.02412	0.05147	0.00497	0.00643
4	0.01276	0.01377	0.02011	0.16139	0.02234	0.12525	0.23284	0.03106	0.01120	0.01456	0.00904	0.01287	0.00752	0.00754	0.03630	0.00212	0.26553	0.00498	0.00257	0.00628
5	0.00740	0.00548	0.00710	0.02025	0.00893	0.00505	0.00554	0.00865	0.01033	0.01395	0.02593	0.51381	0.04780	0.08901	0.00836	0.00230	0.00366	0.11492	0.00451	0.09703
6	0.01150	0.00950	0.01103	0.00814	0.01241	0.00776	0.00651	0.08855	0.01280	0.01929	0.09440	0.01428	0.01258	0.00492	0.00431	0.00096	0.00395	0.00400	0.00365	0.66948
7	0.01373	0.01067	0.01298	0.00962	0.01403	0.00946	0.04420	0.18795	0.01447	0.06639	0.01169	0.04385	0.00950	0.00517	0.00454	0.00112	0.00460	0.00427	0.00388	0.52786
8	0.06636	0.03598	0.02736	0.02515	0.01599	0.14897	0.00980	0.47488	0.05671	0.04348	0.01199	0.01238	0.00880	0.00610	0.00516	0.00156	0.01656	0.00443	0.02029	0.00804
9	0.01213	0.01160	0.02014	0.04222	0.60205	0.01154	0.07540	0.01513	0.01184	0.01672	0.01256	0.10218	0.01180	0.00625	0.00553	0.00168	0.00612	0.02449	0.00293	0.00769
10	0.00748	0.00540	0.00707	0.00665	0.00790	0.00499	0.00499	0.00998	0.01496	0.02120	0.77844	0.03949	0.04988	0.01081	0.00624	0.00166	0.00249	0.00956	0.00582	0.00499
11	0.01096	0.00940	0.01096	0.00783	0.01253	0.00705	0.00626	0.01331	0.01096	0.01723	0.00940	0.01096	0.00783	0.00392	0.00392	0.00078	0.00392	0.00313	0.00313	0.84653
12	0.00998	0.00940	0.01586	0.80150	0.03641	0.01175	0.01468	0.01351	0.01057	0.01351	0.00940	0.01409	0.00705	0.00529	0.00529	0.00176	0.00705	0.00470	0.00235	0.00587
13	0.00656	0.00472	0.00603	0.00701	0.00741	0.00440	0.00464	0.00742	0.01002	0.01321	0.02986	0.66003	0.09716	0.10411	0.00892	0.00244	0.00326	0.01389	0.00472	0.00419
14	0.01172	0.01202	0.01873	0.01530	0.01620	0.01572	0.13836	0.01343	0.00884	0.01343	0.00757	0.01202	0.00712	0.00844	0.01547	0.00222	0.67011	0.00490	0.00237	0.00601
15	0.01138	0.00538	0.00574	0.00542	0.00697	0.00524	0.00414	0.01380	0.01153	0.10395	0.01764	0.01952	0.01350	0.00620	0.00387	0.00128	0.00269	0.00497	0.75141	0.00538
16	0.00655	0.00489	0.00597	0.00668	0.00742	0.00445	0.00457	0.00764	0.01082	0.01405	0.09013	0.50256	0.22992	0.06885	0.00793	0.00222	0.00306	0.01312	0.00486	0.00432
17	0.00955	0.00652	0.00774	0.00718	0.00907	0.00624	0.00551	0.01298	0.10365	0.10198	0.26685	0.03747	0.28691	0.03268	0.06644	0.00234	0.00397	0.02210	0.00523	0.00559
18	0.01130	0.00935	0.01251	0.01103	0.01174	0.01188	0.00884	0.10058	0.01028	0.01505	0.01102	0.07465	0.01072	0.01400	0.10026	0.12928	0.39635	0.00556	0.05023	0.00536
19	0.01071	0.01022	0.01719	0.58864	0.16745	0.01226	0.02976	0.01400	0.01068	0.01419	0.00933	0.01373	0.00730	0.00547	0.00621	0.00177	0.06762	0.00473	0.00240	0.00634
20	0.01259	0.01192	0.01948	0.05470	0.64545	0.02506	0.01473	0.02791	0.01257	0.01777	0.09455	0.01596	0.01288	0.00544	0.00534	0.00158	0.00594	0.00522	0.00301	0.00789
21	0.00716	0.00541	0.00671	0.00757	0.00829	0.00528	0.00522	0.00966	0.09412	0.01451	0.03028	0.66196	0.09332	0.01527	0.00656	0.00208	0.00316	0.01372	0.00496	0.00476
22	0.08384	0.02516	0.06984	0.01022	0.01429	0.01168	0.00889	0.26184	0.08964	0.22133	0.02811	0.01498	0.01116	0.00612	0.00491	0.00154	0.00493	0.00475	0.05482	0.07196
23	0.01229	0.00972	0.01338	0.01082	0.01382	0.03610	0.13462	0.05538	0.14149	0.10183	0.23418	0.05120	0.06915	0.00800	0.00569	0.00164	0.00463	0.00720	0.01993	0.06893
24	0.01367	0.01457	0.01782	0.01459	0.01702	0.20190	0.19591	0.06010	0.02949	0.02652	0.02591	0.12888	0.01243	0.00797	0.00865	0.00185	0.20682	0.00638	0.00325	0.00626
25	0.01360	0.56872	0.02397	0.01202	0.09781	0.05626	0.00977	0.01546	0.01122	0.01368	0.06631	0.01163	0.01025	0.00542	0.00491	0.00132	0.06464	0.00371	0.00260	0.00672
26	0.00794	0.00554	0.00657	0.00646	0.00698	0.00542	0.00412	0.00847	0.00840	0.01144	0.01715	0.05955	0.01924	0.61190	0.07933	0.00475	0.00561	0.06015	0.00335	0.06763
27	0.07199	0.00567	0.00673	0.00697	0.00826	0.00528	0.00502	0.00966	0.01146	0.06151	0.14650	0.42104	0.17417	0.01330	0.00616	0.00190	0.00309	0.01167	0.00498	0.02463
28	0.01478	0.01337	0.01535	0.03181	0.01576	0.11553	0.07759	0.23834	0.03293	0.03356	0.01270	0.10224	0.01144	0.02572	0.00828	0.00181	0.16687	0.00581	0.00381	0.07230

[dist]
# distance from previous block
# <min> <max>
4	16

[block]
# block no. 12 follows, 46 sequences, length 39
# corresponding to MSA columns:
# 636-674
name=unknown_M
#
# <colnr> <probs for GDERKNQSTAVLIFYWHMCP>
#	G	D	E	R	K	N	Q	S	T	A	V	L	I	F	Y	W	H	M	C	P
0	0.09198	0.01969	0.44127	0.01371	0.01977	0.01111	0.11936	0.01628	0.01143	0.06872	0.01335	0.03009	0.05614	0.00572	0.00509	0.00164	0.00673	0.00485	0.00296	0.06013
1	0.01070	0.00957	0.06162	0.01047	0.07573	0.00726	0.02104	0.01308	0.01149	0.06466	0.06946	0.17545	0.03057	0.00743	0.00500	0.00133	0.00420	0.00650	0.00382	0.41062
2	0.04470	0.01202	0.01445	0.01711	0.24925	0.07586	0.01047	0.13453	0.17532	0.01998	0.01647	0.16042	0.01521	0.00793	0.00548	0.00173	0.00533	0.02225	0.00412	0.00737
3	0.01243	0.00986	0.01204	0.00884	0.01333	0.00807	0.03482	0.06597	0.03339	0.06852	0.01125	0.03206	0.00918	0.00468	0.00430	0.00099	0.00426	0.00388	0.00359	0.65854
4	0.07917	0.07420	0.12089	0.01401	0.01752	0.10703	0.14334	0.11718	0.01278	0.01771	0.01061	0.02831	0.02839	0.00657	0.00800	0.00177	0.19793	0.00480	0.00301	0.00677
5	0.00994	0.03525	0.00985	0.03228	0.08394	0.00711	0.00706	0.05995	0.01215	0.08009	0.05305	0.40479	0.10236	0.02884	0.00660	0.00199	0.00396	0.05054	0.00468	0.00557
6	0.00830	0.00555	0.00698	0.00669	0.00802	0.00506	0.00495	0.01024	0.01343	0.06831	0.46926	0.10812	0.15671	0.07801	0.00796	0.00203	0.00298	0.02705	0.00541	0.00496
7	0.01402	0.01119	0.01795	0.18255	0.43166	0.01161	0.01392	0.06543	0.01299	0.11794	0.01257	0.01682	0.01014	0.00579	0.00539	0.00167	0.00608	0.05111	0.00339	0.00777
8	0.25767	0.06014	0.26076	0.01133	0.04188	0.01172	0.02586	0.04174	0.05899	0.08509	0.01484	0.01537	0.08172	0.00605	0.00463	0.00164	0.00551	0.00459	0.00348	0.00701
