[name]
unknown

[dist]
# distance from previous block
# <min> <max>
5	205

[block]
# block no. 0 follows, 49 sequences, length 33
# corresponding to MSA columns:
# 231-263
name=unknown_A
#
# <colnr> <probs for GDERKNQSTAVLIFYWHMCP>
#	G	D	E	R	K	N	Q	S	T	A	V	L	I	F	Y	W	H	M	C	P
0	0.07061	0.09024	0.17272	0.06605	0.04008	0.01164	0.08240	0.12183	0.01261	0.06513	0.02954	0.03452	0.02401	0.00631	0.02473	0.00163	0.02111	0.00455	0.00325	0.11704
1	0.15151	0.12291	0.15994	0.05341	0.01460	0.06354	0.00946	0.05206	0.06069	0.07591	0.03573	0.01486	0.03317	0.06261	0.03166	0.00191	0.00568	0.00436	0.00329	0.04267
2	0.06602	0.18360	0.19735	0.06484	0.03151	0.03691	0.03283	0.08574	0.01243	0.08328	0.07308	0.03726	0.05010	0.00607	0.00465	0.00148	0.00555	0.00482	0.00335	0.01914
3	0.12359	0.25666	0.18208	0.00989	0.01447	0.06003	0.00995	0.06399	0.03164	0.07066	0.01071	0.01145	0.03219	0.00504	0.00407	0.00133	0.00549	0.00361	0.00303	0.10013
4	0.05918	0.12271	0.18195	0.02497	0.02795	0.03471	0.03241	0.13791	0.01304	0.08140	0.05675	0.03572	0.01099	0.03231	0.00569	0.00155	0.03341	0.00454	0.00344	0.09936
5	0.07833	0.23289	0.27244	0.04842	0.01694	0.02606	0.01192	0.10546	0.05778	0.06447	0.02369	0.01144	0.00826	0.00520	0.00451	0.00146	0.01673	0.00381	0.00306	0.00710
6	0.00846	0.00621	0.00769	0.00722	0.00752	0.00700	0.00491	0.04388	0.00823	0.01134	0.01388	0.02672	0.01520	0.54275	0.11636	0.04319	0.11623	0.00646	0.00296	0.00379
7	0.00760	0.00592	0.00854	0.00758	0.00918	0.00543	0.08721	0.00964	0.01228	0.01704	0.34270	0.11766	0.20865	0.01053	0.00612	0.02513	0.00320	0.00907	0.10180	0.00473
8	0.00696	0.00508	0.00654	0.00634	0.00748	0.00466	0.00469	0.00910	0.01361	0.01899	0.65107	0.12286	0.10147	0.01112	0.00602	0.00165	0.00246	0.00982	0.00541	0.00466
9	0.00727	0.00517	0.00652	0.00630	0.00755	0.00469	0.00468	0.00929	0.01334	0.03932	0.55921	0.12537	0.16992	0.01125	0.00600	0.00166	0.00253	0.00987	0.00534	0.00472
10	0.01741	0.02019	0.01370	0.01227	0.01504	0.55376	0.00934	0.07919	0.19811	0.01595	0.01119	0.01167	0.00880	0.00567	0.00474	0.00142	0.00763	0.00394	0.00340	0.00658
11	0.00735	0.00490	0.00552	0.00552	0.00552	0.00490	0.00306	0.00735	0.00735	0.00980	0.01593	0.03309	0.01838	0.82229	0.02574	0.00490	0.00490	0.00735	0.00306	0.00306
12	0.00724	0.00535	0.00780	0.00780	0.00858	0.00614	0.00591	0.00882	0.00803	0.01149	0.01385	0.02154	0.01337	0.13747	0.70370	0.00772	0.01245	0.00566	0.00275	0.00433
13	0.01080	0.01051	0.01687	0.33719	0.19106	0.01295	0.03523	0.01331	0.00963	0.01353	0.00831	0.01242	0.00701	0.00625	0.00914	0.00183	0.29100	0.00451	0.00230	0.00614
14	0.00708	0.00479	0.00560	0.00586	0.00593	0.00472	0.00344	0.00728	0.00788	0.01051	0.01865	0.21215	0.02182	0.63855	0.02134	0.00425	0.00445	0.00895	0.00344	0.00330
15	0.00867	0.00614	0.00766	0.00704	0.00860	0.00600	0.00535	0.01271	0.12193	0.05817	0.64296	0.03412	0.04147	0.00965	0.00581	0.00161	0.00271	0.00847	0.00554	0.00541
16	0.02707	0.10031	0.05790	0.03514	0.01199	0.07827	0.00727	0.09710	0.01165	0.05335	0.02753	0.05550	0.01311	0.21776	0.02299	0.00238	0.00534	0.02696	0.02011	0.12825
17	0.00612	0.00500	0.00540	0.00556	0.00698	0.00429	0.00407	0.00743	0.01147	0.01415	0.11572	0.17862	0.59144	0.01309	0.00606	0.00176	0.00261	0.01116	0.00478	0.00429
18	0.03771	0.08201	0.31961	0.03025	0.19062	0.01172	0.08402	0.01594	0.01109	0.06401	0.00971	0.01151	0.00736	0.00462	0.00469	0.00145	0.00635	0.00401	0.00264	0.10066
19	0.01395	0.65987	0.02407	0.04923	0.01442	0.12063	0.00913	0.01561	0.01073	0.01202	0.00722	0.00859	0.00651	0.00459	0.00385	0.00117	0.02695	0.00291	0.00223	0.00634
20	0.01147	0.00907	0.01063	0.00776	0.01212	0.00714	0.00621	0.01442	0.05739	0.07134	0.01046	0.01146	0.00832	0.00411	0.00392	0.00086	0.00380	0.00331	0.00335	0.74283
21	0.01177	0.01630	0.24861	0.12857	0.02146	0.05897	0.15962	0.06082	0.01142	0.03501	0.01021	0.04063	0.00836	0.00611	0.00720	0.00174	0.14600	0.01793	0.00269	0.00658
22	0.10022	0.03497	0.19798	0.03785	0.01552	0.00983	0.02369	0.01952	0.03226	0.37885	0.01483	0.04624	0.01053	0.00617	0.00545	0.00162	0.04783	0.00482	0.00435	0.00748
23	0.00985	0.02232	0.64109	0.01320	0.01950	0.01079	0.01630	0.01555	0.04688	0.01643	0.06467	0.03261	0.01161	0.00607	0.00507	0.00166	0.00670	0.04995	0.00272	0.00707
24	0.00706	0.00517	0.00666	0.00647	0.00766	0.00476	0.00489	0.00927	0.01368	0.01902	0.63962	0.07878	0.11082	0.01105	0.00605	0.00167	0.00257	0.05474	0.00539	0.00469
25	0.01704	0.05454	0.19714	0.05910	0.01664	0.01076	0.01083	0.14812	0.03846	0.34511	0.02884	0.02749	0.01083	0.00596	0.00496	0.00156	0.00540	0.00477	0.00457	0.00789
26	0.01246	0.01113	0.03103	0.25267	0.35752	0.01149	0.08677	0.03753	0.04223	0.07554	0.01072	0.01353	0.00825	0.00516	0.00540	0.01756	0.00623	0.00472	0.00289	0.00714
27	0.01118	0.01142	0.01749	0.01440	0.01511	0.01511	0.11731	0.01273	0.00833	0.01273	0.00714	0.01142	0.00678	0.00821	0.01511	0.00214	0.70076	0.00464	0.00226	0.00571
28	0.00840	0.00669	0.00982	0.20750	0.01542	0.00745	0.02186	0.01070	0.05031	0.04032	0.02045	0.46271	0.02246	0.02414	0.00703	0.00198	0.06373	0.01015	0.00392	0.00498
29	0.01730	0.03516	0.07658	0.03464	0.01597	0.02649	0.05863	0.27620	0.04068	0.25062	0.01396	0.02970	0.01001	0.00684	0.02077	0.00173	0.06752	0.00490	0.00455	0.00779
30	0.00747	0.00521	0.00617	0.00612	0.00619	0.00547	0.00372	0.00767	0.00753	0.01018	0.01589	0.06784	0.01817	0.69868	0.07028	0.00483	0.04475	0.00742	0.00308	0.00332
31	0.00643	0.00472	0.00606	0.00699	0.00763	0.00438	0.00497	0.00758	0.01029	0.01344	0.05089	0.56862	0.14965	0.02947	0.00678	0.00207	0.00312	0.10800	0.00468	0.00420
32	0.01332	0.01583	0.23598	0.03396	0.17793	0.01141	0.26827	0.01737	0.01190	0.14713	0.01138	0.01319	0.00819	0.00481	0.00529	0.00161	0.00698	0.00488	0.00305	0.00752

[dist]
# distance from previous block
# <min> <max>
1	3

[block]
# block no. 1 follows, 49 sequences, length 34
# corresponding to MSA columns:
# 267-300
name=unknown_B
#
# <colnr> <probs for GDERKNQSTAVLIFYWHMCP>
#	G	D	E	R	K	N	Q	S	T	A	V	L	I	F	Y	W	H	M	C	P
0	0.00832	0.00708	0.01104	0.31808	0.06795	0.00810	0.00941	0.01025	0.00970	0.01291	0.01689	0.32772	0.01815	0.02397	0.03768	0.03220	0.04783	0.02447	0.00329	0.00495
1	0.01388	0.62686	0.11044	0.00989	0.01433	0.12603	0.00992	0.01593	0.01087	0.01242	0.00737	0.00853	0.00648	0.00450	0.00360	0.00117	0.00615	0.00289	0.00222	0.00651
2	0.00622	0.00507	0.00541	0.00543	0.00688	0.00436	0.00397	0.00754	0.01151	0.01423	0.14256	0.09749	0.59722	0.06082	0.00718	0.00191	0.00270	0.01052	0.00471	0.00425
3	0.01068	0.01059	0.01533	0.38349	0.02348	0.04755	0.02588	0.01293	0.00926	0.01273	0.00805	0.01231	0.00683	0.00679	0.01025	0.00190	0.37249	0.00444	0.01944	0.00559
4	0.85801	0.00978	0.00743	0.00665	0.00978	0.01134	0.00548	0.01486	0.00861	0.02269	0.00704	0.00821	0.00548	0.00469	0.00313	0.00156	0.00391	0.00274	0.00313	0.00548
5	0.00955	0.00899	0.01517	0.81013	0.03483	0.01123	0.01404	0.01292	0.01011	0.01292	0.00899	0.01348	0.00674	0.00506	0.00506	0.00169	0.00674	0.00449	0.00225	0.00562
6	0.00610	0.00511	0.00531	0.00529	0.00692	0.00432	0.00396	0.00749	0.01178	0.01434	0.12763	0.06289	0.69633	0.01261	0.00598	0.00170	0.00255	0.01059	0.00479	0.00432
7	0.00722	0.00542	0.00813	0.00813	0.00903	0.00632	0.00632	0.00903	0.00813	0.01174	0.01354	0.01987	0.01264	0.03792	0.80225	0.00813	0.01354	0.00542	0.00271	0.00451
8	0.00645	0.00490	0.00598	0.00646	0.00746	0.00443	0.00471	0.00787	0.01133	0.01474	0.18085	0.35540	0.28372	0.01364	0.00625	0.00187	0.00285	0.07190	0.00486	0.00433
9	0.01898	0.02131	0.01457	0.01264	0.01565	0.58146	0.00973	0.23157	0.01698	0.01784	0.00903	0.00997	0.00710	0.00545	0.00470	0.00136	0.00812	0.00362	0.00329	0.00663
10	0.01111	0.02079	0.52003	0.01451	0.05534	0.01178	0.05388	0.05054	0.01109	0.03511	0.00947	0.01169	0.00717	0.02452	0.00650	0.00168	0.08738	0.00406	0.00249	0.06084
11	0.01174	0.01325	0.02834	0.02045	0.02513	0.01275	0.70537	0.01572	0.01161	0.01586	0.01043	0.03316	0.00824	0.00484	0.00665	0.00175	0.05937	0.00608	0.00259	0.00667
12	0.85801	0.00978	0.00743	0.00665	0.00978	0.01134	0.00548	0.01486	0.00861	0.02269	0.00704	0.00821	0.00548	0.00469	0.00313	0.00156	0.00391	0.00274	0.00313	0.00548
13	0.00598	0.00512	0.00512	0.00512	0.00683	0.00427	0.00384	0.00726	0.01153	0.01366	0.05123	0.04866	0.78869	0.01281	0.00598	0.00171	0.00256	0.01067	0.00470	0.00427
14	0.01889	0.02410	0.01433	0.01303	0.01563	0.80199	0.00977	0.02019	0.01433	0.01238	0.00782	0.00912	0.00651	0.00521	0.00456	0.00130	0.00912	0.00326	0.00261	0.00586
15	0.02169	0.00862	0.01145	0.00885	0.01259	0.00764	0.00729	0.05855	0.01466	0.70978	0.01937	0.01708	0.01236	0.00623	0.00499	0.00154	0.00424	0.00504	0.05969	0.00836
16	0.01194	0.01364	0.02984	0.02131	0.02643	0.01279	0.77238	0.01620	0.01194	0.01620	0.01023	0.01364	0.00767	0.00426	0.00597	0.00171	0.00853	0.00597	0.00256	0.00682
17	0.00840	0.00549	0.00773	0.00771	0.00874	0.00597	0.00594	0.01011	0.00903	0.06211	0.01621	0.07279	0.01554	0.08801	0.51941	0.00608	0.01006	0.05931	0.07669	0.00467
18	0.14507	0.01351	0.01401	0.01089	0.01480	0.01503	0.00899	0.66000	0.02150	0.03049	0.01138	0.01155	0.00813	0.00586	0.00477	0.00152	0.00532	0.00428	0.00477	0.00813
19	0.74727	0.01017	0.00834	0.00722	0.01046	0.01163	0.00595	0.08947	0.01029	0.05007	0.00798	0.00891	0.00602	0.00488	0.00339	0.00156	0.00409	0.00300	0.00343	0.00589
20	0.01075	0.00908	0.01110	0.06779	0.04123	0.00786	0.00712	0.06127	0.04718	0.01735	0.04228	0.06045	0.01106	0.00515	0.00429	0.00105	0.00407	0.00431	0.00336	0.58326
21	0.10645	0.01247	0.05952	0.08108	0.05543	0.04553	0.00971	0.26589	0.10617	0.03777	0.06016	0.04534	0.01205	0.00708	0.01874	0.00174	0.05875	0.00506	0.00402	0.00704
22	0.06308	0.01300	0.11835	0.09633	0.39511	0.01136	0.06178	0.01670	0.05017	0.09364	0.02538	0.01344	0.00907	0.00499	0.00497	0.00157	0.00596	0.00460	0.00303	0.00749
23	0.04534	0.63668	0.11577	0.00961	0.01393	0.01835	0.00990	0.01500	0.01006	0.01282	0.00724	0.00865	0.00645	0.00475	0.00446	0.00125	0.06808	0.00296	0.00220	0.00649
24	0.09426	0.00896	0.01148	0.00892	0.01274	0.00819	0.00736	0.05090	0.03217	0.68228	0.01857	0.01629	0.01184	0.00613	0.00492	0.00157	0.00431	0.00488	0.00592	0.00832
25	0.00807	0.00741	0.06396	0.07846	0.01176	0.00669	0.00734	0.01046	0.04622	0.03346	0.10452	0.37008	0.05534	0.04540	0.00750	0.00205	0.05201	0.08011	0.00423	0.00494
26	0.01992	0.02998	0.08891	0.00976	0.01383	0.00892	0.00871	0.05163	0.06780	0.58961	0.01821	0.02897	0.01206	0.00631	0.00525	0.00159	0.01969	0.00506	0.00553	0.00827
27	0.00722	0.00542	0.00813	0.00813	0.00903	0.00632	0.00632	0.00903	0.00813	0.01174	0.01354	0.01987	0.01264	0.03792	0.80225	0.00813	0.01354	0.00542	0.00271	0.00451
28	0.01282	0.00659	0.00896	0.05508	0.01103	0.00608	0.00622	0.01498	0.01375	0.29677	0.40902	0.05584	0.04402	0.02844	0.00609	0.00168	0.00341	0.00757	0.00551	0.00612
29	0.01213	0.15148	0.33472	0.05768	0.12911	0.09693	0.09037	0.01597	0.01111	0.01476	0.00870	0.01081	0.00681	0.00483	0.00509	0.00151	0.03482	0.00391	0.00229	0.00699
30	0.00878	0.00439	0.00659	0.00659	0.00659	0.00439	0.00439	0.00659	0.00659	0.00878	0.00878	0.01537	0.00878	0.01757	0.01976	0.85288	0.00439	0.00439	0.00220	0.00220
31	0.00641	0.00473	0.00600	0.00655	0.00732	0.00432	0.00458	0.00777	0.01127	0.01509	0.24401	0.47898	0.15673	0.01382	0.00624	0.00187	0.00272	0.01233	0.00494	0.00432
32	0.01169	0.01297	0.12328	0.25854	0.38637	0.01161	0.06019	0.01522	0.01113	0.04673	0.00976	0.01281	0.00758	0.00477	0.00505	0.00158	0.00650	0.00451	0.00253	0.00718
33	0.05549	0.04576	0.35267	0.02921	0.10078	0.01195	0.12754	0.07088	0.02868	0.11306	0.01092	0.01223	0.00782	0.00499	0.00493	0.00158	0.00662	0.00434	0.00307	0.00750

[dist]
# distance from previous block
# <min> <max>
0	1

[block]
# block no. 2 follows, 49 sequences, length 14
# corresponding to MSA columns:
# 302-315
name=unknown_C
#
# <colnr> <probs for GDERKNQSTAVLIFYWHMCP>
#	G	D	E	R	K	N	Q	S	T	A	V	L	I	F	Y	W	H	M	C	P
0	0.01301	0.57461	0.02585	0.06461	0.01712	0.03609	0.15817	0.01525	0.01062	0.01282	0.00779	0.00964	0.00674	0.00449	0.00425	0.00128	0.02543	0.00351	0.00226	0.00646
1	0.01224	0.10674	0.15904	0.01046	0.02338	0.02773	0.02292	0.09064	0.01180	0.05202	0.01080	0.02815	0.01844	0.00588	0.01504	0.00141	0.09559	0.00405	0.05889	0.24477
2	0.11724	0.01048	0.06582	0.55889	0.04287	0.03711	0.01252	0.01326	0.01010	0.01442	0.01000	0.06733	0.00839	0.00572	0.00487	0.00167	0.00624	0.00485	0.00253	0.00567
3	0.00735	0.00490	0.00552	0.00552	0.00552	0.00490	0.00306	0.00735	0.00735	0.00980	0.01593	0.03309	0.01838	0.82229	0.02574	0.00490	0.00490	0.00735	0.00306	0.00306
4	0.01641	0.01400	0.06963	0.02631	0.06876	0.03492	0.09905	0.40833	0.06915	0.07802	0.01263	0.02477	0.00932	0.00590	0.00542	0.00158	0.02568	0.00488	0.01733	0.00792
5	0.29351	0.47289	0.03721	0.00813	0.01214	0.01613	0.00772	0.03315	0.01007	0.01630	0.00731	0.00843	0.00626	0.00447	0.00331	0.00125	0.00488	0.00280	0.00260	0.05147
6	0.00703	0.00538	0.00655	0.00692	0.00812	0.00506	0.00527	0.00933	0.05282	0.01556	0.19728	0.24110	0.25806	0.01294	0.00624	0.00188	0.00308	0.14787	0.00490	0.00461
7	0.00817	0.00648	0.00909	0.20019	0.01480	0.00688	0.00739	0.06013	0.01064	0.01425	0.02019	0.46575	0.02246	0.03146	0.04883	0.00225	0.00468	0.01007	0.00389	0.05239
8	0.00682	0.00520	0.00653	0.00633	0.00762	0.00492	0.00479	0.00876	0.01227	0.01662	0.41550	0.03755	0.26350	0.01646	0.16140	0.00290	0.00462	0.00888	0.00475	0.00457
9	0.01331	0.01346	0.02548	0.01958	0.07577	0.01324	0.53860	0.15206	0.06039	0.01932	0.01115	0.01361	0.00833	0.00476	0.00569	0.00166	0.00755	0.00560	0.00316	0.00729
10	0.00735	0.00581	0.00675	0.00686	0.00826	0.00560	0.00516	0.01063	0.11462	0.01613	0.20672	0.20103	0.29606	0.01218	0.00605	0.00181	0.00298	0.07618	0.00495	0.00488
11	0.01561	0.01072	0.01228	0.00998	0.01285	0.01174	0.00803	0.47148	0.01782	0.06765	0.01255	0.01445	0.00971	0.01326	0.15022	0.11089	0.00667	0.00472	0.03245	0.00692
12	0.01120	0.00914	0.01103	0.05281	0.01343	0.00743	0.00671	0.03212	0.01091	0.05093	0.00950	0.01100	0.00768	0.00410	0.00419	0.00089	0.02152	0.00324	0.00313	0.72904
13	0.02026	0.00988	0.01228	0.00964	0.01341	0.00952	0.00795	0.19058	0.06730	0.51691	0.01827	0.01781	0.01245	0.00654	0.00513	0.00158	0.00456	0.03895	0.00576	0.03123

[dist]
# distance from previous block
# <min> <max>
0	1

[block]
# block no. 3 follows, 49 sequences, length 15
# corresponding to MSA columns:
# 317-331
name=unknown_D
#
# <colnr> <probs for GDERKNQSTAVLIFYWHMCP>
#	G	D	E	R	K	N	Q	S	T	A	V	L	I	F	Y	W	H	M	C	P
0	0.03480	0.22152	0.08771	0.02191	0.01465	0.24673	0.00951	0.10223	0.03630	0.01593	0.01012	0.01122	0.02832	0.00526	0.00454	0.00130	0.02754	0.00364	0.02851	0.08824
1	0.57398	0.07354	0.08955	0.05369	0.01300	0.01164	0.00774	0.01589	0.00963	0.09946	0.00868	0.00968	0.00644	0.00486	0.00362	0.00154	0.00459	0.00318	0.00322	0.00608
2	0.01113	0.01127	0.01664	0.01392	0.01433	0.01527	0.07210	0.01249	0.00808	0.01249	0.00693	0.01127	0.00672	0.00848	0.01574	0.00217	0.74854	0.00455	0.00224	0.00563
3	0.07417	0.00875	0.01122	0.00882	0.01244	0.00805	0.00723	0.05024	0.05257	0.62445	0.07302	0.01799	0.01455	0.00647	0.00502	0.00157	0.00417	0.00523	0.00591	0.00811
4	0.00815	0.00622	0.00765	0.00718	0.00718	0.00717	0.00478	0.00839	0.00744	0.01031	0.01394	0.02837	0.01587	0.64792	0.02378	0.00433	0.17813	0.00673	0.00288	0.00359
5	0.01049	0.00899	0.01049	0.00749	0.01198	0.00674	0.00599	0.01273	0.01049	0.01648	0.00899	0.01049	0.00749	0.00374	0.00374	0.00075	0.00374	0.00300	0.00300	0.85320
6	0.01147	0.01045	0.01759	0.40136	0.36394	0.01150	0.03029	0.01494	0.03169	0.04381	0.00996	0.01335	0.00776	0.00489	0.00506	0.00160	0.00629	0.00458	0.00259	0.00686
7	0.00624	0.00446	0.00596	0.00714	0.00746	0.00418	0.00484	0.00718	0.00976	0.01300	0.02783	0.78732	0.03326	0.01576	0.00648	0.00207	0.00301	0.04522	0.00469	0.00413
8	0.01321	0.01132	0.01849	0.17168	0.53965	0.01174	0.01422	0.06408	0.01227	0.07918	0.01042	0.01305	0.00817	0.00485	0.00502	0.00154	0.00598	0.00455	0.00292	0.00765
9	0.00622	0.00445	0.00592	0.00700	0.00735	0.00415	0.00470	0.00720	0.00997	0.01337	0.07551	0.77003	0.03434	0.01550	0.00642	0.00202	0.00290	0.01405	0.00475	0.00415
10	0.01045	0.01023	0.01830	0.55106	0.17297	0.01161	0.12529	0.01388	0.01064	0.01406	0.00927	0.01333	0.00711	0.00484	0.00518	0.00165	0.00687	0.00471	0.00234	0.00623
11	0.00857	0.00858	0.06410	0.00881	0.01016	0.07342	0.00721	0.01034	0.00870	0.01184	0.01282	0.01983	0.01226	0.14081	0.54186	0.00643	0.04154	0.00535	0.00269	0.00467
12	0.01229	0.01178	0.02012	0.09053	0.73302	0.01196	0.01541	0.01532	0.01141	0.01625	0.00947	0.01259	0.00791	0.00455	0.00501	0.00152	0.00606	0.00450	0.00248	0.00783
13	0.01079	0.00929	0.01123	0.00805	0.01255	0.00720	0.03010	0.03583	0.01093	0.01693	0.00912	0.01063	0.00753	0.00383	0.00385	0.00080	0.00395	0.00314	0.00304	0.80119
14	0.01797	0.03618	0.01541	0.01197	0.01557	0.16688	0.05774	0.45874	0.01930	0.07912	0.01258	0.06247	0.00991	0.00637	0.00506	0.00151	0.00618	0.00500	0.00441	0.00762

[dist]
# distance from previous block
# <min> <max>
0	10

[block]
# block no. 4 follows, 49 sequences, length 32
# corresponding to MSA columns:
# 346-354,356-378
name=unknown_E
#
# <colnr> <probs for GDERKNQSTAVLIFYWHMCP>
#	G	D	E	R	K	N	Q	S	T	A	V	L	I	F	Y	W	H	M	C	P
0	0.01263	0.01309	0.02607	0.01897	0.02362	0.01263	0.60699	0.12381	0.01354	0.01829	0.01176	0.04050	0.00952	0.00530	0.00590	0.00172	0.00776	0.03793	0.00307	0.00690
1	0.00671	0.00496	0.00697	0.00746	0.00809	0.00474	0.02890	0.00798	0.01025	0.01389	0.13466	0.54688	0.03219	0.06853	0.05867	0.00256	0.00391	0.04387	0.00452	0.00427
2	0.03530	0.04664	0.53278	0.04753	0.05985	0.01110	0.01543	0.01686	0.01117	0.12714	0.01082	0.01200	0.00761	0.00503	0.00472	0.00156	0.00655	0.00398	0.03655	0.00739
3	0.80106	0.01088	0.06040	0.00717	0.01059	0.01137	0.00636	0.01494	0.00874	0.02224	0.00718	0.00838	0.00554	0.00470	0.00324	0.00157	0.00415	0.00281	0.00306	0.00561
4	0.76674	0.07464	0.00917	0.02962	0.01074	0.01203	0.00597	0.01483	0.00878	0.02155	0.00710	0.00836	0.00559	0.00468	0.00319	0.00153	0.00411	0.00279	0.00303	0.00556
5	0.00894	0.00703	0.00775	0.00732	0.00924	0.00703	0.00576	0.09462	0.12425	0.01757	0.11090	0.03926	0.35967	0.04316	0.00664	0.00188	0.00347	0.11778	0.02238	0.00535
6	0.01663	0.08413	0.04847	0.04501	0.01572	0.04350	0.03148	0.42679	0.05881	0.08815	0.01329	0.05674	0.01031	0.00632	0.00493	0.00152	0.00548	0.00499	0.03004	0.00769
7	0.08831	0.02157	0.01546	0.01323	0.03795	0.01453	0.04277	0.04371	0.00914	0.05546	0.00784	0.01129	0.00701	0.00784	0.01333	0.00203	0.59555	0.00436	0.00264	0.00596
8	0.00707	0.00467	0.00619	0.00707	0.00762	0.00431	0.00482	0.00807	0.01017	0.05444	0.05827	0.72548	0.05268	0.01504	0.00635	0.00200	0.00297	0.01358	0.00481	0.00438
9	0.01141	0.00918	0.01073	0.00773	0.01217	0.00713	0.00620	0.04354	0.01120	0.05397	0.00963	0.01087	0.00777	0.00396	0.00386	0.00082	0.00384	0.00316	0.00323	0.77959
10	0.00631	0.00455	0.00597	0.00686	0.00735	0.00422	0.00467	0.00743	0.01047	0.01407	0.14505	0.66682	0.06776	0.01487	0.00636	0.00197	0.00283	0.01342	0.00483	0.00422
11	0.00844	0.00671	0.00800	0.00812	0.00929	0.00718	0.00589	0.01356	0.24387	0.01628	0.12470	0.42687	0.02857	0.03116	0.00681	0.00196	0.03182	0.01055	0.00482	0.00540
12	0.01368	0.68849	0.09251	0.00952	0.01398	0.08490	0.00962	0.01564	0.01065	0.01230	0.00727	0.00842	0.00648	0.00444	0.00349	0.00115	0.00590	0.00284	0.00220	0.00652
13	0.01145	0.00926	0.01137	0.03849	0.01337	0.00759	0.02751	0.04331	0.03607	0.05804	0.01050	0.02856	0.00858	0.00439	0.00408	0.00094	0.00408	0.00363	0.00331	0.67546
14	0.01633	0.01292	0.04361	0.01130	0.01494	0.05203	0.04926	0.36653	0.09039	0.11440	0.01490	0.04412	0.03311	0.00662	0.00559	0.00156	0.03967	0.01620	0.00456	0.06195
15	0.01314	0.00712	0.01011	0.01063	0.06658	0.00672	0.00828	0.01536	0.01256	0.27007	0.03857	0.06041	0.02267	0.01075	0.00619	0.00200	0.00455	0.42307	0.00505	0.00617
16	0.00955	0.00899	0.01517	0.81013	0.03483	0.01123	0.01404	0.01292	0.01011	0.01292	0.00899	0.01348	0.00674	0.00506	0.00506	0.00169	0.00674	0.00449	0.00225	0.00562
17	0.02269	0.00861	0.01174	0.00900	0.01291	0.00743	0.00743	0.02464	0.01447	0.79425	0.01995	0.01721	0.01252	0.00626	0.00509	0.00156	0.00430	0.00509	0.00626	0.00861
18	0.01156	0.00950	0.02065	0.01238	0.13483	0.00995	0.00835	0.04195	0.35716	0.06310	0.10761	0.04640	0.11086	0.00853	0.02269	0.00181	0.00426	0.01672	0.00467	0.00701
19	0.01111	0.00886	0.01045	0.00757	0.01193	0.00672	0.00605	0.01331	0.01071	0.06292	0.01009	0.03005	0.00841	0.00418	0.00389	0.00083	0.00376	0.00339	0.00323	0.78256
20	0.00615	0.00443	0.00584	0.00697	0.00732	0.00411	0.00466	0.00705	0.00975	0.01294	0.02871	0.79116	0.06073	0.01573	0.00644	0.00204	0.00292	0.01424	0.00469	0.00411
21	0.01521	0.09475	0.12292	0.01138	0.04215	0.01271	0.00995	0.14857	0.29501	0.15811	0.01553	0.01488	0.01124	0.00595	0.00486	0.00155	0.00501	0.00475	0.00448	0.02102
22	0.01049	0.00899	0.01049	0.00749	0.01198	0.00674	0.00599	0.01273	0.01049	0.01648	0.00899	0.01049	0.00749	0.00374	0.00374	0.00075	0.00374	0.00300	0.00300	0.85320
23	0.01727	0.05100	0.01482	0.01223	0.07453	0.01375	0.00928	0.51979	0.04684	0.08944	0.01436	0.05639	0.02710	0.02289	0.00548	0.00161	0.00522	0.00525	0.00476	0.00799
24	0.05147	0.03936	0.55737	0.01572	0.08442	0.01181	0.09504	0.01637	0.01097	0.05736	0.00966	0.01131	0.00695	0.00478	0.00484	0.00159	0.00708	0.00403	0.00247	0.00739
25	0.00878	0.00439	0.00659	0.00659	0.00659	0.00439	0.00439	0.00659	0.00659	0.00878	0.00878	0.01537	0.00878	0.01757	0.01976	0.85288	0.00439	0.00439	0.00220	0.00220
26	0.01069	0.01015	0.01678	0.48220	0.27186	0.01183	0.01412	0.01409	0.03272	0.01424	0.00932	0.01316	0.00739	0.00521	0.00589	0.00167	0.06532	0.00453	0.00241	0.00644
27	0.02462	0.04147	0.34520	0.09484	0.26315	0.04994	0.01562	0.07630	0.01206	0.01695	0.00930	0.01145	0.00711	0.00484	0.00483	0.00154	0.00676	0.00405	0.00253	0.00742
28	0.01043	0.00979	0.01529	0.43316	0.22801	0.04033	0.01322	0.01344	0.01091	0.01424	0.01225	0.02082	0.01105	0.00650	0.00537	0.00174	0.00627	0.13835	0.00276	0.00608
29	0.00623	0.00449	0.00592	0.00699	0.00739	0.00418	0.00474	0.00721	0.00996	0.01323	0.05334	0.74307	0.06593	0.01549	0.00643	0.00203	0.00294	0.03155	0.00472	0.00415
30	0.04175	0.08953	0.38799	0.05155	0.06600	0.01136	0.07738	0.01601	0.01127	0.10647	0.03732	0.03150	0.03877	0.00560	0.00488	0.00157	0.00631	0.00470	0.00298	0.00706
31	0.02963	0.06051	0.01656	0.07340	0.10441	0.04959	0.11452	0.04975	0.05172	0.37557	0.01477	0.01471	0.01014	0.00553	0.00503	0.00155	0.00559	0.00484	0.00445	0.00773

[dist]
# distance from previous block
# <min> <max>
0	26

[block]
# block no. 5 follows, 49 sequences, length 9
# corresponding to MSA columns:
# 405-413
name=unknown_F
#
# <colnr> <probs for GDERKNQSTAVLIFYWHMCP>
#	G	D	E	R	K	N	Q	S	T	A	V	L	I	F	Y	W	H	M	C	P
0	0.01277	0.05589	0.01623	0.28583	0.14021	0.01240	0.04519	0.12268	0.15065	0.04794	0.01195	0.01381	0.00904	0.00534	0.00494	0.00155	0.00573	0.00464	0.00340	0.04982
1	0.04540	0.15577	0.03842	0.07726	0.20701	0.15339	0.04200	0.11920	0.04036	0.06019	0.00999	0.01150	0.00783	0.00504	0.00461	0.00143	0.00635	0.00403	0.00310	0.00714
2	0.00906	0.00594	0.00763	0.00708	0.00857	0.00576	0.02314	0.02844	0.01062	0.05015	0.10219	0.12727	0.01983	0.10655	0.14891	0.00303	0.00524	0.03409	0.20771	0.08878
3	0.00623	0.00496	0.00560	0.00581	0.00708	0.00432	0.00421	0.00762	0.01159	0.01468	0.17882	0.23160	0.47345	0.01309	0.00609	0.00177	0.00262	0.01128	0.00485	0.00432
4	0.00628	0.00457	0.00592	0.00678	0.00732	0.00421	0.00463	0.00740	0.01048	0.01399	0.13420	0.64364	0.10227	0.01482	0.00634	0.00196	0.00283	0.01333	0.00481	0.00421
5	0.00616	0.00440	0.00587	0.00704	0.00733	0.00411	0.00469	0.00704	0.00968	0.01291	0.02787	0.81899	0.03344	0.01584	0.00645	0.00205	0.00293	0.01438	0.00469	0.00411
6	0.01352	0.82533	0.02650	0.00865	0.01298	0.02001	0.00865	0.01514	0.01027	0.01190	0.00703	0.00811	0.00649	0.00433	0.00324	0.00108	0.00541	0.00270	0.00216	0.00649
7	0.00701	0.00510	0.00660	0.00636	0.00750	0.00469	0.00472	0.00921	0.01376	0.01929	0.68387	0.10748	0.08356	0.01095	0.00601	0.00164	0.00244	0.00968	0.00545	0.00469
8	0.00955	0.00899	0.01517	0.81013	0.03483	0.01123	0.01404	0.01292	0.01011	0.01292	0.00899	0.01348	0.00674	0.00506	0.00506	0.00169	0.00674	0.00449	0.00225	0.00562

[dist]
# distance from previous block
# <min> <max>
0	20

[block]
# block no. 6 follows, 49 sequences, length 29
# corresponding to MSA columns:
# 434-462
name=unknown_G
#
# <colnr> <probs for GDERKNQSTAVLIFYWHMCP>
#	G	D	E	R	K	N	Q	S	T	A	V	L	I	F	Y	W	H	M	C	P
0	0.01907	0.02335	0.01420	0.01283	0.01550	0.76345	0.00966	0.02041	0.01434	0.05030	0.00840	0.00951	0.00680	0.00526	0.00459	0.00132	0.00889	0.00335	0.00278	0.00600
1	0.62376	0.16538	0.01174	0.03035	0.01145	0.01325	0.00657	0.05925	0.00985	0.02089	0.00739	0.00858	0.00589	0.00471	0.00332	0.00147	0.00437	0.00289	0.00303	0.00586
2	0.00722	0.00542	0.00813	0.00813	0.00903	0.00632	0.00632	0.00903	0.00813	0.01174	0.01354	0.01987	0.01264	0.03792	0.80225	0.00813	0.01354	0.00542	0.00271	0.00451
3	0.01014	0.02616	0.79609	0.01441	0.02189	0.01174	0.01868	0.01601	0.01068	0.01601	0.00907	0.01068	0.00641	0.00480	0.00480	0.00160	0.00747	0.00374	0.00214	0.00747
4	0.00878	0.00439	0.00659	0.00659	0.00659	0.00439	0.00439	0.00659	0.00659	0.00878	0.00878	0.01537	0.00878	0.01757	0.01976	0.85288	0.00439	0.00439	0.00220	0.00220
5	0.01352	0.82533	0.02650	0.00865	0.01298	0.02001	0.00865	0.01514	0.01027	0.01190	0.00703	0.00811	0.00649	0.00433	0.00324	0.00108	0.00541	0.00270	0.00216	0.00649
6	0.00927	0.00572	0.00694	0.00631	0.00816	0.00501	0.00484	0.01114	0.01323	0.14619	0.36773	0.03869	0.33628	0.01064	0.00582	0.00163	0.00277	0.00908	0.00534	0.00521
7	0.85801	0.00978	0.00743	0.00665	0.00978	0.01134	0.00548	0.01486	0.00861	0.02269	0.00704	0.00821	0.00548	0.00469	0.00313	0.00156	0.00391	0.00274	0.00313	0.00548
8	0.01106	0.01106	0.01549	0.01328	0.01328	0.01549	0.01106	0.01217	0.00774	0.01217	0.00664	0.01106	0.00664	0.00885	0.01659	0.00221	0.81303	0.00443	0.00221	0.00553
9	0.00735	0.00490	0.00552	0.00552	0.00552	0.00490	0.00306	0.00735	0.00735	0.00980	0.01593	0.03309	0.01838	0.82229	0.02574	0.00490	0.00490	0.00735	0.00306	0.00306
10	0.01102	0.01434	0.17022	0.17416	0.08695	0.02764	0.23409	0.03558	0.01107	0.01521	0.01133	0.01432	0.04513	0.00623	0.02200	0.00184	0.10475	0.00506	0.00255	0.00651
11	0.78436	0.00959	0.00805	0.00708	0.01009	0.01099	0.02821	0.01443	0.00859	0.02170	0.00724	0.00878	0.00573	0.00542	0.00416	0.05019	0.00408	0.00293	0.00306	0.00533
12	0.02208	0.00874	0.01172	0.00907	0.01292	0.00774	0.00747	0.02478	0.06023	0.74813	0.01999	0.01731	0.01269	0.00629	0.00509	0.00157	0.00428	0.00512	0.00619	0.00857
13	0.01136	0.01518	0.18524	0.14724	0.04829	0.01216	0.41857	0.01560	0.01127	0.03165	0.00984	0.01291	0.00733	0.00468	0.00582	0.00167	0.03235	0.00511	0.00249	0.02123
14	0.00962	0.00913	0.01560	0.78664	0.03458	0.01128	0.03663	0.01302	0.01017	0.01302	0.00902	0.01349	0.00677	0.00503	0.00508	0.00169	0.00679	0.00454	0.00226	0.00565
15	0.01049	0.00899	0.01049	0.00749	0.01198	0.00674	0.00599	0.01273	0.01049	0.01648	0.00899	0.01049	0.00749	0.00374	0.00374	0.00075	0.00374	0.00300	0.00300	0.85320
16	0.01395	0.23992	0.13547	0.05635	0.01564	0.21633	0.01021	0.05324	0.02857	0.05409	0.07219	0.05973	0.01195	0.00606	0.00455	0.00141	0.00629	0.00457	0.00311	0.00639
17	0.00830	0.00960	0.13991	0.00908	0.01171	0.00695	0.06830	0.01199	0.05074	0.01929	0.55960	0.03044	0.03610	0.00877	0.00573	0.00161	0.00380	0.00783	0.00474	0.00554
18	0.01300	0.62220	0.19211	0.01006	0.01500	0.04815	0.01086	0.01552	0.01052	0.01280	0.00750	0.00870	0.00647	0.00446	0.00363	0.00120	0.00600	0.00295	0.00217	0.00668
19	0.01067	0.00850	0.09764	0.00680	0.00912	0.00700	0.00613	0.11610	0.01246	0.02004	0.01680	0.01850	0.05077	0.00614	0.00401	0.00130	0.00340	0.00488	0.59420	0.00554
20	0.00735	0.00490	0.00552	0.00552	0.00552	0.00490	0.00306	0.00735	0.00735	0.00980	0.01593	0.03309	0.01838	0.82229	0.02574	0.00490	0.00490	0.00735	0.00306	0.00306
21	0.01090	0.00999	0.01522	0.68371	0.07188	0.05625	0.01354	0.01406	0.01065	0.05252	0.00950	0.01337	0.00709	0.00510	0.00503	0.00165	0.00672	0.00445	0.00248	0.00591
22	0.01615	0.01774	0.22269	0.02487	0.01725	0.09686	0.01193	0.39444	0.04108	0.05718	0.01133	0.01202	0.00819	0.00638	0.02175	0.00168	0.02247	0.00427	0.00393	0.00780
23	0.01258	0.01086	0.01143	0.01029	0.01315	0.01258	0.00800	0.02687	0.78161	0.02115	0.02058	0.01887	0.01544	0.00686	0.00515	0.00172	0.00400	0.00572	0.00515	0.00800
24	0.01592	0.01245	0.05169	0.01032	0.01421	0.01219	0.00874	0.46590	0.03363	0.06707	0.07437	0.04511	0.01271	0.00636	0.00496	0.00143	0.00491	0.00505	0.00466	0.14833
25	0.00785	0.00622	0.04001	0.00639	0.00714	0.00570	0.00444	0.00945	0.05387	0.01262	0.11412	0.03046	0.02085	0.55274	0.06343	0.00415	0.00500	0.00709	0.04454	0.00392
26	0.74190	0.00980	0.00800	0.00708	0.01023	0.01121	0.00579	0.01639	0.07044	0.06769	0.00887	0.00959	0.00668	0.00496	0.00340	0.00158	0.00394	0.00311	0.00347	0.00586
27	0.00907	0.00939	0.09398	0.00961	0.01154	0.06936	0.07381	0.01089	0.01070	0.05921	0.02304	0.52430	0.05044	0.01213	0.00599	0.00187	0.00447	0.01094	0.00416	0.00511
28	0.10792	0.01257	0.03125	0.01039	0.01411	0.01332	0.00864	0.48576	0.08581	0.08264	0.04605	0.01409	0.01092	0.02218	0.00526	0.00159	0.00500	0.00468	0.00480	0.03301

[dist]
# distance from previous block
# <min> <max>
2	8

[block]
# block no. 7 follows, 49 sequences, length 11
# corresponding to MSA columns:
# 471-481
name=unknown_H
#
# <colnr> <probs for GDERKNQSTAVLIFYWHMCP>
#	G	D	E	R	K	N	Q	S	T	A	V	L	I	F	Y	W	H	M	C	P
0	0.05264	0.09264	0.02678	0.03052	0.01249	0.00922	0.00736	0.09941	0.01364	0.27754	0.12060	0.08419	0.01725	0.00717	0.00493	0.00148	0.00423	0.02650	0.00473	0.10667
1	0.01580	0.03401	0.01387	0.01042	0.01411	0.01236	0.03663	0.45165	0.03474	0.06084	0.03848	0.06080	0.01171	0.03359	0.00563	0.00154	0.00499	0.00516	0.00453	0.14915
2	0.07825	0.64410	0.02289	0.00874	0.01242	0.01802	0.00836	0.01453	0.01019	0.01328	0.05569	0.01021	0.00899	0.00510	0.00450	0.00124	0.07157	0.00325	0.00245	0.00623
3	0.01008	0.00880	0.01126	0.00858	0.01219	0.00753	0.03876	0.01220	0.01008	0.01551	0.01029	0.05666	0.00932	0.00777	0.07288	0.00161	0.07134	0.00408	0.00298	0.62810
4	0.00616	0.00440	0.00587	0.00704	0.00733	0.00411	0.00469	0.00704	0.00968	0.01291	0.02787	0.81899	0.03344	0.01584	0.00645	0.00205	0.00293	0.01438	0.00469	0.00411
5	0.01735	0.01174	0.08809	0.01050	0.01416	0.06508	0.05618	0.08099	0.02705	0.40119	0.03310	0.05160	0.05138	0.03409	0.00626	0.00172	0.03160	0.00565	0.00486	0.00741
6	0.40395	0.08944	0.06130	0.02390	0.01342	0.17756	0.04022	0.04316	0.01102	0.05443	0.00857	0.01024	0.00682	0.03162	0.00460	0.00158	0.00572	0.00340	0.00304	0.00601
7	0.00791	0.00534	0.00680	0.00639	0.00778	0.00484	0.00481	0.01005	0.01373	0.06672	0.60528	0.07502	0.14485	0.01068	0.00593	0.00163	0.00255	0.00935	0.00545	0.00491
8	0.01385	0.77650	0.02576	0.00892	0.01314	0.06766	0.00872	0.01545	0.01052	0.01193	0.00708	0.00817	0.00649	0.00438	0.00332	0.00110	0.00563	0.00274	0.00219	0.00645
9	0.01208	0.01146	0.01898	0.07854	0.64878	0.01133	0.01428	0.01502	0.01130	0.01628	0.00942	0.01234	0.00787	0.00445	0.00486	0.00142	0.00578	0.00432	0.00255	0.10894
10	0.03256	0.13171	0.45645	0.01355	0.04130	0.03547	0.06000	0.05071	0.01180	0.10573	0.01018	0.01127	0.00732	0.00493	0.00466	0.00152	0.00673	0.00390	0.00282	0.00740

[dist]
# distance from previous block
# <min> <max>
0	1

[block]
# block no. 8 follows, 49 sequences, length 42
# corresponding to MSA columns:
# 483-524
name=unknown_I
#
# <colnr> <probs for GDERKNQSTAVLIFYWHMCP>
#	G	D	E	R	K	N	Q	S	T	A	V	L	I	F	Y	W	H	M	C	P
0	0.01339	0.01044	0.01211	0.01198	0.08890	0.01156	0.00851	0.02462	0.58349	0.10436	0.05918	0.01904	0.01607	0.00675	0.00517	0.00167	0.00415	0.00571	0.00503	0.00790
1	0.01323	0.48767	0.09499	0.00949	0.01394	0.11046	0.00920	0.01534	0.01084	0.01327	0.00772	0.00896	0.00669	0.00436	0.00365	0.00109	0.00571	0.00293	0.00238	0.17806
2	0.00621	0.00513	0.00545	0.00537	0.00698	0.00437	0.00403	0.00772	0.01209	0.01499	0.19951	0.04647	0.63958	0.01231	0.00597	0.00168	0.00253	0.01036	0.00487	0.00437
3	0.00665	0.00474	0.00638	0.00751	0.00800	0.00452	0.00543	0.00783	0.01006	0.01332	0.02727	0.62179	0.03201	0.03927	0.00715	0.00220	0.00339	0.18364	0.00464	0.00420
4	0.00815	0.00582	0.00815	0.00931	0.01048	0.00582	0.00815	0.01048	0.01164	0.01513	0.02677	0.05704	0.02910	0.01397	0.00698	0.00233	0.00466	0.75671	0.00466	0.00466
5	0.00722	0.00542	0.00813	0.00813	0.00903	0.00632	0.00632	0.00903	0.00813	0.01174	0.01354	0.01987	0.01264	0.03792	0.80225	0.00813	0.01354	0.00542	0.00271	0.00451
6	0.00943	0.00471	0.00471	0.00471	0.00589	0.00471	0.00353	0.01178	0.01060	0.01885	0.01650	0.01885	0.01296	0.00589	0.00353	0.00118	0.00236	0.00471	0.85036	0.00471
7	0.01258	0.01086	0.01143	0.01029	0.01315	0.01258	0.00800	0.02687	0.78161	0.02115	0.02058	0.01887	0.01544	0.00686	0.00515	0.00172	0.00400	0.00572	0.00515	0.00800
8	0.85801	0.00978	0.00743	0.00665	0.00978	0.01134	0.00548	0.01486	0.00861	0.02269	0.00704	0.00821	0.00548	0.00469	0.00313	0.00156	0.00391	0.00274	0.00313	0.00548
9	0.85801	0.00978	0.00743	0.00665	0.00978	0.01134	0.00548	0.01486	0.00861	0.02269	0.00704	0.00821	0.00548	0.00469	0.00313	0.00156	0.00391	0.00274	0.00313	0.00548
10	0.00598	0.00512	0.00512	0.00512	0.00683	0.00427	0.00384	0.00726	0.01153	0.01366	0.05123	0.04866	0.78869	0.01281	0.00598	0.00171	0.00256	0.01067	0.00470	0.00427
11	0.00955	0.00899	0.01517	0.81013	0.03483	0.01123	0.01404	0.01292	0.01011	0.01292	0.00899	0.01348	0.00674	0.00506	0.00506	0.00169	0.00674	0.00449	0.00225	0.00562
12	0.00943	0.00471	0.00471	0.00471	0.00589	0.00471	0.00353	0.01178	0.01060	0.01885	0.01650	0.01885	0.01296	0.00589	0.00353	0.00118	0.00236	0.00471	0.85036	0.00471
13	0.01352	0.82533	0.02650	0.00865	0.01298	0.02001	0.00865	0.01514	0.01027	0.01190	0.00703	0.00811	0.00649	0.00433	0.00324	0.00108	0.00541	0.00270	0.00216	0.00649
14	0.00709	0.00518	0.00666	0.00633	0.00756	0.00476	0.00477	0.00939	0.01404	0.01966	0.71567	0.03902	0.10362	0.01060	0.00599	0.00162	0.00245	0.02538	0.00548	0.00473
15	0.00722	0.00542	0.00813	0.00813	0.00903	0.00632	0.00632	0.00903	0.00813	0.01174	0.01354	0.01987	0.01264	0.03792	0.80225	0.00813	0.01354	0.00542	0.00271	0.00451
16	0.01922	0.01416	0.01518	0.01163	0.01568	0.01568	0.00961	0.77388	0.02378	0.03187	0.01214	0.01214	0.00860	0.00607	0.00506	0.00152	0.00556	0.00455	0.00506	0.00860
17	0.01374	0.01057	0.01143	0.01006	0.01305	0.01190	0.00789	0.04704	0.65691	0.10755	0.02099	0.01919	0.03292	0.00691	0.00516	0.00169	0.00405	0.00573	0.00526	0.00800
18	0.00665	0.00543	0.00611	0.00604	0.00744	0.00500	0.00461	0.00812	0.01158	0.01458	0.16779	0.04497	0.52180	0.06269	0.00774	0.00196	0.03736	0.07114	0.00463	0.00436
19	0.00616	0.00440	0.00587	0.00704	0.00733	0.00411	0.00469	0.00704	0.00968	0.01291	0.02787	0.81899	0.03344	0.01584	0.00645	0.00205	0.00293	0.01438	0.00469	0.00411
20	0.00970	0.00914	0.01544	0.77040	0.07338	0.01127	0.01412	0.01305	0.01018	0.01310	0.00901	0.01343	0.00681	0.00503	0.00505	0.00168	0.00670	0.00449	0.00226	0.00574
21	0.01251	0.01413	0.10840	0.03656	0.19273	0.01220	0.43675	0.01640	0.01171	0.06747	0.01046	0.01323	0.00788	0.00466	0.00588	0.00166	0.03216	0.00527	0.00273	0.00721
22	0.01134	0.01168	0.02229	0.26699	0.24385	0.01217	0.30386	0.01488	0.01114	0.01516	0.00954	0.01320	0.00745	0.00471	0.00572	0.00166	0.03013	0.00506	0.00244	0.00675
23	0.85801	0.00978	0.00743	0.00665	0.00978	0.01134	0.00548	0.01486	0.00861	0.02269	0.00704	0.00821	0.00548	0.00469	0.00313	0.00156	0.00391	0.00274	0.00313	0.00548
24	0.00732	0.00502	0.00612	0.00612	0.00633	0.00523	0.00382	0.00774	0.00753	0.01025	0.01538	0.03003	0.01705	0.64052	0.20569	0.00565	0.00691	0.00691	0.00298	0.00340
25	0.04374	0.01282	0.02206	0.08568	0.24809	0.03685	0.31273	0.08712	0.04866	0.01775	0.01031	0.01300	0.00801	0.00484	0.00559	0.00162	0.02601	0.00504	0.00289	0.00718
26	0.01796	0.02254	0.01458	0.07704	0.03974	0.71600	0.01028	0.01948	0.01391	0.01254	0.00796	0.00957	0.00658	0.00518	0.00461	0.00134	0.00884	0.00339	0.00257	0.00591
27	0.00629	0.00450	0.00598	0.00695	0.00736	0.00419	0.00470	0.00737	0.01029	0.01387	0.12750	0.71661	0.03531	0.01512	0.00639	0.00199	0.00286	0.01369	0.00481	0.00419
28	0.00728	0.00540	0.00792	0.00798	0.00882	0.00619	0.00615	0.00897	0.00823	0.01174	0.01435	0.02265	0.01387	0.09872	0.70372	0.00760	0.01245	0.04074	0.00283	0.00441
29	0.01356	0.01118	0.01186	0.01041	0.01343	0.01280	0.00817	0.11043	0.67866	0.04062	0.01962	0.01807	0.01460	0.00676	0.00513	0.00169	0.00418	0.00557	0.00516	0.00808
30	0.00619	0.00442	0.00589	0.00702	0.00734	0.00413	0.00470	0.00711	0.00981	0.01311	0.04914	0.79713	0.03384	0.01569	0.00644	0.00204	0.00292	0.01423	0.00472	0.00413
31	0.01205	0.04994	0.21088	0.06873	0.43525	0.01230	0.03678	0.05942	0.01190	0.01683	0.00995	0.01326	0.00813	0.00497	0.00497	0.00155	0.00639	0.02653	0.00260	0.00758
32	0.85801	0.00978	0.00743	0.00665	0.00978	0.01134	0.00548	0.01486	0.00861	0.02269	0.00704	0.00821	0.00548	0.00469	0.00313	0.00156	0.00391	0.00274	0.00313	0.00548
33	0.85801	0.00978	0.00743	0.00665	0.00978	0.01134	0.00548	0.01486	0.00861	0.02269	0.00704	0.00821	0.00548	0.00469	0.00313	0.00156	0.00391	0.00274	0.00313	0.00548
34	0.00697	0.00516	0.00649	0.00616	0.00744	0.00469	0.00462	0.00917	0.01386	0.01921	0.66875	0.03954	0.16770	0.01074	0.00597	0.00161	0.00241	0.00939	0.00543	0.00469
35	0.01750	0.01365	0.01781	0.01337	0.01755	0.01455	0.16396	0.57749	0.02084	0.04998	0.03393	0.01331	0.00963	0.00583	0.00527	0.00156	0.00604	0.00498	0.00460	0.00813
36	0.01488	0.01479	0.01491	0.01322	0.03608	0.24462	0.01039	0.04826	0.01112	0.08969	0.00860	0.01118	0.00730	0.00729	0.01113	0.00183	0.44155	0.00416	0.00285	0.00613
37	0.00722	0.00542	0.00813	0.00813	0.00903	0.00632	0.00632	0.00903	0.00813	0.01174	0.01354	0.01987	0.01264	0.03792	0.80225	0.00813	0.01354	0.00542	0.00271	0.00451
38	0.00627	0.00447	0.00581	0.00684	0.00714	0.00419	0.00451	0.00708	0.00951	0.01263	0.02737	0.72022	0.05344	0.09464	0.00833	0.00232	0.00312	0.01358	0.00453	0.00401
39	0.01204	0.08930	0.26097	0.04563	0.36873	0.03596	0.03634	0.03339	0.02468	0.01600	0.00935	0.01167	0.00744	0.00494	0.00509	0.01795	0.00652	0.00413	0.00245	0.00744
40	0.01477	0.03287	0.23570	0.02781	0.07248	0.16364	0.05956	0.14638	0.04665	0.08562	0.03410	0.01289	0.00932	0.00545	0.00490	0.00151	0.00666	0.00436	0.02807	0.00726
41	0.04608	0.02268	0.64570	0.01334	0.01974	0.01117	0.03095	0.01554	0.03470	0.01595	0.00993	0.01246	0.00758	0.04810	0.04317	0.00208	0.00739	0.00406	0.00236	0.00703

[dist]
# distance from previous block
# <min> <max>
0	3

[block]
# block no. 9 follows, 49 sequences, length 27
# corresponding to MSA columns:
# 528-554
name=unknown_J
#
# <colnr> <probs for GDERKNQSTAVLIFYWHMCP>
#	G	D	E	R	K	N	Q	S	T	A	V	L	I	F	Y	W	H	M	C	P
0	0.72784	0.01060	0.06478	0.00719	0.01048	0.01084	0.00638	0.01452	0.00922	0.02201	0.07003	0.01077	0.00894	0.00516	0.00348	0.00157	0.00405	0.00333	0.00325	0.00556
1	0.15848	0.11427	0.01307	0.00865	0.01256	0.01161	0.00723	0.18501	0.06654	0.06996	0.01077	0.01135	0.00825	0.00492	0.00405	0.00123	0.00441	0.00362	0.02248	0.28153
2	0.01400	0.01065	0.10423	0.04676	0.02630	0.00858	0.10593	0.05426	0.03389	0.26907	0.18679	0.04720	0.04487	0.00729	0.00545	0.00163	0.00488	0.01662	0.00471	0.00690
3	0.20231	0.04204	0.23557	0.07191	0.09610	0.01219	0.05917	0.01433	0.00977	0.01641	0.00928	0.05480	0.00798	0.00599	0.00654	0.00170	0.14052	0.00444	0.00259	0.00636
4	0.00878	0.00439	0.00659	0.00659	0.00659	0.00439	0.00439	0.00659	0.00659	0.00878	0.00878	0.01537	0.00878	0.01757	0.01976	0.85288	0.00439	0.00439	0.00220	0.00220
5	0.02283	0.11268	0.01189	0.01069	0.11487	0.09046	0.00728	0.01238	0.01285	0.03952	0.34976	0.04919	0.11387	0.00855	0.00531	0.00152	0.00412	0.02238	0.00426	0.00559
6	0.75044	0.11366	0.00986	0.00690	0.01019	0.01245	0.00588	0.01490	0.00882	0.02131	0.00704	0.00820	0.00561	0.00465	0.00314	0.00150	0.00410	0.00273	0.00301	0.00561
7	0.01761	0.02020	0.01465	0.04141	0.01603	0.53913	0.01006	0.14764	0.01495	0.01570	0.00845	0.01004	0.00689	0.00582	0.00620	0.00147	0.11083	0.00367	0.00296	0.00628
8	0.00616	0.00440	0.00587	0.00704	0.00733	0.00411	0.00469	0.00704	0.00968	0.01291	0.02787	0.81899	0.03344	0.01584	0.00645	0.00205	0.00293	0.01438	0.00469	0.00411
9	0.00734	0.00494	0.00573	0.00573	0.00580	0.00502	0.00333	0.00749	0.00742	0.00996	0.01574	0.03203	0.01792	0.75918	0.08821	0.00516	0.00560	0.00720	0.00304	0.00318
10	0.00738	0.00540	0.00695	0.00652	0.00778	0.00509	0.00490	0.01025	0.04578	0.02031	0.75660	0.03700	0.04639	0.01020	0.00593	0.00160	0.00245	0.00900	0.00555	0.00490
