[name]
unknown

[dist]
# distance from previous block
# <min> <max>
0	108

[block]
# block no. 0 follows, 47 sequences, length 122
# corresponding to MSA columns:
# 109-162,164-176,187-214,232-258
name=unknown_A
#
# <colnr> <probs for GDERKNQSTAVLIFYWHMCP>
#	G	D	E	R	K	N	Q	S	T	A	V	L	I	F	Y	W	H	M	C	P
0	0.06138	0.00725	0.00932	0.00931	0.01142	0.00705	0.00799	0.04525	0.01257	0.10813	0.02315	0.04437	0.02348	0.01153	0.00632	0.00207	0.00466	0.51428	0.00475	0.08573
1	0.19601	0.13693	0.40240	0.01296	0.01884	0.01328	0.10265	0.01630	0.01070	0.03286	0.00895	0.01055	0.00668	0.00482	0.00448	0.00157	0.00665	0.00377	0.00256	0.00704
2	0.00936	0.00627	0.00838	0.00826	0.00931	0.00635	0.00609	0.01066	0.01080	0.10562	0.09538	0.49628	0.02820	0.01295	0.00759	0.00195	0.10521	0.01116	0.00468	0.05548
3	0.01302	0.01332	0.06595	0.11591	0.02510	0.01236	0.47070	0.01838	0.10231	0.09018	0.01252	0.01485	0.00913	0.00503	0.00578	0.00174	0.00753	0.00572	0.00325	0.00723
4	0.03395	0.01926	0.06378	0.01283	0.04871	0.43889	0.01002	0.06181	0.01447	0.15275	0.01078	0.01142	0.00806	0.00540	0.00475	0.00138	0.00743	0.00381	0.00351	0.08700
5	0.01397	0.01014	0.01124	0.00989	0.01282	0.01116	0.00775	0.02520	0.56474	0.14532	0.09402	0.02162	0.03393	0.00743	0.00539	0.00173	0.00398	0.00622	0.00552	0.00795
6	0.00758	0.00522	0.00687	0.00681	0.00788	0.00482	0.00497	0.00961	0.01350	0.04162	0.56228	0.24086	0.04422	0.01200	0.00625	0.00176	0.00266	0.01070	0.00552	0.00485
7	0.01184	0.01127	0.01942	0.02750	0.61570	0.01116	0.06230	0.01468	0.01159	0.01642	0.01277	0.13690	0.01228	0.00643	0.00545	0.00165	0.00586	0.00631	0.00293	0.00755
8	0.01053	0.04702	0.77068	0.01469	0.02231	0.01231	0.01898	0.01647	0.01098	0.01638	0.00929	0.01093	0.00660	0.00494	0.00491	0.00164	0.00764	0.00382	0.00220	0.00767
9	0.02336	0.00886	0.01209	0.00927	0.01329	0.00765	0.00765	0.02538	0.01491	0.78810	0.02055	0.01773	0.01289	0.00645	0.00524	0.00161	0.00443	0.00524	0.00645	0.00886
10	0.00634	0.00453	0.00604	0.00725	0.00755	0.00423	0.00483	0.00725	0.00997	0.01329	0.02870	0.81358	0.03444	0.01632	0.00665	0.00211	0.00302	0.01480	0.00483	0.00423
11	0.01791	0.01947	0.01769	0.01450	0.01792	0.47132	0.17496	0.04468	0.02553	0.10619	0.03331	0.01252	0.00916	0.00549	0.00515	0.00149	0.00827	0.00445	0.00333	0.00668
12	0.02295	0.00877	0.01195	0.00919	0.01315	0.00758	0.00758	0.02497	0.01490	0.76799	0.04051	0.01828	0.01384	0.00656	0.00526	0.00161	0.00438	0.00535	0.00643	0.00876
13	0.00634	0.00453	0.00604	0.00725	0.00755	0.00423	0.00483	0.00725	0.00997	0.01329	0.02870	0.81358	0.03444	0.01632	0.00665	0.00211	0.00302	0.01480	0.00483	0.00423
14	0.00744	0.00558	0.00837	0.00837	0.00930	0.00651	0.00651	0.00930	0.00837	0.01209	0.01395	0.02046	0.01302	0.03906	0.79635	0.00837	0.01395	0.00558	0.00279	0.00465
15	0.01139	0.01139	0.01595	0.01367	0.01367	0.01595	0.01139	0.01253	0.00798	0.01253	0.00684	0.01139	0.00684	0.00911	0.01709	0.00228	0.80745	0.00456	0.00228	0.00570
16	0.01132	0.01129	0.01581	0.01357	0.01359	0.01578	0.01130	0.01247	0.00798	0.01252	0.00697	0.01156	0.00695	0.00967	0.03150	0.00239	0.79277	0.00458	0.00229	0.00568
17	0.01080	0.00926	0.01080	0.00771	0.01234	0.00694	0.00617	0.01311	0.01080	0.01697	0.00926	0.01080	0.00771	0.00386	0.00386	0.00077	0.00386	0.00309	0.00309	0.84882
18	0.01355	0.72531	0.09987	0.00979	0.01457	0.01962	0.02812	0.01571	0.01066	0.01276	0.00752	0.00874	0.00670	0.00450	0.00356	0.00118	0.00585	0.00297	0.00223	0.00679
19	0.01305	0.56296	0.06868	0.01029	0.01504	0.01714	0.08097	0.01534	0.01080	0.01370	0.00801	0.00945	0.00697	0.00438	0.00379	0.00115	0.00571	0.00322	0.00241	0.14695
20	0.05407	0.01254	0.11404	0.01050	0.01473	0.01067	0.00948	0.14684	0.14892	0.37374	0.03848	0.01647	0.01263	0.00637	0.00515	0.00164	0.00495	0.00509	0.00533	0.00835
21	0.00735	0.00549	0.00681	0.00649	0.00782	0.00509	0.00484	0.00996	0.04038	0.01942	0.60438	0.06147	0.16298	0.02660	0.00652	0.00174	0.00261	0.00966	0.00550	0.00489
22	0.01033	0.00989	0.01681	0.64700	0.10523	0.01200	0.04643	0.01365	0.01047	0.01375	0.00921	0.01364	0.00710	0.00537	0.00600	0.00175	0.05825	0.00469	0.00235	0.00607
23	0.02876	0.08664	0.01236	0.04367	0.01331	0.05711	0.00845	0.11798	0.10407	0.08697	0.07644	0.06628	0.02052	0.00947	0.00575	0.00184	0.00498	0.24436	0.00462	0.00641
24	0.01538	0.01423	0.04250	0.05875	0.06231	0.10883	0.40233	0.01877	0.01294	0.18038	0.01217	0.01407	0.00874	0.00509	0.00581	0.00167	0.01998	0.00537	0.00342	0.00729
25	0.02336	0.00886	0.01209	0.00927	0.01329	0.00765	0.00765	0.02538	0.01491	0.78810	0.02055	0.01773	0.01289	0.00645	0.00524	0.00161	0.00443	0.00524	0.00645	0.00886
26	0.01502	0.61126	0.05714	0.01001	0.01436	0.11584	0.00959	0.08771	0.01244	0.01445	0.00793	0.00899	0.00689	0.00476	0.00376	0.00121	0.00615	0.00308	0.00257	0.00685
27	0.01006	0.01056	0.05703	0.70105	0.03449	0.01172	0.07463	0.01374	0.01059	0.01374	0.00936	0.01375	0.00700	0.00513	0.00527	0.00173	0.00713	0.00471	0.00233	0.00598
28	0.00885	0.00464	0.00691	0.00691	0.00700	0.00473	0.00468	0.00705	0.00696	0.00937	0.00971	0.01674	0.00968	0.04037	0.09621	0.74517	0.00546	0.00470	0.00234	0.00252
29	0.00634	0.00453	0.00604	0.00725	0.00755	0.00423	0.00483	0.00725	0.00997	0.01329	0.02870	0.81358	0.03444	0.01632	0.00665	0.00211	0.00302	0.01480	0.00483	0.00423
30	0.01232	0.11508	0.10247	0.01966	0.02506	0.01399	0.60095	0.01653	0.01196	0.01611	0.01001	0.01305	0.00763	0.00445	0.00568	0.00167	0.00828	0.00551	0.00254	0.00705
31	0.03405	0.58151	0.10514	0.01110	0.04172	0.07327	0.03646	0.01646	0.03385	0.01360	0.00814	0.00939	0.00702	0.00466	0.00382	0.00125	0.00611	0.00321	0.00240	0.00683
32	0.00750	0.00506	0.00566	0.00566	0.00575	0.00501	0.00320	0.00757	0.00780	0.01030	0.01830	0.03491	0.05857	0.77525	0.02545	0.00488	0.00492	0.00775	0.00324	0.00322
33	0.01229	0.01405	0.03073	0.02195	0.02722	0.01317	0.76558	0.01668	0.01229	0.01668	0.01054	0.01405	0.00790	0.00439	0.00615	0.00176	0.00878	0.00615	0.00263	0.00702
34	0.07390	0.01058	0.01671	0.38307	0.04456	0.01323	0.08420	0.01358	0.00969	0.01421	0.00842	0.01262	0.00693	0.00641	0.00917	0.00191	0.27786	0.00461	0.00241	0.00592
35	0.06749	0.01144	0.01188	0.01049	0.01357	0.01317	0.00823	0.09679	0.65502	0.02293	0.01948	0.01807	0.01457	0.00685	0.00516	0.00174	0.00427	0.00558	0.00516	0.00813
36	0.00658	0.00501	0.00597	0.00651	0.00748	0.00452	0.00464	0.00782	0.01112	0.01426	0.10843	0.36083	0.31302	0.06232	0.00764	0.00213	0.00306	0.05952	0.00482	0.00433
37	0.01359	0.74472	0.09979	0.00947	0.01424	0.01980	0.00989	0.01568	0.01062	0.01266	0.00744	0.00860	0.00667	0.00450	0.00349	0.00116	0.00577	0.00289	0.00222	0.00678
38	0.02336	0.00886	0.01209	0.00927	0.01329	0.00765	0.00765	0.02538	0.01491	0.78810	0.02055	0.01773	0.01289	0.00645	0.00524	0.00161	0.00443	0.00524	0.00645	0.00886
39	0.00905	0.00452	0.00678	0.00678	0.00678	0.00452	0.00452	0.00678	0.00678	0.00905	0.00905	0.01583	0.00905	0.01809	0.02035	0.84848	0.00452	0.00452	0.00226	0.00226
40	0.06727	0.01330	0.02748	0.01978	0.02479	0.01255	0.64484	0.01742	0.01232	0.09044	0.01128	0.01404	0.00823	0.00461	0.00587	0.00173	0.00806	0.00585	0.00303	0.00711
41	0.00721	0.00527	0.00677	0.00650	0.00771	0.00483	0.00484	0.00948	0.01422	0.01988	0.67772	0.08941	0.10429	0.01120	0.00618	0.00168	0.00251	0.00988	0.00561	0.00483
42	0.02193	0.01116	0.01351	0.01036	0.01444	0.01107	0.00856	0.32346	0.01875	0.48459	0.01731	0.01563	0.01127	0.00637	0.00523	0.00159	0.00495	0.00502	0.00595	0.00886
43	0.01392	0.82012	0.02729	0.00891	0.01337	0.02061	0.00891	0.01559	0.01058	0.01225	0.00724	0.00835	0.00668	0.00446	0.00334	0.00111	0.00557	0.00278	0.00223	0.00668
44	0.01868	0.02033	0.01673	0.01434	0.03992	0.46208	0.08200	0.24645	0.01739	0.01933	0.00969	0.01088	0.00752	0.00552	0.00500	0.00145	0.00813	0.00406	0.00344	0.00705
45	0.00633	0.00460	0.00597	0.00706	0.00750	0.00425	0.00475	0.00727	0.01015	0.01337	0.03099	0.74101	0.10554	0.01602	0.00660	0.00208	0.00298	0.01444	0.00483	0.00425
46	0.00634	0.00453	0.00604	0.00725	0.00755	0.00423	0.00483	0.00725	0.00997	0.01329	0.02870	0.81358	0.03444	0.01632	0.00665	0.00211	0.00302	0.01480	0.00483	0.00423
47	0.01139	0.01139	0.01595	0.01367	0.01367	0.01595	0.01139	0.01253	0.00798	0.01253	0.00684	0.01139	0.00684	0.00911	0.01709	0.00228	0.80745	0.00456	0.00228	0.00570
48	0.01386	0.80486	0.04196	0.00902	0.01354	0.02044	0.00911	0.01561	0.01059	0.01233	0.00728	0.00840	0.00668	0.00446	0.00337	0.00112	0.00561	0.00281	0.00223	0.00670
49	0.01725	0.01245	0.10535	0.01080	0.01548	0.00991	0.05433	0.15053	0.02882	0.31352	0.01443	0.01411	0.00991	0.00548	0.00491	0.00141	0.00516	0.00451	0.00465	0.21700
50	0.01830	0.01439	0.01464	0.01172	0.01551	0.06674	0.00950	0.53794	0.19258	0.04280	0.01431	0.01395	0.01037	0.00638	0.00520	0.00159	0.00559	0.00488	0.00509	0.00853
51	0.01980	0.01459	0.01563	0.01198	0.01615	0.01615	0.00990	0.76713	0.02448	0.03282	0.01250	0.01250	0.00886	0.00625	0.00521	0.00156	0.00573	0.00469	0.00521	0.00886
52	0.01929	0.05648	0.01548	0.01291	0.01599	0.59231	0.00998	0.18393	0.01671	0.01712	0.00899	0.01003	0.00718	0.00552	0.00475	0.00138	0.00843	0.00362	0.00322	0.00668
53	0.00712	0.00548	0.00808	0.00850	0.00938	0.00513	0.05529	0.00853	0.01055	0.01407	0.04252	0.61174	0.04553	0.01486	0.00662	0.00209	0.00364	0.11606	0.00467	0.02013
54	0.01045	0.02694	0.79000	0.01484	0.02254	0.01209	0.01924	0.01649	0.01099	0.01649	0.00935	0.01099	0.00660	0.00495	0.00495	0.00165	0.00770	0.00385	0.00220	0.00770
55	0.01450	0.01060	0.01168	0.01019	0.01325	0.01175	0.00801	0.05770	0.57669	0.14082	0.06947	0.02012	0.01726	0.00716	0.00534	0.00173	0.00413	0.00596	0.00550	0.00815
56	0.00788	0.00625	0.00945	0.00922	0.01033	0.00601	0.09121	0.05702	0.01116	0.01493	0.02561	0.67180	0.02980	0.01432	0.00650	0.00204	0.00385	0.01318	0.00461	0.00484
57	0.00651	0.00537	0.00606	0.00610	0.00766	0.00491	0.00467	0.00799	0.01111	0.01369	0.04339	0.04393	0.58784	0.01889	0.17915	0.00323	0.00519	0.03547	0.00439	0.00447
58	0.00757	0.00505	0.00568	0.00568	0.00568	0.00505	0.00316	0.00757	0.00757	0.01010	0.01641	0.03408	0.01893	0.81698	0.02651	0.00505	0.00505	0.00757	0.00316	0.00316
59	0.01046	0.00510	0.00531	0.00514	0.00649	0.00503	0.00387	0.01279	0.01106	0.06506	0.01718	0.01975	0.01349	0.03010	0.00441	0.00135	0.00262	0.00496	0.77079	0.00504
60	0.02058	0.01333	0.01485	0.01139	0.01552	0.01429	0.00941	0.60478	0.02239	0.19814	0.01426	0.01365	0.00974	0.00629	0.00522	0.00157	0.00545	0.00481	0.00548	0.00886
61	0.01229	0.01405	0.03073	0.02195	0.02722	0.01317	0.76558	0.01668	0.01229	0.01668	0.01054	0.01405	0.00790	0.00439	0.00615	0.00176	0.00878	0.00615	0.00263	0.00702
62	0.01295	0.01119	0.01178	0.01060	0.01354	0.01295	0.00824	0.02767	0.77509	0.02178	0.02120	0.01943	0.01590	0.00707	0.00530	0.00177	0.00412	0.00589	0.00530	0.00824
63	0.00633	0.00458	0.00600	0.00713	0.00752	0.00424	0.00478	0.00726	0.01008	0.01334	0.03014	0.76798	0.07912	0.01613	0.00662	0.00209	0.00300	0.01458	0.00483	0.00424
64	0.01001	0.00944	0.01594	0.75991	0.07905	0.01162	0.01455	0.01346	0.01050	0.01352	0.00929	0.01383	0.00702	0.00517	0.00520	0.00172	0.00690	0.00463	0.00233	0.00593
65	0.01790	0.01364	0.01456	0.01160	0.01543	0.01526	0.00944	0.56203	0.23267	0.02976	0.01491	0.01442	0.01081	0.00648	0.00523	0.00162	0.00528	0.00502	0.00523	0.00869
66	0.01289	0.01237	0.02114	0.03196	0.78450	0.01237	0.01598	0.01598	0.01186	0.01701	0.00980	0.01289	0.00825	0.00464	0.00516	0.00155	0.00619	0.00464	0.00258	0.00825
67	0.00718	0.00532	0.00669	0.00635	0.00766	0.00483	0.00476	0.00945	0.01428	0.01980	0.66574	0.04069	0.16583	0.01105	0.00614	0.00166	0.00249	0.00967	0.00559	0.00483
68	0.01217	0.01487	0.07939	0.02149	0.02692	0.01310	0.71775	0.01667	0.01221	0.01667	0.01046	0.01385	0.00782	0.00443	0.00607	0.00175	0.00871	0.00600	0.00261	0.00707
69	0.00983	0.00926	0.01562	0.80447	0.03587	0.01157	0.01446	0.01331	0.01041	0.01331	0.00926	0.01388	0.00694	0.00521	0.00521	0.00174	0.00694	0.00463	0.00231	0.00579
70	0.01392	0.82012	0.02729	0.00891	0.01337	0.02061	0.00891	0.01559	0.01058	0.01225	0.00724	0.00835	0.00668	0.00446	0.00334	0.00111	0.00557	0.00278	0.00223	0.00668
71	0.00757	0.00507	0.00578	0.00577	0.00582	0.00509	0.00329	0.00767	0.00774	0.01038	0.03227	0.03380	0.01940	0.77855	0.04751	0.00507	0.00524	0.00756	0.00320	0.00323
72	0.01045	0.02694	0.79000	0.01484	0.02254	0.01209	0.01924	0.01649	0.01099	0.01649	0.00935	0.01099	0.00660	0.00495	0.00495	0.00165	0.00770	0.00385	0.00220	0.00770
73	0.01088	0.12515	0.69556	0.01411	0.02140	0.01315	0.01796	0.01638	0.01094	0.01597	0.00908	0.01067	0.00661	0.00489	0.00475	0.00158	0.00743	0.00372	0.00220	0.00757
74	0.00634	0.00453	0.00604	0.00725	0.00755	0.00423	0.00483	0.00725	0.00997	0.01329	0.02870	0.81358	0.03444	0.01632	0.00665	0.00211	0.00302	0.01480	0.00483	0.00423
75	0.01080	0.00926	0.01080	0.00771	0.01234	0.00694	0.00617	0.01311	0.01080	0.01697	0.00926	0.01080	0.00771	0.00386	0.00386	0.00077	0.00386	0.00309	0.00309	0.84882
76	0.01780	0.01282	0.01408	0.01077	0.01487	0.01341	0.00883	0.54841	0.02073	0.07422	0.01287	0.03362	0.00963	0.00607	0.00497	0.00143	0.00517	0.00469	0.01899	0.16664
77	0.23633	0.02098	0.49930	0.01234	0.01842	0.01227	0.01455	0.06153	0.04610	0.01954	0.00952	0.01079	0.00690	0.00509	0.00452	0.00164	0.00644	0.00372	0.00279	0.00724
78	0.02336	0.00886	0.01209	0.00927	0.01329	0.00765	0.00765	0.02538	0.01491	0.78810	0.02055	0.01773	0.01289	0.00645	0.00524	0.00161	0.00443	0.00524	0.00645	0.00886
79	0.00947	0.00594	0.00695	0.00629	0.00727	0.00553	0.00399	0.01000	0.00882	0.08512	0.03184	0.02974	0.01760	0.62247	0.02126	0.00412	0.00479	0.00683	0.00351	0.10845
80	0.08961	0.01137	0.01580	0.44979	0.04185	0.08604	0.08824	0.01621	0.05688	0.06486	0.01067	0.01363	0.00795	0.00530	0.00505	0.00167	0.00667	0.00461	0.01752	0.00630
81	0.03042	0.01114	0.01495	0.01213	0.07275	0.01001	0.10346	0.15898	0.01366	0.02012	0.01004	0.01164	0.00795	0.00446	0.00449	0.00112	0.00502	0.00389	0.00340	0.50035
82	0.00634	0.00453	0.00604	0.00725	0.00755	0.00423	0.00483	0.00725	0.00997	0.01329	0.02870	0.81358	0.03444	0.01632	0.00665	0.00211	0.00302	0.01480	0.00483	0.00423
83	0.01018	0.00992	0.01772	0.69579	0.03467	0.01179	0.11878	0.01377	0.01067	0.01377	0.00943	0.01391	0.00708	0.00509	0.00534	0.00174	0.00720	0.00484	0.00236	0.00596
84	0.01451	0.51335	0.03555	0.01223	0.08769	0.01733	0.05468	0.08270	0.03371	0.06175	0.03578	0.01144	0.00917	0.00504	0.00413	0.00131	0.00565	0.00380	0.00300	0.00717
85	0.01980	0.01459	0.01563	0.01198	0.01615	0.01615	0.00990	0.76713	0.02448	0.03282	0.01250	0.01250	0.00886	0.00625	0.00521	0.00156	0.00573	0.00469	0.00521	0.00886
86	0.00634	0.00454	0.00603	0.00722	0.00754	0.00423	0.00482	0.00726	0.01000	0.01331	0.02912	0.80036	0.04740	0.01626	0.00664	0.00211	0.00301	0.01474	0.00483	0.00423
87	0.01314	0.01405	0.01106	0.01050	0.01243	0.33082	0.00810	0.01626	0.09093	0.01494	0.08707	0.02226	0.01627	0.01479	0.18365	0.00312	0.00835	0.09714	0.03947	0.00564
88	0.03051	0.01291	0.01205	0.01082	0.02671	0.17355	0.00824	0.07806	0.27977	0.16583	0.05496	0.09263	0.01596	0.00751	0.00529	0.00165	0.00524	0.00609	0.00486	0.00736
89	0.00634	0.00453	0.00604	0.00725	0.00755	0.00423	0.00483	0.00725	0.00997	0.01329	0.02870	0.81358	0.03444	0.01632	0.00665	0.00211	0.00302	0.01480	0.00483	0.00423
90	0.00634	0.00453	0.00604	0.00725	0.00755	0.00423	0.00483	0.00725	0.00997	0.01329	0.02870	0.81358	0.03444	0.01632	0.00665	0.00211	0.00302	0.01480	0.00483	0.00423
91	0.09213	0.01136	0.01776	0.07069	0.55852	0.02500	0.01365	0.01514	0.01173	0.01749	0.06003	0.01687	0.01182	0.00567	0.00515	0.00162	0.00576	0.04924	0.00296	0.00740
92	0.01289	0.01283	0.03868	0.11508	0.55770	0.04468	0.01476	0.03078	0.08892	0.01718	0.01085	0.01346	0.00878	0.00502	0.00515	0.00158	0.00623	0.00469	0.00287	0.00788
93	0.00750	0.00516	0.00617	0.00625	0.00637	0.00530	0.00381	0.00779	0.00792	0.01068	0.01733	0.11672	0.01983	0.64141	0.09736	0.00500	0.02055	0.00811	0.00329	0.00346
94	0.01341	0.02905	0.01710	0.06126	0.01678	0.14477	0.08272	0.08237	0.01121	0.01482	0.00826	0.01177	0.00728	0.00835	0.03503	0.00213	0.44035	0.00452	0.00266	0.00616
95	0.01423	0.01287	0.02056	0.04783	0.50723	0.05602	0.10727	0.03541	0.02689	0.09032	0.01102	0.01341	0.00866	0.00500	0.00547	0.00159	0.02040	0.00483	0.00306	0.00793
96	0.85377	0.01007	0.00765	0.00685	0.01007	0.01168	0.00564	0.01531	0.00886	0.02336	0.00725	0.00846	0.00564	0.00483	0.00322	0.00161	0.00403	0.00282	0.00322	0.00564
97	0.01116	0.00931	0.01094	0.00790	0.01241	0.00721	0.00633	0.01362	0.02190	0.03649	0.00967	0.01111	0.00795	0.00406	0.00415	0.00083	0.01842	0.00321	0.00319	0.80014
98	0.01223	0.00964	0.01208	0.00889	0.01329	0.00791	0.04478	0.01549	0.06643	0.09007	0.01121	0.01225	0.00879	0.00445	0.00443	0.00100	0.01767	0.00367	0.00353	0.65222
99	0.01340	0.01060	0.01716	0.03729	0.52836	0.01034	0.01280	0.01602	0.01219	0.13579	0.01677	0.06853	0.08470	0.00650	0.00536	0.00162	0.00539	0.00599	0.00353	0.00768
100	0.00737	0.00532	0.00696	0.00655	0.00778	0.00491	0.00491	0.00983	0.01474	0.02088	0.78175	0.03890	0.04914	0.01065	0.00614	0.00164	0.00246	0.00942	0.00573	0.00491
101	0.00983	0.00926	0.01562	0.80447	0.03587	0.01157	0.01446	0.01331	0.01041	0.01331	0.00926	0.01388	0.00694	0.00521	0.00521	0.00174	0.00694	0.00463	0.00231	0.00579
102	0.01394	0.01097	0.01180	0.01047	0.01352	0.01245	0.00819	0.02745	0.70283	0.09462	0.02113	0.01927	0.01561	0.00701	0.00529	0.00175	0.00415	0.00583	0.00541	0.00830
103	0.01225	0.01393	0.03010	0.02160	0.02664	0.01329	0.73343	0.01650	0.01211	0.01650	0.01038	0.01393	0.00786	0.00459	0.00661	0.00178	0.04283	0.00608	0.00262	0.00697
104	0.00620	0.00511	0.00544	0.00571	0.00715	0.00436	0.00415	0.00742	0.01145	0.01390	0.04749	0.21722	0.61868	0.01387	0.00626	0.00184	0.00272	0.01183	0.00484	0.00436
105	0.01717	0.01119	0.01213	0.00963	0.01292	0.01203	0.00785	0.47506	0.01959	0.10068	0.01458	0.01503	0.01056	0.00622	0.00475	0.00146	0.00464	0.00479	0.25204	0.00768
106	0.00630	0.00500	0.00566	0.00609	0.00727	0.00437	0.00434	0.00754	0.01134	0.01420	0.08862	0.33206	0.46047	0.01419	0.00634	0.00188	0.00277	0.01231	0.00489	0.00437
107	0.04514	0.00889	0.01197	0.00920	0.01321	0.00776	0.00760	0.02512	0.01475	0.76805	0.02020	0.01748	0.01270	0.00640	0.00518	0.00161	0.00442	0.00517	0.00636	0.00878
108	0.00730	0.00535	0.00692	0.00696	0.00815	0.00496	0.00535	0.00948	0.01354	0.01857	0.51072	0.11691	0.12508	0.01206	0.00636	0.00182	0.00290	0.12740	0.00540	0.00477
109	0.02178	0.00909	0.01195	0.00938	0.01322	0.00827	0.00768	0.02538	0.10967	0.67869	0.03440	0.01832	0.01392	0.00660	0.00526	0.00163	0.00436	0.00539	0.00629	0.00871
110	0.02321	0.00911	0.01224	0.00938	0.01342	0.00802	0.00775	0.05700	0.01531	0.75591	0.02020	0.01750	0.01272	0.00644	0.00524	0.00161	0.00449	0.00521	0.00639	0.00886
111	0.00634	0.00453	0.00604	0.00725	0.00755	0.00423	0.00483	0.00725	0.00997	0.01329	0.02870	0.81358	0.03444	0.01632	0.00665	0.00211	0.00302	0.01480	0.00483	0.00423
112	0.02330	0.00896	0.01215	0.00931	0.01334	0.00780	0.00769	0.03844	0.01507	0.77481	0.02040	0.01763	0.01282	0.00644	0.00524	0.00161	0.00445	0.00523	0.00642	0.00886
113	0.08774	0.00577	0.00692	0.00650	0.00795	0.00552	0.00492	0.01020	0.01400	0.02068	0.66141	0.03673	0.09200	0.01026	0.00587	0.00164	0.00262	0.00889	0.00544	0.00495
114	0.01149	0.01176	0.01841	0.01503	0.01596	0.01532	0.14279	0.01320	0.00873	0.01325	0.00759	0.01200	0.00712	0.00877	0.02754	0.00228	0.65565	0.00485	0.00235	0.00591
115	0.00737	0.00533	0.00702	0.00697	0.00812	0.00497	0.00532	0.00965	0.01389	0.01936	0.60161	0.11523	0.06063	0.01170	0.00632	0.00178	0.00280	0.10160	0.00551	0.00482
116	0.01245	0.01025	0.01168	0.00855	0.01305	0.00874	0.00689	0.14639	0.03584	0.01990	0.01018	0.01135	0.00816	0.00437	0.00414	0.00094	0.00419	0.00345	0.00353	0.67595
117	0.01856	0.00896	0.01153	0.00930	0.02399	0.00826	0.00741	0.12231	0.01589	0.46395	0.18091	0.02104	0.01969	0.00713	0.00534	0.00156	0.00418	0.00592	0.00587	0.05819
118	0.02720	0.09243	0.57970	0.01365	0.02024	0.08700	0.01639	0.01747	0.01157	0.07370	0.00985	0.01108	0.00707	0.00506	0.00478	0.00157	0.00737	0.00380	0.00258	0.00750
119	0.01325	0.61068	0.20806	0.01040	0.01562	0.01847	0.01139	0.03551	0.01104	0.01380	0.00788	0.00909	0.00672	0.00462	0.00377	0.00125	0.00608	0.00309	0.00230	0.00698
120	0.00905	0.00452	0.00678	0.00678	0.00678	0.00452	0.00452	0.00678	0.00678	0.00905	0.00905	0.01583	0.00905	0.01809	0.02035	0.84848	0.00452	0.00452	0.00226	0.00226
121	0.77450	0.01050	0.00841	0.00734	0.01065	0.01211	0.00604	0.08677	0.01035	0.02426	0.00775	0.00884	0.00595	0.00497	0.00341	0.00161	0.00419	0.00300	0.00341	0.00595

[dist]
# distance from previous block
# <min> <max>
0	6

[block]
# block no. 1 follows, 47 sequences, length 71
# corresponding to MSA columns:
# 294-302,309-316,319-359,364-376
name=unknown_B
#
# <colnr> <probs for GDERKNQSTAVLIFYWHMCP>
#	G	D	E	R	K	N	Q	S	T	A	V	L	I	F	Y	W	H	M	C	P
0	0.31600	0.37178	0.04396	0.03540	0.01326	0.01570	0.00835	0.01585	0.01007	0.06467	0.00818	0.00945	0.00671	0.00506	0.00443	0.00144	0.05727	0.00316	0.00285	0.00638
1	0.65625	0.00966	0.00828	0.00713	0.01041	0.01059	0.00582	0.02477	0.01002	0.07253	0.05988	0.01135	0.00923	0.00525	0.00363	0.00154	0.00396	0.00346	0.00361	0.08262
2	0.77783	0.01048	0.00838	0.00732	0.01062	0.01209	0.00603	0.08377	0.01029	0.02423	0.00773	0.00883	0.00593	0.00496	0.00340	0.00161	0.00418	0.00299	0.00340	0.00593
3	0.00643	0.00527	0.00566	0.00559	0.00721	0.00451	0.00418	0.00799	0.01248	0.01557	0.21469	0.06012	0.60686	0.01267	0.00616	0.00174	0.00260	0.01070	0.00504	0.00451
4	0.00720	0.00533	0.00675	0.00658	0.00785	0.00488	0.00499	0.00941	0.01391	0.01913	0.58438	0.07199	0.16580	0.01153	0.00623	0.00173	0.00266	0.05937	0.00549	0.00480
5	0.01677	0.01920	0.01703	0.01666	0.13573	0.43763	0.07964	0.08897	0.03505	0.01591	0.01040	0.01211	0.02768	0.00574	0.00581	0.00152	0.06014	0.00428	0.00300	0.00673
6	0.00924	0.00471	0.00695	0.00688	0.00696	0.00474	0.00462	0.02074	0.00711	0.00948	0.00911	0.01577	0.00904	0.01787	0.02007	0.83295	0.00454	0.00453	0.00232	0.00238
7	0.00634	0.00466	0.00595	0.00694	0.00748	0.00427	0.00471	0.00735	0.01037	0.01360	0.05095	0.68238	0.14448	0.01572	0.00656	0.00205	0.00295	0.01411	0.00486	0.00427
8	0.15773	0.01056	0.01448	0.39997	0.06467	0.01212	0.02430	0.14992	0.01318	0.08933	0.01057	0.01301	0.00769	0.00540	0.00488	0.00166	0.00599	0.00441	0.00338	0.00674
9	0.01318	0.49949	0.04869	0.08272	0.01637	0.07861	0.05880	0.03189	0.01136	0.01358	0.02963	0.06389	0.00980	0.00566	0.00438	0.00135	0.01721	0.00429	0.00263	0.00643
10	0.02314	0.02551	0.70924	0.01537	0.02278	0.01219	0.08700	0.01649	0.01108	0.01661	0.00942	0.01124	0.00670	0.00490	0.00503	0.00166	0.00774	0.00404	0.00225	0.00760
11	0.00779	0.00562	0.00767	0.00879	0.00983	0.00550	0.00731	0.00979	0.01153	0.01498	0.02945	0.22627	0.07962	0.01474	0.00700	0.00229	0.00426	0.53811	0.00481	0.00464
12	0.12734	0.07680	0.01590	0.03797	0.14906	0.44558	0.01057	0.03872	0.01321	0.01540	0.00833	0.01004	0.00690	0.00518	0.00471	0.00143	0.02008	0.00356	0.00275	0.00648
13	0.01797	0.01430	0.08500	0.01169	0.01585	0.01400	0.01027	0.53095	0.06228	0.09871	0.01463	0.02962	0.01114	0.00687	0.00534	0.00165	0.00560	0.05073	0.00502	0.00839
14	0.01240	0.01335	0.01921	0.04989	0.01801	0.09871	0.18473	0.01441	0.00980	0.01354	0.00792	0.01190	0.00707	0.00746	0.01273	0.00203	0.50361	0.00480	0.00241	0.00604
15	0.01177	0.01016	0.01285	0.00932	0.01383	0.00850	0.06260	0.08395	0.01212	0.01832	0.00959	0.01121	0.00781	0.00426	0.00450	0.00096	0.02529	0.00350	0.00323	0.68624
16	0.01209	0.07094	0.62439	0.01415	0.02101	0.06509	0.01719	0.08508	0.01245	0.01749	0.00943	0.01087	0.00681	0.00507	0.00486	0.00159	0.00751	0.00383	0.00251	0.00763
17	0.01115	0.00610	0.00811	0.00747	0.00889	0.00616	0.00555	0.01257	0.01003	0.18512	0.03716	0.02468	0.03343	0.24118	0.31640	0.00514	0.00804	0.00622	0.06140	0.00519
18	0.00766	0.00552	0.00624	0.00601	0.00774	0.00478	0.00457	0.00933	0.01275	0.06729	0.23390	0.06430	0.51032	0.01220	0.00613	0.00174	0.00277	0.02676	0.00517	0.00483
19	0.01046	0.00891	0.01054	0.02549	0.01250	0.00695	0.00629	0.01295	0.02705	0.01669	0.01109	0.07635	0.01005	0.00497	0.00414	0.00092	0.00386	0.00413	0.00326	0.74339
20	0.42605	0.01178	0.01117	0.00912	0.01264	0.01324	0.00750	0.35086	0.01623	0.02743	0.06003	0.01225	0.00991	0.00585	0.00430	0.00159	0.00469	0.00408	0.00427	0.00703
21	0.00726	0.00492	0.00577	0.00607	0.00615	0.00484	0.00358	0.00749	0.00818	0.01090	0.01950	0.22988	0.02283	0.61586	0.02152	0.00431	0.00454	0.00939	0.00358	0.00343
22	0.00634	0.00453	0.00604	0.00725	0.00755	0.00423	0.00483	0.00725	0.00997	0.01329	0.02870	0.81358	0.03444	0.01632	0.00665	0.00211	0.00302	0.01480	0.00483	0.00423
23	0.01058	0.05760	0.76052	0.01461	0.02218	0.01242	0.01884	0.01646	0.01098	0.01633	0.00926	0.01089	0.00660	0.00493	0.00489	0.00163	0.00761	0.00381	0.00220	0.00766
24	0.00652	0.00469	0.00623	0.00740	0.00783	0.00440	0.00513	0.00758	0.01022	0.01353	0.02941	0.71923	0.05914	0.01603	0.00668	0.00213	0.00317	0.08157	0.00483	0.00429
25	0.00634	0.00453	0.00604	0.00725	0.00755	0.00423	0.00483	0.00725	0.00997	0.01329	0.02870	0.81358	0.03444	0.01632	0.00665	0.00211	0.00302	0.01480	0.00483	0.00423
26	0.01441	0.00992	0.01219	0.10543	0.05575	0.01064	0.00884	0.06348	0.33161	0.19078	0.02239	0.02185	0.10486	0.00736	0.00539	0.00171	0.00456	0.01621	0.00499	0.00762
27	0.00760	0.00729	0.07820	0.00726	0.00909	0.00555	0.00618	0.01034	0.01429	0.02021	0.68239	0.03681	0.07446	0.01023	0.00603	0.00164	0.00294	0.00897	0.00538	0.00515
28	0.00644	0.00457	0.00601	0.00713	0.00740	0.00430	0.00470	0.00728	0.00978	0.01304	0.02772	0.75102	0.03320	0.08058	0.00824	0.00235	0.00318	0.01422	0.00470	0.00414
29	0.01080	0.00926	0.01080	0.00771	0.01234	0.00694	0.00617	0.01311	0.01080	0.01697	0.00926	0.01080	0.00771	0.00386	0.00386	0.00077	0.00386	0.00309	0.00309	0.84882
30	0.01116	0.01993	0.40131	0.08972	0.02571	0.01250	0.33157	0.01628	0.01149	0.01628	0.00984	0.01254	0.00718	0.00474	0.00547	0.00170	0.00808	0.00488	0.00239	0.00724
31	0.01045	0.02694	0.79000	0.01484	0.02254	0.01209	0.01924	0.01649	0.01099	0.01649	0.00935	0.01099	0.00660	0.00495	0.00495	0.00165	0.00770	0.00385	0.00220	0.00770
32	0.01540	0.00941	0.04716	0.00899	0.01210	0.00857	0.00751	0.08767	0.13964	0.29951	0.23047	0.02396	0.04276	0.00778	0.00545	0.00163	0.00399	0.00652	0.03413	0.00736
33	0.01183	0.00843	0.00910	0.00817	0.00959	0.05903	0.00591	0.12710	0.02175	0.08558	0.01553	0.04998	0.01508	0.35509	0.14129	0.00414	0.02450	0.00637	0.03632	0.00520
34	0.07495	0.04017	0.01500	0.01222	0.01565	0.37758	0.00967	0.35137	0.01857	0.02234	0.00995	0.01068	0.00759	0.00570	0.00479	0.00145	0.00731	0.00390	0.00383	0.00728
35	0.00823	0.00658	0.00941	0.00909	0.01005	0.00795	0.00715	0.01087	0.05932	0.01278	0.01367	0.01942	0.01255	0.03372	0.66027	0.00728	0.09828	0.00549	0.00290	0.00500
36	0.01272	0.01220	0.02084	0.07426	0.74351	0.01233	0.01590	0.01584	0.01178	0.01681	0.00977	0.01294	0.00818	0.00467	0.00516	0.00156	0.00623	0.00464	0.00256	0.00811
37	0.00650	0.00551	0.00564	0.00557	0.00734	0.00476	0.00419	0.00841	0.04157	0.01482	0.10002	0.04819	0.70398	0.01278	0.00612	0.00175	0.00268	0.01069	0.00491	0.00458
38	0.02253	0.00925	0.01221	0.00946	0.01343	0.00835	0.00778	0.05534	0.06585	0.70678	0.02027	0.01763	0.01293	0.00648	0.00524	0.00162	0.00446	0.00526	0.00632	0.00882
39	0.02003	0.00814	0.01090	0.00860	0.01211	0.00705	0.00701	0.02203	0.01461	0.63277	0.10767	0.02302	0.08697	0.00752	0.00542	0.00163	0.00405	0.00622	0.00622	0.00802
40	0.00983	0.00926	0.01562	0.80447	0.03587	0.01157	0.01446	0.01331	0.01041	0.01331	0.00926	0.01388	0.00694	0.00521	0.00521	0.00174	0.00694	0.00463	0.00231	0.00579
41	0.01114	0.00947	0.01098	0.00791	0.01249	0.00735	0.00633	0.03867	0.02439	0.01758	0.00957	0.01100	0.00789	0.00399	0.00393	0.00082	0.00392	0.00319	0.00319	0.80618
42	0.01218	0.17572	0.54754	0.01293	0.01945	0.01307	0.01574	0.01691	0.01140	0.08609	0.03589	0.01204	0.00861	0.00518	0.00471	0.00154	0.00682	0.00396	0.00271	0.00752
43	0.00983	0.00926	0.01562	0.80447	0.03587	0.01157	0.01446	0.01331	0.01041	0.01331	0.00926	0.01388	0.00694	0.00521	0.00521	0.00174	0.00694	0.00463	0.00231	0.00579
44	0.00983	0.00926	0.01562	0.80447	0.03587	0.01157	0.01446	0.01331	0.01041	0.01331	0.00926	0.01388	0.00694	0.00521	0.00521	0.00174	0.00694	0.00463	0.00231	0.00579
45	0.01009	0.00966	0.01561	0.76101	0.03470	0.02849	0.01427	0.01344	0.01042	0.01327	0.00915	0.01370	0.00693	0.00534	0.00559	0.00175	0.03386	0.00460	0.00232	0.00579
46	0.01246	0.01418	0.02938	0.02156	0.04386	0.03446	0.69240	0.01658	0.01215	0.01639	0.01028	0.01377	0.00783	0.00464	0.00660	0.00176	0.04616	0.00596	0.00262	0.00696
47	0.00757	0.00505	0.00568	0.00568	0.00568	0.00505	0.00316	0.00757	0.00757	0.01010	0.01641	0.03408	0.01893	0.81698	0.02651	0.00505	0.00505	0.00757	0.00316	0.00316
48	0.01161	0.03687	0.57633	0.01515	0.02172	0.01297	0.09620	0.08459	0.01216	0.01767	0.00956	0.01143	0.00696	0.00527	0.00586	0.00168	0.05967	0.00419	0.00252	0.00758
49	0.01345	0.03681	0.08964	0.07647	0.50498	0.10696	0.01478	0.04838	0.01254	0.01670	0.01039	0.01294	0.02284	0.00502	0.00506	0.00154	0.00665	0.00449	0.00269	0.00768
50	0.01092	0.13468	0.68639	0.01404	0.02129	0.01325	0.01784	0.01637	0.01094	0.01592	0.00906	0.01064	0.00661	0.00488	0.00473	0.00158	0.00741	0.00370	0.00220	0.00756
51	0.00648	0.00463	0.00620	0.00740	0.00776	0.00434	0.00507	0.00748	0.01010	0.01344	0.02863	0.76444	0.03415	0.01619	0.00668	0.00213	0.00314	0.06264	0.00483	0.00427
52	0.01397	0.00805	0.00972	0.03527	0.01178	0.00805	0.00683	0.02896	0.20170	0.25380	0.10677	0.05638	0.10945	0.00841	0.00541	0.00168	0.00378	0.03181	0.09123	0.00693
53	0.01931	0.01327	0.01465	0.01148	0.01540	0.01441	0.00950	0.61417	0.03860	0.11985	0.01463	0.01634	0.01088	0.00683	0.00535	0.00163	0.00548	0.05431	0.00533	0.00857
54	0.04056	0.01372	0.02937	0.01410	0.01853	0.01410	0.20545	0.43506	0.03698	0.11938	0.01298	0.01357	0.00914	0.00576	0.00540	0.00163	0.00631	0.00510	0.00460	0.00826
55	0.01080	0.00635	0.00842	0.00821	0.01004	0.00594	0.00677	0.01323	0.02528	0.16424	0.26191	0.04340	0.10025	0.01149	0.00637	0.00195	0.00380	0.30051	0.00541	0.00562
56	0.03280	0.09027	0.44792	0.01479	0.04232	0.07799	0.11421	0.01645	0.01140	0.01607	0.00917	0.01101	0.00691	0.00476	0.00481	0.00151	0.00732	0.00395	0.00242	0.08394
57	0.01003	0.13472	0.01107	0.00766	0.00981	0.00870	0.00619	0.01384	0.11679	0.06558	0.38443	0.04319	0.09550	0.01109	0.05699	0.00203	0.00407	0.00761	0.00488	0.00582
58	0.02317	0.00890	0.01208	0.00929	0.01330	0.00775	0.00766	0.02542	0.02878	0.77412	0.02056	0.01776	0.01295	0.00646	0.00524	0.00161	0.00443	0.00525	0.00642	0.00885
59	0.00653	0.00466	0.00594	0.00688	0.00722	0.00437	0.00451	0.00732	0.00970	0.01283	0.02823	0.64130	0.07845	0.14433	0.00980	0.00256	0.00332	0.01341	0.00457	0.00407
60	0.14310	0.08989	0.01486	0.01129	0.01474	0.31548	0.00906	0.23836	0.02960	0.07188	0.01022	0.01080	0.00775	0.00557	0.00455	0.00145	0.00676	0.00378	0.00376	0.00709
61	0.00642	0.00495	0.00588	0.00651	0.00745	0.00445	0.00455	0.00776	0.02198	0.01410	0.07682	0.47202	0.31894	0.01470	0.00641	0.00195	0.00286	0.01295	0.00489	0.00439
62	0.00634	0.00453	0.00604	0.00725	0.00755	0.00423	0.00483	0.00725	0.00997	0.01329	0.02870	0.81358	0.03444	0.01632	0.00665	0.00211	0.00302	0.01480	0.00483	0.00423
63	0.14599	0.01129	0.01144	0.01012	0.01321	0.01301	0.00797	0.08535	0.59383	0.02292	0.01830	0.01714	0.01371	0.00665	0.00496	0.00173	0.00424	0.00531	0.00496	0.00788
64	0.02228	0.00949	0.01241	0.00959	0.01352	0.00873	0.00791	0.12239	0.01591	0.65869	0.01923	0.01714	0.01236	0.00768	0.03582	0.00187	0.00497	0.00518	0.00614	0.00870
65	0.00951	0.00487	0.00493	0.00493	0.00603	0.00487	0.00360	0.01172	0.01062	0.01857	0.01694	0.02075	0.01386	0.07991	0.00572	0.00156	0.00267	0.00510	0.76915	0.00470
66	0.00670	0.00480	0.00635	0.00748	0.00790	0.00454	0.00514	0.02052	0.01034	0.01377	0.02835	0.75291	0.03373	0.01602	0.00666	0.00212	0.00318	0.06030	0.00484	0.00434
67	0.12427	0.01546	0.01465	0.14804	0.07155	0.24219	0.02165	0.18763	0.03201	0.06749	0.01037	0.01182	0.00781	0.00557	0.00499	0.00155	0.01831	0.00413	0.00354	0.00697
68	0.01040	0.05967	0.00881	0.00698	0.00907	0.00719	0.00538	0.09014	0.01288	0.10642	0.06426	0.08328	0.36905	0.12211	0.00862	0.00216	0.00374	0.01977	0.00470	0.00538
69	0.07093	0.18477	0.01778	0.01184	0.01542	0.26763	0.07779	0.16704	0.03255	0.01821	0.01064	0.01180	0.02533	0.00593	0.01629	0.00150	0.00692	0.00402	0.02728	0.02632
70	0.11504	0.07536	0.49141	0.01389	0.02020	0.03050	0.08760	0.07641	0.01199	0.01829	0.00929	0.01089	0.00679	0.00496	0.00476	0.00161	0.00709	0.00393	0.00262	0.00737

[dist]
# distance from previous block
# <min> <max>
0	4

[block]
# block no. 2 follows, 47 sequences, length 14
# corresponding to MSA columns:
# 387-400
name=unknown_C
#
# <colnr> <probs for GDERKNQSTAVLIFYWHMCP>
#	G	D	E	R	K	N	Q	S	T	A	V	L	I	F	Y	W	H	M	C	P
0	0.00684	0.00488	0.00638	0.00685	0.00750	0.00456	0.00474	0.00829	0.01167	0.01604	0.32487	0.44774	0.03904	0.07590	0.00798	0.00215	0.00296	0.01212	0.00506	0.00442
1	0.01091	0.00979	0.01593	0.11923	0.39353	0.01003	0.04215	0.02935	0.01141	0.01587	0.09166	0.02084	0.01487	0.16740	0.00960	0.00230	0.00574	0.01981	0.00309	0.00648
2	0.01043	0.02132	0.51904	0.01290	0.01830	0.09172	0.01486	0.01478	0.01107	0.01527	0.01327	0.17116	0.01244	0.00875	0.03992	0.00200	0.00721	0.00606	0.00280	0.00670
3	0.01187	0.01658	0.20089	0.02076	0.10417	0.01257	0.48536	0.01641	0.01189	0.01669	0.01013	0.01309	0.00763	0.00452	0.00567	0.00167	0.00805	0.00533	0.00255	0.04417
4	0.00878	0.00674	0.00983	0.01176	0.16266	0.00640	0.00718	0.01120	0.01368	0.03954	0.52965	0.11363	0.03851	0.00993	0.00597	0.00167	0.00331	0.00892	0.00503	0.00561
5	0.00631	0.00468	0.00589	0.00686	0.00745	0.00426	0.00466	0.00730	0.01035	0.01345	0.03350	0.66146	0.18347	0.01569	0.00655	0.00204	0.00294	0.01404	0.00483	0.00426
6	0.01152	0.05666	0.63054	0.06341	0.02233	0.01283	0.01756	0.09423	0.01234	0.01782	0.00958	0.01122	0.00686	0.00508	0.00493	0.00162	0.00736	0.00394	0.00252	0.00766
7	0.16062	0.01798	0.01983	0.01734	0.02170	0.01562	0.01260	0.03021	0.02113	0.52878	0.02896	0.03249	0.02276	0.01435	0.01029	0.00392	0.00871	0.00879	0.00958	0.01432
8	0.00797	0.00586	0.00768	0.16491	0.01178	0.00631	0.00549	0.00870	0.00825	0.01089	0.01555	0.06623	0.01726	0.61808	0.02134	0.00425	0.00533	0.00732	0.00307	0.00373
9	0.02092	0.01014	0.01425	0.01406	0.16724	0.00945	0.00954	0.09807	0.01526	0.55854	0.01759	0.01624	0.01156	0.00607	0.00522	0.00159	0.00491	0.00506	0.00555	0.00874
10	0.02055	0.01337	0.01488	0.01140	0.01554	0.01434	0.00942	0.60953	0.02245	0.19330	0.01421	0.01361	0.00971	0.00629	0.00522	0.00157	0.00545	0.00481	0.00547	0.00886
11	0.00905	0.00452	0.00678	0.00678	0.00678	0.00452	0.00452	0.00678	0.00678	0.00905	0.00905	0.01583	0.00905	0.01809	0.02035	0.84848	0.00452	0.00452	0.00226	0.00226
12	0.00671	0.00475	0.00609	0.00702	0.00736	0.00451	0.00469	0.00754	0.00968	0.01283	0.02699	0.58562	0.05626	0.17562	0.01062	0.00271	0.00352	0.05892	0.00450	0.00406
13	0.00914	0.00831	0.01371	0.64562	0.03023	0.01011	0.01254	0.01210	0.01032	0.01330	0.01313	0.17322	0.01242	0.00742	0.00549	0.00181	0.00616	0.00666	0.00282	0.00548

[dist]
# distance from previous block
# <min> <max>
5	35

[block]
# block no. 3 follows, 47 sequences, length 42
# corresponding to MSA columns:
# 443-448,450-485
name=unknown_D
#
# <colnr> <probs for GDERKNQSTAVLIFYWHMCP>
#	G	D	E	R	K	N	Q	S	T	A	V	L	I	F	Y	W	H	M	C	P
0	0.01384	0.01061	0.01210	0.00894	0.01338	0.00942	0.00724	0.20270	0.03203	0.06635	0.01101	0.01183	0.00849	0.00468	0.00431	0.00104	0.00437	0.00368	0.00386	0.57014
1	0.27689	0.00927	0.01054	0.00840	0.01211	0.00897	0.00690	0.04063	0.01306	0.45826	0.04507	0.01516	0.01166	0.00596	0.00457	0.00156	0.00423	0.00452	0.00520	0.05705
2	0.01840	0.01387	0.01602	0.01247	0.01642	0.05730	0.08281	0.47916	0.09471	0.11095	0.01423	0.03549	0.01047	0.00640	0.00532	0.00161	0.00586	0.00521	0.00495	0.00834
3	0.01154	0.08872	0.05214	0.00906	0.01175	0.04211	0.00763	0.06578	0.21050	0.05036	0.32434	0.02645	0.04168	0.00831	0.00546	0.00163	0.00410	0.02699	0.00492	0.00653
4	0.00634	0.00453	0.00604	0.00725	0.00755	0.00423	0.00483	0.00725	0.00997	0.01329	0.02870	0.81358	0.03444	0.01632	0.00665	0.00211	0.00302	0.01480	0.00483	0.00423
5	0.02141	0.00916	0.01199	0.00931	0.01308	0.00834	0.00764	0.10722	0.01597	0.62866	0.09363	0.01920	0.01596	0.00683	0.00532	0.00161	0.00439	0.00558	0.00624	0.00848
6	0.03053	0.01370	0.01331	0.01095	0.01407	0.11336	0.00876	0.45587	0.05336	0.02583	0.01380	0.07759	0.01131	0.00705	0.00553	0.00158	0.03659	0.00537	0.09397	0.00750
7	0.01138	0.01155	0.01750	0.01452	0.01516	0.01533	0.10247	0.01291	0.00855	0.01305	0.00782	0.03123	0.00764	0.00872	0.01551	0.00221	0.69126	0.00500	0.00238	0.00582
8	0.01103	0.00939	0.01092	0.00782	0.01244	0.00717	0.00626	0.03210	0.01114	0.01737	0.00934	0.01084	0.00774	0.00392	0.00389	0.00079	0.00390	0.00313	0.00314	0.82766
9	0.00634	0.00453	0.00604	0.00725	0.00755	0.00423	0.00483	0.00725	0.00997	0.01329	0.02870	0.81358	0.03444	0.01632	0.00665	0.00211	0.00302	0.01480	0.00483	0.00423
10	0.00791	0.00589	0.00743	0.00694	0.00834	0.00570	0.00524	0.01156	0.08865	0.02097	0.70782	0.03701	0.04591	0.01030	0.00606	0.00165	0.00262	0.00907	0.00569	0.00524
11	0.00987	0.00838	0.01282	0.01281	0.08674	0.00952	0.06930	0.01142	0.00988	0.05016	0.02822	0.31854	0.01921	0.04689	0.04265	0.00243	0.24321	0.00886	0.00361	0.00548
12	0.01715	0.01066	0.03374	0.01014	0.01354	0.03095	0.00836	0.04830	0.32565	0.33821	0.03481	0.02120	0.01556	0.00727	0.00540	0.00172	0.00456	0.05908	0.00559	0.00813
13	0.02226	0.00958	0.01240	0.00962	0.01358	0.00885	0.00791	0.09592	0.07167	0.66014	0.01983	0.01735	0.01273	0.00647	0.00524	0.00162	0.00453	0.00523	0.00624	0.00882
14	0.00634	0.00453	0.00604	0.00725	0.00755	0.00423	0.00483	0.00725	0.00997	0.01329	0.02870	0.81358	0.03444	0.01632	0.00665	0.00211	0.00302	0.01480	0.00483	0.00423
15	0.01945	0.09252	0.01654	0.01151	0.01570	0.01604	0.00966	0.64659	0.02252	0.07918	0.01251	0.01243	0.00890	0.00609	0.00503	0.00152	0.00563	0.00454	0.00500	0.00865
16	0.17427	0.01279	0.01308	0.01032	0.01402	0.01420	0.00849	0.55259	0.02024	0.02974	0.01197	0.01243	0.00870	0.00597	0.00468	0.00154	0.00509	0.00436	0.08767	0.00786
17	0.00634	0.00453	0.00604	0.00725	0.00755	0.00423	0.00483	0.00725	0.00997	0.01329	0.02870	0.81358	0.03444	0.01632	0.00665	0.00211	0.00302	0.01480	0.00483	0.00423
18	0.04390	0.02221	0.01536	0.01350	0.01632	0.63077	0.05154	0.05070	0.05054	0.01452	0.00892	0.01030	0.00727	0.00555	0.00525	0.00144	0.03901	0.00371	0.00291	0.00629
19	0.01765	0.01455	0.08958	0.01143	0.01559	0.01431	0.01006	0.57211	0.05349	0.04442	0.01318	0.01345	0.00947	0.00614	0.00503	0.00155	0.00550	0.00469	0.08949	0.00832
20	0.01195	0.32737	0.42610	0.01328	0.01950	0.01544	0.08786	0.01617	0.01096	0.01490	0.00866	0.01029	0.00676	0.00471	0.00445	0.00146	0.00699	0.00367	0.00225	0.00725
21	0.01079	0.00997	0.05265	0.02843	0.01651	0.00854	0.26571	0.01354	0.01169	0.09043	0.03668	0.14411	0.13133	0.03357	0.02881	0.00200	0.00584	0.02547	0.00382	0.08010
22	0.00850	0.00712	0.00789	0.00818	0.00899	0.04998	0.00576	0.01136	0.12038	0.01417	0.03821	0.46828	0.04454	0.12231	0.00964	0.00241	0.05188	0.01110	0.00442	0.00487
23	0.01402	0.01019	0.01126	0.00955	0.01193	0.01098	0.00730	0.42702	0.01751	0.02344	0.01730	0.21561	0.01722	0.17048	0.00981	0.00240	0.00492	0.00777	0.00471	0.00657
24	0.01099	0.18770	0.59109	0.01317	0.01985	0.01344	0.01634	0.01594	0.01112	0.01587	0.05150	0.01199	0.00896	0.00516	0.00469	0.00154	0.00697	0.00394	0.00240	0.00734
25	0.02214	0.00942	0.01226	0.00955	0.01349	0.00867	0.00784	0.06907	0.08936	0.66936	0.02014	0.01758	0.01295	0.00649	0.00524	0.00162	0.00448	0.00527	0.00626	0.00880
26	0.02164	0.01107	0.01341	0.01026	0.01436	0.01089	0.00847	0.30907	0.01846	0.47711	0.01715	0.01553	0.01120	0.00630	0.00519	0.00157	0.00491	0.00497	0.00588	0.03258
27	0.00737	0.00532	0.00696	0.00655	0.00778	0.00491	0.00491	0.00983	0.01474	0.02088	0.78175	0.03890	0.04914	0.01065	0.00614	0.00164	0.00246	0.00942	0.00573	0.00491
28	0.01827	0.19533	0.01744	0.01245	0.01551	0.62982	0.00982	0.01968	0.01386	0.01264	0.00788	0.00917	0.00670	0.00517	0.00441	0.00129	0.00857	0.00323	0.00259	0.00618
29	0.01125	0.00618	0.00820	0.00721	0.00912	0.00558	0.00558	0.01360	0.01478	0.20692	0.59717	0.03377	0.04035	0.00963	0.00592	0.00163	0.00294	0.00840	0.00591	0.00587
30	0.00782	0.00635	0.00706	0.00670	0.00847	0.00612	0.00508	0.01196	0.14922	0.01798	0.31865	0.04046	0.37241	0.01115	0.00600	0.00171	0.00284	0.00949	0.00525	0.00528
