[name]
unknown

[dist]
# distance from previous block
# <min> <max>
3	90

[block]
# block no. 0 follows, 50 sequences, length 44
# corresponding to MSA columns:
# 124-167
name=unknown_A
#
# <colnr> <probs for GDERKNQSTAVLIFYWHMCP>
#	G	D	E	R	K	N	Q	S	T	A	V	L	I	F	Y	W	H	M	C	P
0	0.08754	0.00980	0.01455	0.07103	0.01598	0.01008	0.17296	0.08135	0.05873	0.03401	0.01330	0.15189	0.01231	0.00696	0.00599	0.00158	0.07578	0.00610	0.01918	0.15087
1	0.00986	0.00910	0.01495	0.77486	0.03344	0.01128	0.01364	0.04896	0.01061	0.01362	0.00901	0.01323	0.00673	0.00503	0.00498	0.00165	0.00659	0.00443	0.00235	0.00568
2	0.00921	0.00853	0.01423	0.74273	0.03199	0.01052	0.01305	0.01245	0.01033	0.01337	0.07686	0.01537	0.01016	0.00544	0.00506	0.00165	0.00627	0.00483	0.00250	0.00546
3	0.00701	0.00506	0.00662	0.00630	0.00744	0.00467	0.00470	0.00929	0.01389	0.01964	0.75491	0.07441	0.04636	0.01045	0.00590	0.00159	0.00238	0.00926	0.00545	0.00467
4	0.00705	0.00510	0.00666	0.00627	0.00745	0.00470	0.00470	0.00941	0.01411	0.01999	0.79110	0.03723	0.04703	0.01019	0.00588	0.00157	0.00235	0.00901	0.00549	0.00470
5	0.00723	0.00532	0.00679	0.00638	0.00764	0.00499	0.00480	0.01000	0.04448	0.01980	0.73525	0.03686	0.07129	0.01014	0.00585	0.00158	0.00242	0.00893	0.00544	0.00481
6	0.01189	0.01018	0.01083	0.00984	0.01247	0.01170	0.00761	0.02488	0.71752	0.02043	0.05110	0.05739	0.01731	0.00732	0.00516	0.00170	0.00383	0.00617	0.00507	0.00758
7	0.86003	0.00964	0.00733	0.00655	0.00964	0.01118	0.00540	0.01465	0.00848	0.02236	0.00694	0.00810	0.00540	0.00463	0.00308	0.00154	0.00386	0.00270	0.00308	0.00540
8	0.00624	0.00452	0.00591	0.00686	0.00736	0.00420	0.00474	0.00733	0.01015	0.01350	0.09450	0.66342	0.08763	0.01485	0.00631	0.00197	0.00290	0.04877	0.00470	0.00414
9	0.86003	0.00964	0.00733	0.00655	0.00964	0.01118	0.00540	0.01465	0.00848	0.02236	0.00694	0.00810	0.00540	0.00463	0.00308	0.00154	0.00386	0.00270	0.00308	0.00540
10	0.00923	0.00568	0.00773	0.00835	0.00956	0.00547	0.00671	0.01121	0.02750	0.11357	0.02580	0.32788	0.02788	0.01333	0.00642	0.00209	0.00392	0.37789	0.00481	0.00496
11	0.00775	0.00522	0.00685	0.00643	0.00769	0.00480	0.00483	0.01000	0.01388	0.05731	0.71323	0.07779	0.04460	0.01028	0.00586	0.00159	0.00247	0.00909	0.00547	0.00485
12	0.01277	0.01089	0.01148	0.01022	0.01310	0.01257	0.00798	0.06891	0.74170	0.02145	0.01982	0.01822	0.01483	0.00672	0.00507	0.00168	0.00403	0.00557	0.00507	0.00792
13	0.01034	0.00886	0.01034	0.00738	0.01181	0.00664	0.00591	0.01255	0.01034	0.01624	0.00886	0.01034	0.00738	0.00369	0.00369	0.00074	0.00369	0.00295	0.00295	0.85530
14	0.00607	0.00434	0.00578	0.00694	0.00723	0.00405	0.00463	0.00694	0.00954	0.01272	0.02747	0.82157	0.03297	0.01562	0.00636	0.00202	0.00289	0.01417	0.00463	0.00405
15	0.78799	0.00954	0.00769	0.00675	0.00990	0.01085	0.00556	0.01548	0.00898	0.08901	0.00803	0.00886	0.00600	0.00476	0.00325	0.00154	0.00389	0.00290	0.00335	0.00566
16	0.00977	0.00592	0.00748	0.16697	0.01226	0.00633	0.00602	0.01269	0.03775	0.05320	0.10010	0.01950	0.01537	0.00617	0.00417	0.00134	0.00333	0.00513	0.52137	0.00512
17	0.86003	0.00964	0.00733	0.00655	0.00964	0.01118	0.00540	0.01465	0.00848	0.02236	0.00694	0.00810	0.00540	0.00463	0.00308	0.00154	0.00386	0.00270	0.00308	0.00540
18	0.00761	0.00544	0.00693	0.00647	0.00780	0.00511	0.00488	0.01048	0.05139	0.03702	0.70687	0.03631	0.07459	0.01003	0.00582	0.00158	0.00248	0.00882	0.00545	0.00492
19	0.17524	0.09769	0.30221	0.01320	0.07351	0.01225	0.08332	0.05251	0.01105	0.06508	0.01056	0.01190	0.03223	0.00514	0.00485	0.00154	0.03404	0.00402	0.00283	0.00682
20	0.01312	0.01027	0.05918	0.04010	0.02627	0.00997	0.00827	0.05115	0.36025	0.15574	0.07548	0.05718	0.01614	0.00814	0.03717	0.00185	0.00460	0.00580	0.00472	0.05458
21	0.01396	0.01097	0.01157	0.01006	0.01302	0.03484	0.00791	0.10861	0.56987	0.09291	0.05634	0.01834	0.01549	0.00674	0.00508	0.00164	0.00421	0.00554	0.00511	0.00779
22	0.00866	0.00433	0.00649	0.00649	0.00649	0.00433	0.00433	0.00649	0.00649	0.00866	0.00866	0.01515	0.00866	0.01732	0.01948	0.85498	0.00433	0.00433	0.00216	0.00216
23	0.02657	0.16705	0.08942	0.17721	0.33061	0.03340	0.06150	0.03051	0.01107	0.01497	0.00879	0.01145	0.00714	0.00458	0.00462	0.00146	0.00627	0.00407	0.00239	0.00694
24	0.03641	0.00937	0.01500	0.67850	0.05763	0.02507	0.02574	0.01350	0.01017	0.04419	0.00918	0.01310	0.00688	0.00510	0.00527	0.00166	0.03068	0.00440	0.00242	0.00575
25	0.00610	0.00436	0.00581	0.00692	0.00724	0.00407	0.00463	0.00701	0.00968	0.01293	0.04958	0.79887	0.03337	0.01546	0.00635	0.00201	0.00288	0.01402	0.00465	0.00407
26	0.00628	0.00491	0.00569	0.00582	0.00705	0.00432	0.00424	0.00778	0.01179	0.01525	0.26597	0.21157	0.40646	0.01254	0.00599	0.00172	0.00255	0.01086	0.00488	0.00432
27	0.05020	0.16124	0.27311	0.01181	0.03746	0.09825	0.03512	0.01813	0.01189	0.22135	0.02861	0.01224	0.00888	0.00517	0.00451	0.00144	0.00609	0.00397	0.00337	0.00717
28	0.75734	0.00918	0.00751	0.03893	0.01044	0.01060	0.00567	0.01396	0.00863	0.02120	0.00867	0.07363	0.00766	0.00552	0.00342	0.00159	0.00389	0.00369	0.00317	0.00530
29	0.04965	0.05812	0.34798	0.14340	0.17913	0.05212	0.05709	0.01547	0.01080	0.02811	0.00900	0.01128	0.00682	0.00470	0.00472	0.00153	0.00679	0.00398	0.00235	0.00695
30	0.01078	0.00623	0.00639	0.00585	0.00748	0.00651	0.00452	0.11942	0.04762	0.02048	0.01584	0.01766	0.01229	0.00588	0.00377	0.00123	0.00284	0.00467	0.69521	0.00533
31	0.75961	0.00950	0.00783	0.00683	0.01001	0.01072	0.00563	0.01581	0.00918	0.11525	0.00847	0.00916	0.00623	0.00481	0.00332	0.00154	0.00390	0.00298	0.00345	0.00577
32	0.00644	0.00503	0.00584	0.00573	0.00709	0.00443	0.00426	0.00818	0.01251	0.01642	0.38930	0.09039	0.40318	0.01169	0.00591	0.00165	0.00247	0.01005	0.00502	0.00443
33	0.00966	0.00921	0.01586	0.73913	0.07041	0.01118	0.04869	0.01301	0.01012	0.01305	0.00894	0.01325	0.00675	0.00492	0.00502	0.00165	0.00669	0.00450	0.00224	0.00570
34	0.08206	0.01255	0.14318	0.01179	0.05716	0.00984	0.05672	0.10935	0.01398	0.43004	0.01489	0.01418	0.00984	0.00558	0.00487	0.00155	0.00522	0.00458	0.00470	0.00793
35	0.00621	0.00469	0.00576	0.00646	0.00722	0.00428	0.00447	0.00752	0.02342	0.01362	0.09357	0.54871	0.22736	0.01427	0.00618	0.00190	0.00277	0.01269	0.00470	0.00421
36	0.02601	0.01127	0.03752	0.03575	0.04604	0.01159	0.05899	0.19846	0.28214	0.14787	0.03225	0.01640	0.02221	0.00618	0.00501	0.00158	0.00479	0.00519	0.04309	0.00767
37	0.01190	0.00881	0.03497	0.02605	0.01285	0.00706	0.06117	0.01437	0.02569	0.16154	0.03764	0.11372	0.03966	0.00629	0.00464	0.00124	0.00411	0.00548	0.01602	0.40678
38	0.02802	0.29071	0.34129	0.03944	0.01759	0.05534	0.02269	0.06925	0.01148	0.04240	0.00869	0.01003	0.00673	0.00486	0.00461	0.00141	0.03257	0.00348	0.00251	0.00691
39	0.01351	0.76556	0.02528	0.00880	0.01292	0.01939	0.00864	0.04964	0.01066	0.01263	0.00715	0.00827	0.00650	0.00448	0.00368	0.00112	0.03024	0.00280	0.00226	0.00646
40	0.00605	0.00441	0.00571	0.00675	0.00718	0.00406	0.00454	0.00696	0.00972	0.01280	0.02974	0.74544	0.10764	0.01532	0.00632	0.00199	0.00286	0.01381	0.00463	0.00406
41	0.01166	0.01066	0.01768	0.23250	0.46678	0.01094	0.03003	0.01463	0.01098	0.04057	0.00953	0.01254	0.00765	0.00455	0.00483	0.00145	0.00587	0.00432	0.00258	0.10026
42	0.00769	0.00754	0.09418	0.00909	0.01067	0.00589	0.00819	0.00995	0.01082	0.01438	0.02479	0.27085	0.02746	0.01331	0.00650	0.00214	0.00441	0.46308	0.00433	0.00474
43	0.07526	0.10900	0.05824	0.03780	0.08704	0.30927	0.02613	0.09747	0.04155	0.03227	0.00912	0.01037	0.00724	0.00494	0.00436	0.00133	0.00668	0.00359	0.00296	0.07538

[dist]
# distance from previous block
# <min> <max>
0	9

[block]
# block no. 1 follows, 50 sequences, length 18
# corresponding to MSA columns:
# 177-194
name=unknown_B
#
# <colnr> <probs for GDERKNQSTAVLIFYWHMCP>
#	G	D	E	R	K	N	Q	S	T	A	V	L	I	F	Y	W	H	M	C	P
0	0.03429	0.00972	0.04052	0.21537	0.01793	0.01099	0.01006	0.09617	0.01078	0.06417	0.01069	0.03925	0.00907	0.01224	0.15395	0.00288	0.20126	0.00478	0.00298	0.05292
1	0.11633	0.00926	0.01025	0.00888	0.01181	0.00985	0.00702	0.03508	0.36358	0.24065	0.03453	0.06859	0.04819	0.00719	0.00495	0.00165	0.00389	0.00589	0.00510	0.00731
2	0.00699	0.00485	0.00635	0.00674	0.00711	0.00499	0.00460	0.00772	0.00831	0.01127	0.01885	0.25058	0.02124	0.33095	0.20541	0.03471	0.00630	0.05586	0.00345	0.00372
3	0.03009	0.31973	0.22375	0.04039	0.05544	0.07465	0.03244	0.06301	0.01182	0.09190	0.00935	0.01041	0.00718	0.00479	0.00421	0.00136	0.00617	0.00355	0.00278	0.00697
4	0.01301	0.01409	0.02639	0.01917	0.02381	0.06271	0.61803	0.10482	0.01316	0.01743	0.01006	0.01293	0.00757	0.00459	0.00597	0.00165	0.02947	0.00551	0.00280	0.00683
5	0.00641	0.00458	0.00617	0.00732	0.00776	0.00434	0.00521	0.00752	0.00987	0.01310	0.02729	0.69153	0.03224	0.01530	0.00645	0.00207	0.00318	0.14093	0.00462	0.00414
6	0.01251	0.01002	0.01123	0.00879	0.01264	0.00951	0.00701	0.10847	0.25220	0.05271	0.01323	0.01337	0.01015	0.00502	0.00433	0.00116	0.00401	0.00406	0.00399	0.45558
7	0.01625	0.01181	0.01257	0.00990	0.01329	0.01285	0.00809	0.59545	0.02047	0.02776	0.01709	0.01706	0.10301	0.00676	0.00492	0.00148	0.00476	0.00523	0.10372	0.00752
8	0.01110	0.01072	0.01864	0.35064	0.43429	0.01158	0.06240	0.01429	0.01081	0.01481	0.00921	0.01280	0.00736	0.00465	0.00501	0.00157	0.00637	0.00453	0.00237	0.00686
9	0.00691	0.00509	0.00647	0.00612	0.00736	0.00464	0.00459	0.00914	0.01378	0.01921	0.70219	0.03852	0.13644	0.01048	0.00588	0.00158	0.00237	0.00920	0.00538	0.00464
10	0.12004	0.00809	0.01019	0.00814	0.01138	0.00746	0.00661	0.03460	0.01356	0.54580	0.14291	0.01945	0.01719	0.02525	0.00538	0.00162	0.00393	0.00542	0.00559	0.00738
11	0.14602	0.00865	0.01094	0.00853	0.01227	0.00790	0.00704	0.02287	0.01341	0.68280	0.01779	0.01566	0.01131	0.00594	0.00473	0.00154	0.00418	0.00467	0.00571	0.00803
12	0.00988	0.00639	0.00824	0.10363	0.01165	0.00626	0.00616	0.01233	0.06283	0.14287	0.11975	0.16516	0.19333	0.08916	0.00754	0.00200	0.00373	0.02459	0.00454	0.01997
13	0.00705	0.00510	0.00666	0.00627	0.00745	0.00470	0.00470	0.00941	0.01411	0.01999	0.79110	0.03723	0.04703	0.01019	0.00588	0.00157	0.00235	0.00901	0.00549	0.00470
14	0.01092	0.00907	0.01134	0.00813	0.01256	0.00697	0.04435	0.01323	0.01058	0.04981	0.00938	0.01078	0.00760	0.00382	0.00386	0.00082	0.00395	0.00319	0.00307	0.77658
15	0.00963	0.00840	0.05839	0.29039	0.01830	0.00864	0.00912	0.04981	0.06134	0.01592	0.02598	0.01640	0.01071	0.01113	0.14484	0.00262	0.00634	0.00476	0.24178	0.00549
16	0.65856	0.01098	0.09952	0.00741	0.01077	0.01045	0.00683	0.01415	0.00940	0.02131	0.10132	0.01188	0.01050	0.00531	0.00361	0.00155	0.00408	0.00357	0.00326	0.00554
17	0.11510	0.02900	0.01534	0.01475	0.15672	0.01263	0.09859	0.15943	0.27827	0.02114	0.01467	0.01510	0.03558	0.00578	0.00487	0.00158	0.00508	0.00498	0.00397	0.00741

[dist]
# distance from previous block
# <min> <max>
0	10

[block]
# block no. 2 follows, 50 sequences, length 6
# corresponding to MSA columns:
# 205-210
name=unknown_C
#
# <colnr> <probs for GDERKNQSTAVLIFYWHMCP>
#	G	D	E	R	K	N	Q	S	T	A	V	L	I	F	Y	W	H	M	C	P
0	0.20161	0.04448	0.05911	0.00960	0.03201	0.18903	0.00755	0.04327	0.04905	0.07947	0.01292	0.11583	0.01211	0.11478	0.00724	0.00197	0.00545	0.00537	0.00346	0.00571
1	0.01158	0.05759	0.21215	0.01217	0.04335	0.00990	0.12154	0.06051	0.01182	0.07572	0.05966	0.06463	0.01184	0.02329	0.00524	0.00146	0.00551	0.00502	0.00325	0.20378
2	0.46955	0.08674	0.21407	0.00915	0.01346	0.03972	0.00936	0.01599	0.03556	0.05455	0.00851	0.00950	0.00640	0.00478	0.00372	0.00151	0.00509	0.00317	0.00294	0.00623
3	0.01421	0.11354	0.40841	0.01254	0.01830	0.01136	0.07894	0.01823	0.01170	0.24754	0.01199	0.01239	0.00822	0.00506	0.00474	0.00152	0.00629	0.00415	0.00335	0.00753
4	0.00748	0.00484	0.00550	0.00545	0.00575	0.00479	0.00330	0.00808	0.00856	0.01215	0.11824	0.03146	0.02127	0.61383	0.02003	0.00394	0.00419	0.00715	0.11054	0.00345
5	0.01312	0.32802	0.01789	0.11675	0.05434	0.20159	0.00924	0.04591	0.01162	0.01318	0.01152	0.11310	0.03207	0.00631	0.00438	0.00137	0.00602	0.00486	0.00277	0.00594

[dist]
# distance from previous block
# <min> <max>
10	40

[block]
# block no. 3 follows, 50 sequences, length 23
# corresponding to MSA columns:
# 251-259,264-277
name=unknown_D
#
# <colnr> <probs for GDERKNQSTAVLIFYWHMCP>
#	G	D	E	R	K	N	Q	S	T	A	V	L	I	F	Y	W	H	M	C	P
0	0.06745	0.00960	0.01328	0.48564	0.06426	0.05805	0.01122	0.01335	0.01035	0.04075	0.01050	0.07525	0.00894	0.00566	0.00478	0.00154	0.00584	0.00484	0.00272	0.10599
1	0.00725	0.00483	0.00544	0.00544	0.00544	0.00483	0.00302	0.00725	0.00725	0.00966	0.01571	0.03262	0.01812	0.82483	0.02537	0.00483	0.00483	0.00725	0.00302	0.00302
2	0.00649	0.00544	0.00573	0.00579	0.00748	0.00483	0.00449	0.00857	0.05351	0.01403	0.04613	0.04730	0.66322	0.01243	0.00596	0.00175	0.00284	0.09493	0.00465	0.00445
3	0.30726	0.00913	0.00988	0.00817	0.01137	0.00939	0.00668	0.12127	0.01322	0.31785	0.06573	0.05339	0.01313	0.00653	0.00452	0.00158	0.00410	0.02515	0.00479	0.00686
4	0.00696	0.00513	0.00744	0.00763	0.00835	0.00576	0.00571	0.00844	0.00821	0.01162	0.01590	0.15488	0.01633	0.09496	0.61072	0.00676	0.01094	0.00697	0.00303	0.00427
5	0.02236	0.00848	0.01157	0.00887	0.01272	0.00733	0.00733	0.02429	0.01427	0.79719	0.01966	0.01697	0.01234	0.00617	0.00501	0.00154	0.00424	0.00501	0.00617	0.00848
6	0.00686	0.00546	0.00859	0.00864	0.00954	0.00513	0.09113	0.00822	0.01002	0.01339	0.04312	0.66450	0.03018	0.01410	0.00633	0.00199	0.00360	0.06039	0.00441	0.00440
7	0.00965	0.00490	0.00540	0.00533	0.00657	0.00476	0.00397	0.01177	0.01085	0.07219	0.06906	0.11980	0.01752	0.00734	0.00411	0.00132	0.00253	0.00615	0.63191	0.00484
8	0.02168	0.00885	0.01166	0.00897	0.01276	0.00797	0.00740	0.09049	0.01496	0.70651	0.01888	0.01657	0.01201	0.00614	0.00497	0.00153	0.00429	0.00496	0.03102	0.00837
9	0.02157	0.00888	0.01171	0.00907	0.01287	0.00803	0.00746	0.05946	0.06388	0.71199	0.01935	0.01684	0.01234	0.00620	0.00502	0.00155	0.00428	0.00503	0.00604	0.00844
10	0.01276	0.52537	0.18318	0.01167	0.07532	0.01674	0.01117	0.01531	0.01032	0.04157	0.00798	0.00934	0.00672	0.00469	0.00443	0.00128	0.04991	0.00319	0.00230	0.00674
11	0.01000	0.02578	0.79900	0.01421	0.02157	0.01158	0.01842	0.01579	0.01052	0.01579	0.00895	0.01052	0.00631	0.00474	0.00474	0.00158	0.00737	0.00368	0.00210	0.00737
12	0.02236	0.00848	0.01157	0.00887	0.01272	0.00733	0.00733	0.02429	0.01427	0.79719	0.01966	0.01697	0.01234	0.00617	0.00501	0.00154	0.00424	0.00501	0.00617	0.00848
13	0.00607	0.00434	0.00578	0.00694	0.00723	0.00405	0.00463	0.00694	0.00954	0.01272	0.02747	0.82157	0.03297	0.01562	0.00636	0.00202	0.00289	0.01417	0.00463	0.00405
14	0.03184	0.01213	0.07780	0.21967	0.28506	0.02414	0.05463	0.07407	0.03856	0.10485	0.01086	0.01303	0.00814	0.00506	0.00513	0.00157	0.01869	0.00451	0.00309	0.00718
15	0.01333	0.82783	0.02612	0.00853	0.01279	0.01972	0.00853	0.01493	0.01013	0.01173	0.00693	0.00800	0.00640	0.00426	0.00320	0.00107	0.00533	0.00267	0.00213	0.00640
16	0.02217	0.00880	0.01176	0.00902	0.01288	0.00779	0.00745	0.06745	0.01479	0.75328	0.01922	0.01668	0.01212	0.00616	0.00501	0.00154	0.00431	0.00498	0.00610	0.00848
17	0.03779	0.04792	0.07357	0.15018	0.17744	0.40168	0.01198	0.01714	0.01230	0.01364	0.00828	0.01044	0.00672	0.00489	0.00460	0.00141	0.00758	0.00367	0.00245	0.00630
18	0.00861	0.00436	0.00654	0.00654	0.00657	0.00439	0.00439	0.00657	0.00654	0.00875	0.00880	0.01529	0.00878	0.01794	0.04406	0.82848	0.00461	0.00436	0.00218	0.00224
19	0.04935	0.05204	0.00972	0.06174	0.03238	0.03685	0.00697	0.02380	0.07082	0.04452	0.05998	0.21433	0.06698	0.06583	0.02491	0.00214	0.03213	0.11992	0.02043	0.00516
20	0.01099	0.00853	0.01013	0.00747	0.01158	0.00653	0.00593	0.01309	0.01059	0.07672	0.01093	0.06442	0.00946	0.00467	0.00397	0.00089	0.00368	0.00385	0.00331	0.73326
21	0.05420	0.10358	0.05452	0.01039	0.01398	0.02539	0.03479	0.21655	0.28749	0.07305	0.03664	0.01589	0.03929	0.00622	0.00479	0.00154	0.00483	0.00496	0.00442	0.00748
22	0.02608	0.15867	0.45056	0.01258	0.04549	0.01237	0.01393	0.01738	0.07110	0.11581	0.01115	0.02498	0.00828	0.00516	0.00454	0.00150	0.00617	0.00402	0.00293	0.00732

[dist]
# distance from previous block
# <min> <max>
6	20

[block]
# block no. 4 follows, 50 sequences, length 116
# corresponding to MSA columns:
# 306-421
name=unknown_E
#
# <colnr> <probs for GDERKNQSTAVLIFYWHMCP>
#	G	D	E	R	K	N	Q	S	T	A	V	L	I	F	Y	W	H	M	C	P
0	0.86003	0.00964	0.00733	0.00655	0.00964	0.01118	0.00540	0.01465	0.00848	0.02236	0.00694	0.00810	0.00540	0.00463	0.00308	0.00154	0.00386	0.00270	0.00308	0.00540
1	0.00705	0.00510	0.00666	0.00627	0.00745	0.00470	0.00470	0.00941	0.01411	0.01999	0.79110	0.03723	0.04703	0.01019	0.00588	0.00157	0.00235	0.00901	0.00549	0.00470
2	0.01698	0.01130	0.01263	0.00994	0.01322	0.01205	0.00802	0.50796	0.01957	0.13913	0.10805	0.01755	0.01456	0.07755	0.00687	0.00180	0.00487	0.00535	0.00505	0.00755
3	0.00608	0.00499	0.00536	0.00541	0.00689	0.00427	0.00400	0.00747	0.01160	0.01437	0.15882	0.11903	0.60935	0.01254	0.00593	0.00170	0.00253	0.01064	0.00476	0.00427
4	0.86003	0.00964	0.00733	0.00655	0.00964	0.01118	0.00540	0.01465	0.00848	0.02236	0.00694	0.00810	0.00540	0.00463	0.00308	0.00154	0.00386	0.00270	0.00308	0.00540
5	0.56282	0.01109	0.00914	0.00786	0.01106	0.10669	0.00636	0.01753	0.01051	0.20150	0.01000	0.01027	0.00714	0.00505	0.00370	0.00151	0.00457	0.00330	0.00374	0.00616
6	0.86003	0.00964	0.00733	0.00655	0.00964	0.01118	0.00540	0.01465	0.00848	0.02236	0.00694	0.00810	0.00540	0.00463	0.00308	0.00154	0.00386	0.00270	0.00308	0.00540
7	0.00784	0.00650	0.00711	0.00709	0.00892	0.00642	0.00562	0.01228	0.19006	0.01547	0.03850	0.04290	0.45344	0.01151	0.00591	0.00181	0.00328	0.16549	0.00472	0.00514
8	0.75786	0.01016	0.00825	0.00715	0.01035	0.01170	0.00589	0.10727	0.01030	0.02346	0.00755	0.00857	0.00577	0.00479	0.00332	0.00154	0.00405	0.00292	0.00332	0.00577
9	0.01585	0.01138	0.01242	0.00991	0.01285	0.01275	0.00811	0.52023	0.01883	0.02654	0.01257	0.01352	0.00938	0.00618	0.00560	0.00147	0.07498	0.00452	0.21567	0.00726
10	0.00686	0.00576	0.00606	0.00590	0.00765	0.00529	0.00448	0.00984	0.10564	0.01518	0.13623	0.04326	0.59224	0.01164	0.00581	0.00168	0.00272	0.02426	0.00479	0.00472
11	0.07378	0.01241	0.01281	0.02226	0.01408	0.04065	0.00835	0.44467	0.15022	0.02589	0.01275	0.01291	0.00942	0.00574	0.00465	0.00144	0.00492	0.00437	0.04589	0.09281
12	0.01268	0.67116	0.17709	0.00964	0.01451	0.01813	0.01046	0.01509	0.01021	0.01252	0.00732	0.00849	0.00638	0.00436	0.00350	0.00117	0.00573	0.00286	0.00213	0.00659
13	0.00634	0.00512	0.00567	0.00571	0.00716	0.00449	0.00427	0.00806	0.02484	0.01498	0.20611	0.11256	0.52640	0.01230	0.00595	0.00171	0.00262	0.03653	0.00482	0.00438
14	0.00857	0.00585	0.00731	0.00749	0.00859	0.00577	0.00538	0.05583	0.07868	0.06453	0.15587	0.51991	0.03109	0.01276	0.00600	0.00186	0.00313	0.01141	0.00493	0.00503
15	0.04230	0.39280	0.30977	0.01115	0.01629	0.12362	0.01223	0.01591	0.01076	0.01366	0.00778	0.00907	0.00633	0.00457	0.00394	0.00130	0.00653	0.00312	0.00221	0.00664
16	0.02219	0.00875	0.01173	0.00900	0.01286	0.00773	0.00743	0.06150	0.01472	0.75934	0.01928	0.01672	0.01215	0.00616	0.00501	0.00154	0.00430	0.00499	0.00611	0.00848
17	0.19580	0.01031	0.01166	0.00914	0.01287	0.01048	0.00755	0.23977	0.01571	0.41463	0.01479	0.01367	0.00978	0.00579	0.00460	0.00153	0.00452	0.00438	0.00519	0.00784
18	0.01353	0.01134	0.02186	0.14676	0.07950	0.01118	0.39914	0.01689	0.01186	0.17805	0.02343	0.01434	0.00899	0.00500	0.00585	0.00165	0.03510	0.00536	0.00326	0.00691
19	0.00694	0.00499	0.00675	0.00787	0.00853	0.00484	0.00601	0.00858	0.02308	0.01371	0.02693	0.50993	0.03101	0.01475	0.00654	0.00212	0.00357	0.30489	0.00462	0.00432
20	0.00616	0.00500	0.00546	0.00548	0.00693	0.00430	0.00406	0.00762	0.01180	0.01481	0.20883	0.11275	0.56468	0.01236	0.00593	0.00169	0.00252	0.01051	0.00481	0.00430
21	0.00969	0.00779	0.07520	0.04831	0.03671	0.03381	0.00610	0.01243	0.02347	0.02763	0.01780	0.03060	0.07607	0.00632	0.00404	0.00131	0.00342	0.00513	0.56902	0.00514
22	0.06369	0.09475	0.53817	0.08290	0.04767	0.01249	0.01568	0.06052	0.01111	0.01651	0.00882	0.01053	0.00648	0.00477	0.00454	0.00153	0.00674	0.00367	0.00236	0.00708
23	0.18910	0.01273	0.04404	0.02228	0.47737	0.08059	0.04221	0.01538	0.01086	0.01699	0.00888	0.01141	0.00734	0.00574	0.03355	0.00172	0.00618	0.00403	0.00260	0.00700
24	0.01111	0.01169	0.04360	0.48391	0.23461	0.08594	0.01393	0.01418	0.01070	0.01372	0.00884	0.01248	0.00694	0.00492	0.00516	0.00159	0.02382	0.00429	0.00231	0.00625
25	0.05758	0.00568	0.00764	0.00773	0.00880	0.00546	0.05268	0.03601	0.01052	0.01458	0.06176	0.57645	0.10956	0.01334	0.00602	0.00190	0.00332	0.01200	0.00446	0.00450
26	0.00975	0.00940	0.01492	0.78384	0.03364	0.03985	0.01369	0.01300	0.01012	0.01272	0.00882	0.01313	0.00664	0.00499	0.00497	0.00165	0.00673	0.00439	0.00223	0.00555
27	0.00951	0.00896	0.01513	0.78561	0.06077	0.01110	0.01389	0.01282	0.01001	0.01286	0.00888	0.01326	0.00669	0.00496	0.00498	0.00165	0.00662	0.00443	0.00222	0.00562
28	0.00628	0.00450	0.00597	0.00680	0.00727	0.00418	0.00464	0.00745	0.01049	0.01424	0.18648	0.65826	0.03590	0.01449	0.00626	0.00193	0.00278	0.01310	0.00481	0.00418
29	0.01872	0.01385	0.01483	0.01142	0.01537	0.01535	0.00942	0.75097	0.04995	0.03105	0.01226	0.01220	0.00871	0.00601	0.00499	0.00150	0.00543	0.00453	0.00499	0.00846
30	0.01034	0.00886	0.01034	0.00738	0.01181	0.00664	0.00591	0.01255	0.01034	0.01624	0.00886	0.01034	0.00738	0.00369	0.00369	0.00074	0.00369	0.00295	0.00295	0.85530
31	0.00723	0.00490	0.00580	0.00580	0.00592	0.00503	0.00347	0.00748	0.00736	0.00993	0.01537	0.03079	0.01733	0.71412	0.13499	0.00528	0.00603	0.00698	0.00297	0.00322
32	0.00725	0.00483	0.00544	0.00544	0.00544	0.00483	0.00302	0.00725	0.00725	0.00966	0.01571	0.03262	0.01812	0.82483	0.02537	0.00483	0.00483	0.00725	0.00302	0.00302
33	0.00633	0.00507	0.00565	0.00551	0.00700	0.00439	0.00413	0.00800	0.01239	0.01591	0.32755	0.04395	0.51313	0.01171	0.00589	0.00164	0.00246	0.00996	0.00495	0.00439
34	0.01034	0.00886	0.01034	0.00738	0.01181	0.00664	0.00591	0.01255	0.01034	0.01624	0.00886	0.01034	0.00738	0.00369	0.00369	0.00074	0.00369	0.00295	0.00295	0.85530
35	0.01003	0.00949	0.01607	0.64723	0.19510	0.01124	0.01415	0.01328	0.01026	0.01349	0.00897	0.01309	0.00691	0.00487	0.00497	0.00162	0.00649	0.00443	0.00227	0.00604
36	0.00589	0.00505	0.00505	0.00505	0.00673	0.00421	0.00379	0.00715	0.01136	0.01347	0.05049	0.04797	0.79171	0.01262	0.00589	0.00168	0.00252	0.01052	0.00463	0.00421
37	0.00607	0.00434	0.00578	0.00694	0.00723	0.00405	0.00463	0.00694	0.00954	0.01272	0.02747	0.82157	0.03297	0.01562	0.00636	0.00202	0.00289	0.01417	0.00463	0.00405
38	0.00680	0.00548	0.00576	0.00538	0.00732	0.00457	0.00408	0.00835	0.01134	0.01468	0.09150	0.04014	0.57957	0.01079	0.00541	0.00152	0.00264	0.00899	0.07803	0.10767
39	0.01862	0.02376	0.01413	0.01284	0.01541	0.80482	0.00963	0.01990	0.01413	0.01220	0.00770	0.00899	0.00642	0.00514	0.00449	0.00128	0.00899	0.00321	0.00257	0.00578
40	0.00803	0.00574	0.00803	0.00918	0.01033	0.00574	0.00803	0.01033	0.01147	0.01492	0.02639	0.05622	0.02869	0.01377	0.00688	0.00229	0.00459	0.76018	0.00459	0.00459
41	0.02216	0.00849	0.01155	0.00884	0.01271	0.00731	0.00730	0.02409	0.01420	0.78395	0.01948	0.01685	0.01225	0.00613	0.00499	0.00153	0.00423	0.00498	0.00611	0.02283
42	0.02048	0.01151	0.01344	0.01031	0.01424	0.01182	0.00851	0.44048	0.01934	0.37384	0.01541	0.01420	0.01020	0.00607	0.00500	0.00152	0.00493	0.00472	0.00552	0.00848
43	0.86003	0.00964	0.00733	0.00655	0.00964	0.01118	0.00540	0.01465	0.00848	0.02236	0.00694	0.00810	0.00540	0.00463	0.00308	0.00154	0.00386	0.00270	0.00308	0.00540
44	0.01243	0.01086	0.01449	0.01237	0.01296	0.04257	0.01024	0.01366	0.00869	0.10737	0.00844	0.01191	0.00747	0.00940	0.04534	0.00230	0.65656	0.00444	0.00270	0.00579
45	0.00688	0.00509	0.00642	0.00609	0.00734	0.00463	0.00457	0.00907	0.01370	0.01901	0.68009	0.03884	0.15866	0.01055	0.00588	0.00159	0.00238	0.00924	0.00536	0.00463
46	0.01895	0.01396	0.01496	0.01147	0.01546	0.01546	0.00947	0.77711	0.02344	0.03141	0.01197	0.01197	0.00848	0.00598	0.00499	0.00150	0.00548	0.00449	0.00499	0.00848
47	0.00739	0.00553	0.00714	0.00795	0.00925	0.00528	0.00676	0.00938	0.01144	0.01448	0.03359	0.05376	0.25653	0.01343	0.00659	0.00211	0.00397	0.53633	0.00460	0.00448
48	0.01280	0.04284	0.01850	0.20429	0.48216	0.01172	0.02781	0.04202	0.01167	0.08356	0.01016	0.01279	0.00795	0.00476	0.00490	0.00151	0.00595	0.00445	0.00281	0.00735
49	0.00839	0.00726	0.00981	0.00929	0.01006	0.03936	0.00737	0.01000	0.00817	0.01169	0.01166	0.01730	0.01095	0.02994	0.60368	0.00649	0.18626	0.00505	0.00256	0.00472
50	0.79645	0.01027	0.00806	0.00767	0.03829	0.04219	0.00592	0.01488	0.00881	0.02175	0.00706	0.00829	0.00553	0.00464	0.00321	0.00153	0.00413	0.00278	0.00304	0.00550
51	0.00714	0.00475	0.00546	0.00564	0.00573	0.00470	0.00329	0.00737	0.00774	0.01050	0.01758	0.15651	0.02025	0.66522	0.02152	0.00425	0.00443	0.00824	0.03644	0.00325
52	0.01188	0.01285	0.02601	0.03540	0.15663	0.01243	0.56555	0.01671	0.07871	0.01639	0.01083	0.01370	0.00827	0.00448	0.00563	0.00165	0.00756	0.00559	0.00273	0.00700
53	0.86003	0.00964	0.00733	0.00655	0.00964	0.01118	0.00540	0.01465	0.00848	0.02236	0.00694	0.00810	0.00540	0.00463	0.00308	0.00154	0.00386	0.00270	0.00308	0.00540
54	0.01014	0.00859	0.01014	0.00754	0.01168	0.00657	0.00609	0.01236	0.01043	0.01613	0.01038	0.01432	0.00923	0.00457	0.00397	0.00087	0.00377	0.06864	0.00310	0.78150
55	0.01862	0.02376	0.01413	0.01284	0.01541	0.80482	0.00963	0.01990	0.01413	0.01220	0.00770	0.00899	0.00642	0.00514	0.00449	0.00128	0.00899	0.00321	0.00257	0.00578
56	0.01067	0.01067	0.01558	0.01321	0.01354	0.01444	0.05806	0.01194	0.00800	0.01229	0.00800	0.05916	0.00817	0.00885	0.01511	0.00214	0.71731	0.00504	0.00235	0.00545
57	0.02193	0.00917	0.01199	0.00920	0.01307	0.00835	0.00760	0.11920	0.01542	0.70064	0.01869	0.01634	0.01185	0.00615	0.00501	0.00154	0.00440	0.00495	0.00602	0.00848
58	0.01886	0.00840	0.01100	0.00851	0.01211	0.00735	0.00695	0.06000	0.01424	0.56822	0.11174	0.01837	0.01575	0.00635	0.00496	0.00145	0.00401	0.00522	0.00563	0.11089
59	0.00983	0.00647	0.00810	0.00713	0.00888	0.00624	0.00551	0.10396	0.01526	0.08879	0.62954	0.03241	0.03934	0.00933	0.00570	0.00156	0.00290	0.00812	0.00549	0.00549
60	0.01240	0.01071	0.01127	0.01014	0.01296	0.01240	0.00789	0.02649	0.78473	0.02085	0.02029	0.01860	0.01522	0.00676	0.00507	0.00169	0.00394	0.00564	0.00507	0.00789
61	0.02236	0.00848	0.01157	0.00887	0.01272	0.00733	0.00733	0.02429	0.01427	0.79719	0.01966	0.01697	0.01234	0.00617	0.00501	0.00154	0.00424	0.00501	0.00617	0.00848
62	0.00929	0.00465	0.00465	0.00465	0.00581	0.00465	0.00348	0.01161	0.01045	0.01858	0.01626	0.01858	0.01278	0.00581	0.00348	0.00116	0.00232	0.00465	0.85250	0.00465
63	0.02236	0.00848	0.01157	0.00887	0.01272	0.00733	0.00733	0.02429	0.01427	0.79719	0.01966	0.01697	0.01234	0.00617	0.00501	0.00154	0.00424	0.00501	0.00617	0.00848
64	0.01392	0.01146	0.01213	0.01045	0.01354	0.01311	0.00826	0.20039	0.60835	0.02330	0.01836	0.01706	0.01365	0.00658	0.00505	0.00165	0.00430	0.00537	0.00505	0.00803
65	0.86003	0.00964	0.00733	0.00655	0.00964	0.01118	0.00540	0.01465	0.00848	0.02236	0.00694	0.00810	0.00540	0.00463	0.00308	0.00154	0.00386	0.00270	0.00308	0.00540
66	0.12383	0.00883	0.01115	0.00869	0.01244	0.00814	0.00717	0.04606	0.02848	0.66502	0.01790	0.01577	0.01143	0.00599	0.00478	0.00154	0.00423	0.00473	0.00574	0.00810
67	0.01116	0.01134	0.01523	0.01308	0.01316	0.04183	0.01086	0.01226	0.00785	0.01200	0.00658	0.01084	0.00654	0.00860	0.01596	0.00215	0.78856	0.00432	0.00219	0.00546
68	0.01966	0.01282	0.01425	0.01093	0.01489	0.01376	0.00903	0.62036	0.02153	0.19086	0.01357	0.01301	0.00928	0.00602	0.00499	0.00151	0.00523	0.00460	0.00523	0.00848
69	0.00610	0.00497	0.00540	0.00548	0.00691	0.00427	0.00404	0.00749	0.01158	0.01443	0.16740	0.14269	0.57668	0.01260	0.00595	0.00171	0.00254	0.01073	0.00477	0.00427
70	0.86003	0.00964	0.00733	0.00655	0.00964	0.01118	0.00540	0.01465	0.00848	0.02236	0.00694	0.00810	0.00540	0.00463	0.00308	0.00154	0.00386	0.00270	0.00308	0.00540
71	0.01333	0.82783	0.02612	0.00853	0.01279	0.01972	0.00853	0.01493	0.01013	0.01173	0.00693	0.00800	0.00640	0.00426	0.00320	0.00107	0.00533	0.00267	0.00213	0.00640
72	0.02236	0.00848	0.01157	0.00887	0.01272	0.00733	0.00733	0.02429	0.01427	0.79719	0.01966	0.01697	0.01234	0.00617	0.00501	0.00154	0.00424	0.00501	0.00617	0.00848
73	0.01402	0.00766	0.00953	0.00838	0.01066	0.00769	0.00653	0.01841	0.18952	0.30117	0.04097	0.02494	0.01668	0.16749	0.07855	0.00284	0.00506	0.07859	0.00484	0.00646
74	0.00941	0.00886	0.01495	0.81285	0.03433	0.01107	0.01384	0.01274	0.00997	0.01274	0.00886	0.01329	0.00664	0.00498	0.00498	0.00166	0.00664	0.00443	0.00221	0.00554
75	0.00903	0.00585	0.00802	0.00876	0.01013	0.00568	0.00751	0.01114	0.01160	0.08255	0.02737	0.09771	0.07494	0.01315	0.00663	0.00218	0.00433	0.60383	0.00473	0.00487
76	0.00611	0.00506	0.00535	0.00528	0.00687	0.00430	0.00396	0.00758	0.01188	0.01469	0.18943	0.04596	0.65201	0.01217	0.00589	0.00166	0.00249	0.01024	0.00479	0.00430
77	0.01245	0.01239	0.02570	0.07666	0.08182	0.01182	0.58375	0.01623	0.01178	0.08346	0.01111	0.02931	0.00843	0.00467	0.00568	0.00166	0.00763	0.00576	0.00285	0.00683
78	0.00769	0.00569	0.00752	0.17366	0.01159	0.00619	0.00540	0.00846	0.00784	0.01038	0.01419	0.02808	0.01551	0.62338	0.05157	0.00430	0.00554	0.00659	0.00284	0.00360
79	0.86003	0.00964	0.00733	0.00655	0.00964	0.01118	0.00540	0.01465	0.00848	0.02236	0.00694	0.00810	0.00540	0.00463	0.00308	0.00154	0.00386	0.00270	0.00308	0.00540
80	0.01280	0.71439	0.11965	0.00921	0.01378	0.01847	0.00969	0.01491	0.01013	0.01222	0.00730	0.00853	0.00650	0.00497	0.01899	0.00126	0.00573	0.00284	0.00214	0.00648
81	0.02004	0.00890	0.01148	0.00898	0.01254	0.00826	0.00735	0.11649	0.04321	0.59562	0.09646	0.01844	0.01546	0.00657	0.00510	0.00154	0.00419	0.00537	0.00591	0.00808
82	0.01346	0.72617	0.07338	0.00916	0.01351	0.06981	0.00921	0.01530	0.01041	0.01201	0.00710	0.00822	0.00639	0.00435	0.00338	0.00111	0.00569	0.00276	0.00216	0.00642
83	0.00694	0.00503	0.00655	0.00630	0.00741	0.00464	0.00468	0.00914	0.01366	0.01922	0.70919	0.10550	0.06157	0.01071	0.00592	0.00161	0.00240	0.00949	0.00539	0.00464
84	0.00795	0.00568	0.00791	0.00893	0.01008	0.00565	0.00774	0.01025	0.01170	0.01536	0.09272	0.05458	0.03028	0.01346	0.00680	0.00223	0.00440	0.69502	0.00467	0.00460
85	0.00679	0.00496	0.00637	0.00628	0.00735	0.00455	0.00461	0.00879	0.01310	0.01819	0.59742	0.17076	0.10961	0.01132	0.00596	0.00165	0.00246	0.01002	0.00527	0.00455
86	0.02172	0.00843	0.01142	0.00882	0.01257	0.00735	0.00726	0.02390	0.02890	0.75961	0.04233	0.01759	0.01341	0.00630	0.00504	0.00155	0.00418	0.00514	0.00613	0.00836
87	0.86003	0.00964	0.00733	0.00655	0.00964	0.01118	0.00540	0.01465	0.00848	0.02236	0.00694	0.00810	0.00540	0.00463	0.00308	0.00154	0.00386	0.00270	0.00308	0.00540
88	0.75828	0.00950	0.00784	0.00684	0.01001	0.01071	0.00563	0.01582	0.00919	0.11649	0.00849	0.00917	0.00624	0.00481	0.00332	0.00154	0.00390	0.00298	0.00346	0.00577
89	0.01454	0.01115	0.01202	0.01029	0.01343	0.01256	0.00815	0.17292	0.56919	0.09026	0.01861	0.01716	0.01365	0.00656	0.00505	0.00164	0.00427	0.00536	0.00515	0.00806
90	0.01000	0.02578	0.79900	0.01421	0.02157	0.01158	0.01842	0.01579	0.01052	0.01579	0.00895	0.01052	0.00631	0.00474	0.00474	0.00158	0.00737	0.00368	0.00210	0.00737
91	0.02004	0.01222	0.01388	0.01064	0.01459	0.01287	0.00879	0.53720	0.02051	0.27545	0.01442	0.01356	0.00971	0.00604	0.00499	0.00151	0.00509	0.00465	0.00536	0.00848
92	0.01769	0.01199	0.01301	0.01015	0.01367	0.01302	0.00833	0.58893	0.02056	0.09578	0.01332	0.01346	0.00950	0.00597	0.00475	0.00145	0.00487	0.00456	0.14113	0.00786
93	0.00607	0.00507	0.00530	0.00527	0.00689	0.00430	0.00398	0.00749	0.01170	0.01428	0.14002	0.04682	0.68720	0.01235	0.00591	0.00168	0.00254	0.02414	0.00473	0.00428
94	0.01333	0.82783	0.02612	0.00853	0.01279	0.01972	0.00853	0.01493	0.01013	0.01173	0.00693	0.00800	0.00640	0.00426	0.00320	0.00107	0.00533	0.00267	0.00213	0.00640
95	0.02194	0.00850	0.01152	0.00882	0.01269	0.00730	0.00728	0.02388	0.01413	0.76999	0.01929	0.01673	0.01217	0.00608	0.00497	0.00151	0.00422	0.00494	0.00606	0.03797
96	0.00614	0.00449	0.00577	0.00665	0.00719	0.00412	0.00453	0.00718	0.01016	0.01344	0.09651	0.65956	0.12636	0.01478	0.00626	0.00194	0.00280	0.01328	0.00470	0.00412
97	0.01895	0.01396	0.01496	0.01147	0.01546	0.01546	0.00947	0.77711	0.02344	0.03141	0.01197	0.01197	0.00848	0.00598	0.00499	0.00150	0.00548	0.00449	0.00499	0.00848
98	0.00642	0.00500	0.00561	0.00580	0.00698	0.00447	0.00423	0.00765	0.01084	0.01362	0.11690	0.12945	0.45138	0.13373	0.00893	0.00223	0.00307	0.07513	0.00447	0.00410
99	0.02060	0.00837	0.01118	0.00875	0.01235	0.00745	0.00717	0.02332	0.06214	0.69097	0.07724	0.01858	0.01510	0.00651	0.00508	0.00155	0.00408	0.00535	0.00605	0.00816
100	0.86003	0.00964	0.00733	0.00655	0.00964	0.01118	0.00540	0.01465	0.00848	0.02236	0.00694	0.00810	0.00540	0.00463	0.00308	0.00154	0.00386	0.00270	0.00308	0.00540
101	0.00725	0.00483	0.00544	0.00544	0.00544	0.00483	0.00302	0.00725	0.00725	0.00966	0.01571	0.03262	0.01812	0.82483	0.02537	0.00483	0.00483	0.00725	0.00302	0.00302
102	0.01361	0.00793	0.00855	0.00719	0.00950	0.00827	0.00573	0.25057	0.01487	0.10112	0.01527	0.01637	0.01140	0.00590	0.00410	0.00130	0.00350	0.00463	0.50397	0.00622
103	0.00955	0.00900	0.01520	0.77551	0.07058	0.01111	0.01391	0.01286	0.01003	0.01290	0.00888	0.01324	0.00670	0.00496	0.00498	0.00165	0.00661	0.00443	0.00223	0.00565
104	0.01418	0.00861	0.01027	0.00895	0.01132	0.00875	0.00692	0.27903	0.01543	0.19371	0.02034	0.36066	0.01985	0.01016	0.00558	0.00173	0.00410	0.00876	0.00510	0.00658
105	0.00993	0.00939	0.01589	0.67431	0.16882	0.01121	0.01410	0.01319	0.01021	0.01336	0.00895	0.01312	0.00687	0.00489	0.00497	0.00163	0.00652	0.00443	0.00226	0.00595
106	0.02236	0.00848	0.01157	0.00887	0.01272	0.00733	0.00733	0.02429	0.01427	0.79719	0.01966	0.01697	0.01234	0.00617	0.00501	0.00154	0.00424	0.00501	0.00617	0.00848
107	0.00607	0.00434	0.00578	0.00694	0.00723	0.00405	0.00463	0.00694	0.00954	0.01272	0.02747	0.82157	0.03297	0.01562	0.00636	0.00202	0.00289	0.01417	0.00463	0.00405
108	0.01787	0.01256	0.01371	0.01085	0.01456	0.01378	0.00885	0.51546	0.19590	0.12108	0.01479	0.01408	0.01048	0.00618	0.00501	0.00155	0.00498	0.00481	0.00515	0.00834
109	0.01271	0.08170	0.01269	0.01005	0.01303	0.01314	0.00800	0.05162	0.69103	0.02043	0.01884	0.01745	0.01422	0.00652	0.00491	0.00163	0.00412	0.00534	0.00481	0.00778
110	0.06262	0.01161	0.01769	0.10283	0.54996	0.03619	0.01335	0.04465	0.01151	0.01676	0.00918	0.01189	0.00756	0.00452	0.00471	0.00143	0.00576	0.00417	0.00262	0.08098
111	0.00871	0.00585	0.00787	0.02450	0.00894	0.01899	0.00567	0.01005	0.00849	0.07924	0.01435	0.02258	0.01376	0.24644	0.49489	0.00635	0.01004	0.00577	0.00306	0.00446
112	0.01807	0.02272	0.01465	0.01438	0.08292	0.73603	0.01012	0.01950	0.01388	0.01255	0.00785	0.00928	0.00655	0.00508	0.00453	0.00130	0.00872	0.00332	0.00256	0.00596
113	0.03021	0.22336	0.01627	0.00970	0.01322	0.01471	0.00822	0.43291	0.01726	0.05113	0.01157	0.02635	0.00950	0.08997	0.00658	0.00173	0.00520	0.00445	0.02046	0.00718
114	0.01446	0.03994	0.02500	0.01063	0.05299	0.08759	0.00811	0.23950	0.09466	0.09017	0.05537	0.09624	0.01410	0.00692	0.00489	0.00147	0.00481	0.01566	0.05693	0.08056
115	0.01034	0.00886	0.01034	0.00738	0.01181	0.00664	0.00591	0.01255	0.01034	0.01624	0.00886	0.01034	0.00738	0.00369	0.00369	0.00074	0.00369	0.00295	0.00295	0.85530

[dist]
# distance from previous block
# <min> <max>
0	6

[block]
# block no. 5 follows, 50 sequences, length 26
# corresponding to MSA columns:
# 428-453
name=unknown_F
#
# <colnr> <probs for GDERKNQSTAVLIFYWHMCP>
#	G	D	E	R	K	N	Q	S	T	A	V	L	I	F	Y	W	H	M	C	P
0	0.01185	0.01215	0.10427	0.01420	0.03227	0.01074	0.27878	0.06163	0.10169	0.07392	0.02811	0.11707	0.01288	0.00677	0.00616	0.00169	0.06074	0.00637	0.05212	0.00660
1	0.01249	0.01828	0.43617	0.06825	0.05841	0.01083	0.03388	0.05503	0.01182	0.14612	0.04366	0.01333	0.00939	0.00604	0.02066	0.00172	0.03919	0.00437	0.00312	0.00725
2	0.02049	0.00945	0.01196	0.00926	0.01295	0.00894	0.00761	0.19002	0.01629	0.57087	0.07418	0.01733	0.01401	0.00642	0.00507	0.00153	0.00438	0.00519	0.00586	0.00821
3	0.01824	0.01328	0.01421	0.01097	0.01475	0.01467	0.00904	0.72133	0.02249	0.03048	0.01228	0.01245	0.00879	0.00597	0.00488	0.00147	0.00525	0.00450	0.06675	0.00820
4	0.00941	0.00886	0.01495	0.81285	0.03433	0.01107	0.01384	0.01274	0.00997	0.01274	0.00886	0.01329	0.00664	0.00498	0.00498	0.00166	0.00664	0.00443	0.00221	0.00554
5	0.01034	0.00886	0.01034	0.00738	0.01181	0.00664	0.00591	0.01255	0.01034	0.01624	0.00886	0.01034	0.00738	0.00369	0.00369	0.00074	0.00369	0.00295	0.00295	0.85530
6	0.00725	0.00483	0.00544	0.00544	0.00544	0.00483	0.00302	0.00725	0.00725	0.00966	0.01571	0.03262	0.01812	0.82483	0.02537	0.00483	0.00483	0.00725	0.00302	0.00302
7	0.01333	0.82783	0.02612	0.00853	0.01279	0.01972	0.00853	0.01493	0.01013	0.01173	0.00693	0.00800	0.00640	0.00426	0.00320	0.00107	0.00533	0.00267	0.00213	0.00640
8	0.01201	0.00653	0.00798	0.02943	0.00935	0.00658	0.03613	0.07007	0.01197	0.13475	0.01650	0.01795	0.02841	0.00600	0.00431	0.00131	0.02182	0.00485	0.56843	0.00562
9	0.49525	0.20876	0.01284	0.06639	0.03040	0.01280	0.00697	0.01461	0.00923	0.04956	0.00809	0.01014	0.00671	0.04584	0.00449	0.00160	0.00453	0.00318	0.00290	0.00571
10	0.00941	0.00886	0.01495	0.81285	0.03433	0.01107	0.01384	0.01274	0.00997	0.01274	0.00886	0.01329	0.00664	0.00498	0.00498	0.00166	0.00664	0.00443	0.00221	0.00554
11	0.07489	0.73603	0.05576	0.00861	0.01292	0.01877	0.00870	0.01494	0.01002	0.01266	0.00701	0.00810	0.00632	0.00431	0.00325	0.00112	0.00530	0.00271	0.00220	0.00636
12	0.86003	0.00964	0.00733	0.00655	0.00964	0.01118	0.00540	0.01465	0.00848	0.02236	0.00694	0.00810	0.00540	0.00463	0.00308	0.00154	0.00386	0.00270	0.00308	0.00540
13	0.00725	0.00483	0.00544	0.00544	0.00544	0.00483	0.00302	0.00725	0.00725	0.00966	0.01571	0.03262	0.01812	0.82483	0.02537	0.00483	0.00483	0.00725	0.00302	0.00302
14	0.00705	0.00510	0.00666	0.00627	0.00745	0.00470	0.00470	0.00941	0.01411	0.01999	0.79110	0.03723	0.04703	0.01019	0.00588	0.00157	0.00235	0.00901	0.00549	0.00470
15	0.00639	0.00521	0.00575	0.00602	0.00758	0.00457	0.00479	0.00790	0.01139	0.01381	0.04483	0.04991	0.61234	0.01289	0.00612	0.00183	0.00301	0.18675	0.00462	0.00430
16	0.86003	0.00964	0.00733	0.00655	0.00964	0.01118	0.00540	0.01465	0.00848	0.02236	0.00694	0.00810	0.00540	0.00463	0.00308	0.00154	0.00386	0.00270	0.00308	0.00540
17	0.01000	0.02578	0.79900	0.01421	0.02157	0.01158	0.01842	0.01579	0.01052	0.01579	0.00895	0.01052	0.00631	0.00474	0.00474	0.00158	0.00737	0.00368	0.00210	0.00737
18	0.86003	0.00964	0.00733	0.00655	0.00964	0.01118	0.00540	0.01465	0.00848	0.02236	0.00694	0.00810	0.00540	0.00463	0.00308	0.00154	0.00386	0.00270	0.00308	0.00540
19	0.01775	0.01085	0.01211	0.00951	0.01289	0.01145	0.00778	0.45400	0.01876	0.19972	0.01455	0.01442	0.01021	0.00599	0.00469	0.00144	0.00457	0.00464	0.17697	0.00770
20	0.81794	0.00958	0.00754	0.00667	0.00979	0.01099	0.00549	0.01514	0.00877	0.06130	0.00758	0.00854	0.00575	0.00470	0.00318	0.00154	0.00388	0.00282	0.00324	0.00555
21	0.00730	0.00519	0.00652	0.00613	0.00748	0.00469	0.00462	0.00945	0.01363	0.04170	0.63788	0.03853	0.17726	0.01050	0.00586	0.00159	0.00244	0.00916	0.00536	0.00473
22	0.00687	0.00500	0.00662	0.00756	0.00838	0.00475	0.00585	0.00841	0.01075	0.01408	0.07486	0.39790	0.11309	0.01426	0.00648	0.00206	0.00347	0.30060	0.00466	0.00431
23	0.00695	0.00509	0.00652	0.00617	0.00739	0.00466	0.00462	0.00921	0.01387	0.01943	0.72728	0.03816	0.11121	0.01040	0.00588	0.00158	0.00237	0.00914	0.00541	0.00466
24	0.00607	0.00434	0.00578	0.00694	0.00723	0.00405	0.00463	0.00694	0.00954	0.01272	0.02747	0.82157	0.03297	0.01562	0.00636	0.00202	0.00289	0.01417	0.00463	0.00405
25	0.01000	0.02578	0.79900	0.01421	0.02157	0.01158	0.01842	0.01579	0.01052	0.01579	0.00895	0.01052	0.00631	0.00474	0.00474	0.00158	0.00737	0.00368	0.00210	0.00737

[dist]
# distance from previous block
# <min> <max>
0	14

[block]
# block no. 6 follows, 50 sequences, length 84
# corresponding to MSA columns:
# 468-477,479-520,522-540,546-558
name=unknown_G
#
# <colnr> <probs for GDERKNQSTAVLIFYWHMCP>
#	G	D	E	R	K	N	Q	S	T	A	V	L	I	F	Y	W	H	M	C	P
0	0.01235	0.02258	0.62277	0.01333	0.01992	0.01162	0.01619	0.11037	0.01249	0.09680	0.01040	0.01135	0.00719	0.00503	0.00479	0.00156	0.00682	0.00392	0.00287	0.00762
