[name]
unknown

[dist]
# distance from previous block
# <min> <max>
44	113

[block]
# block no. 0 follows, 46 sequences, length 148
# corresponding to MSA columns:
# 146-195,197-232,237-298
name=unknown_A
#
# <colnr> <probs for GDERKNQSTAVLIFYWHMCP>
#	G	D	E	R	K	N	Q	S	T	A	V	L	I	F	Y	W	H	M	C	P
0	0.09781	0.06604	0.07877	0.01111	0.01496	0.06288	0.02607	0.23806	0.19180	0.07979	0.05504	0.02894	0.01277	0.00650	0.00503	0.00162	0.00541	0.00508	0.00455	0.00777
1	0.08048	0.14060	0.08255	0.04080	0.07991	0.12945	0.01047	0.12436	0.10793	0.11658	0.01265	0.03039	0.00973	0.00588	0.00478	0.00154	0.00603	0.00448	0.00385	0.00753
2	0.23359	0.06579	0.01381	0.03950	0.05474	0.10294	0.02422	0.19348	0.07013	0.07829	0.02975	0.01437	0.04581	0.00609	0.00467	0.00158	0.00548	0.00455	0.00406	0.00714
3	0.26239	0.08484	0.01356	0.03839	0.06513	0.07001	0.02497	0.16216	0.04632	0.03665	0.13242	0.01564	0.01442	0.00625	0.00465	0.00157	0.00508	0.00478	0.00400	0.00676
4	0.28787	0.02761	0.01366	0.05771	0.11623	0.05933	0.02276	0.17009	0.03964	0.12609	0.02451	0.01266	0.00904	0.00561	0.00460	0.00161	0.00537	0.00424	0.00404	0.00734
5	0.26741	0.01109	0.01228	0.09074	0.04241	0.01187	0.00854	0.23371	0.01483	0.11986	0.01158	0.02742	0.00868	0.00597	0.00490	0.01969	0.00500	0.00427	0.00415	0.09560
6	0.53403	0.04102	0.09130	0.02579	0.11903	0.02726	0.00924	0.06602	0.01090	0.02198	0.00834	0.00986	0.00649	0.00499	0.00393	0.00161	0.00510	0.00339	0.00315	0.00657
7	0.01003	0.00949	0.01616	0.78593	0.03624	0.01178	0.02961	0.01358	0.01061	0.01358	0.00942	0.01410	0.00707	0.00527	0.00530	0.00176	0.00708	0.00473	0.00236	0.00590
8	0.00769	0.00513	0.00577	0.00577	0.00577	0.00513	0.00320	0.00769	0.00769	0.01025	0.01666	0.03460	0.01922	0.81421	0.02691	0.00513	0.00513	0.00769	0.00320	0.00320
9	0.00755	0.00566	0.00850	0.00850	0.00944	0.00661	0.00661	0.00944	0.00850	0.01227	0.01416	0.02077	0.01322	0.03965	0.79326	0.00850	0.01416	0.00566	0.00283	0.00472
10	0.00704	0.00495	0.00592	0.00637	0.00682	0.00467	0.00409	0.00755	0.00947	0.01234	0.04279	0.33155	0.15474	0.32072	0.01501	0.04320	0.00385	0.01096	0.00415	0.00383
11	0.01960	0.02488	0.01491	0.01355	0.01628	0.77494	0.01017	0.02127	0.03250	0.01315	0.00848	0.00977	0.00703	0.00549	0.00478	0.00137	0.00941	0.00346	0.00279	0.00618
12	0.00751	0.00520	0.00598	0.00590	0.00631	0.00504	0.00362	0.00812	0.00950	0.01274	0.16684	0.03707	0.09657	0.58419	0.02098	0.00414	0.00439	0.00837	0.00387	0.00367
13	0.01315	0.01136	0.01195	0.01076	0.01375	0.01315	0.00837	0.02809	0.77168	0.02211	0.02152	0.01972	0.01614	0.00717	0.00538	0.00179	0.00418	0.00598	0.00538	0.00837
14	0.85155	0.01022	0.00777	0.00695	0.01022	0.01186	0.00573	0.01554	0.00900	0.02372	0.00736	0.00859	0.00573	0.00491	0.00327	0.00164	0.00409	0.00286	0.00327	0.00573
15	0.00769	0.00513	0.00577	0.00577	0.00577	0.00513	0.00320	0.00769	0.00769	0.01025	0.01666	0.03460	0.01922	0.81421	0.02691	0.00513	0.00513	0.00769	0.00320	0.00320
16	0.01096	0.00940	0.01096	0.00783	0.01253	0.00705	0.00626	0.01331	0.01096	0.01723	0.00940	0.01096	0.00783	0.00392	0.00392	0.00078	0.00392	0.00313	0.00313	0.84653
17	0.00769	0.00513	0.00577	0.00577	0.00577	0.00513	0.00320	0.00769	0.00769	0.01025	0.01666	0.03460	0.01922	0.81421	0.02691	0.00513	0.00513	0.00769	0.00320	0.00320
18	0.01096	0.00940	0.01096	0.00783	0.01253	0.00705	0.00626	0.01331	0.01096	0.01723	0.00940	0.01096	0.00783	0.00392	0.00392	0.00078	0.00392	0.00313	0.00313	0.84653
19	0.00644	0.00460	0.00613	0.00736	0.00767	0.00429	0.00491	0.00736	0.01012	0.01350	0.02914	0.81076	0.03497	0.01656	0.00675	0.00215	0.00307	0.01503	0.00491	0.00429
20	0.78518	0.01142	0.00835	0.00748	0.01071	0.07419	0.00608	0.01598	0.00947	0.02286	0.00743	0.00866	0.00581	0.00495	0.00339	0.00161	0.00452	0.00291	0.00323	0.00576
21	0.01096	0.00940	0.01096	0.00783	0.01253	0.00705	0.00626	0.01331	0.01096	0.01723	0.00940	0.01096	0.00783	0.00392	0.00392	0.00078	0.00392	0.00313	0.00313	0.84653
22	0.00759	0.00508	0.00580	0.00589	0.00592	0.00506	0.00334	0.00766	0.00788	0.01051	0.01765	0.09653	0.02048	0.75056	0.02530	0.00489	0.00496	0.00827	0.00334	0.00329
23	0.00786	0.00497	0.00661	0.00748	0.00808	0.00460	0.00509	0.00884	0.01045	0.07496	0.02811	0.72500	0.03276	0.03888	0.00722	0.00219	0.00324	0.01404	0.00499	0.00464
24	0.01822	0.02218	0.01560	0.01362	0.01641	0.62738	0.07043	0.05767	0.01470	0.01409	0.00928	0.01208	0.00801	0.06995	0.00668	0.00171	0.00894	0.00405	0.00289	0.00612
25	0.00998	0.00940	0.01586	0.80150	0.03641	0.01175	0.01468	0.01351	0.01057	0.01351	0.00940	0.01409	0.00705	0.00529	0.00529	0.00176	0.00705	0.00470	0.00235	0.00587
26	0.01095	0.01006	0.01645	0.68877	0.07000	0.01217	0.03045	0.07031	0.01176	0.01525	0.00970	0.01394	0.00728	0.00532	0.00530	0.00174	0.00696	0.00474	0.00259	0.00625
27	0.01315	0.01136	0.01195	0.01076	0.01375	0.01315	0.00837	0.02809	0.77168	0.02211	0.02152	0.01972	0.01614	0.00717	0.00538	0.00179	0.00418	0.00598	0.00538	0.00837
28	0.00737	0.00621	0.00681	0.00646	0.00832	0.00572	0.01804	0.01045	0.10074	0.01598	0.13995	0.04458	0.55705	0.04042	0.00687	0.00189	0.00303	0.01014	0.00498	0.00499
29	0.00998	0.00940	0.01586	0.80150	0.03641	0.01175	0.01468	0.01351	0.01057	0.01351	0.00940	0.01409	0.00705	0.00529	0.00529	0.00176	0.00705	0.00470	0.00235	0.00587
30	0.01296	0.01139	0.01259	0.01244	0.07562	0.02639	0.00894	0.02602	0.65661	0.02104	0.01996	0.01906	0.01519	0.00866	0.04709	0.00212	0.00498	0.00581	0.00497	0.00814
31	0.01060	0.02735	0.78682	0.01507	0.02288	0.01228	0.01953	0.01674	0.01116	0.01674	0.00949	0.01116	0.00670	0.00502	0.00502	0.00167	0.00781	0.00391	0.00223	0.00781
32	0.03236	0.00776	0.01035	0.00845	0.01153	0.00688	0.00684	0.01995	0.01482	0.49967	0.25117	0.02636	0.04049	0.00821	0.00564	0.00167	0.00386	0.03033	0.00618	0.00750
33	0.00852	0.07127	0.03559	0.00763	0.00955	0.00679	0.02998	0.01104	0.01419	0.03472	0.60266	0.05059	0.07719	0.01006	0.00596	0.00164	0.00319	0.00883	0.00527	0.00533
34	0.01266	0.01204	0.02015	0.09476	0.65764	0.01205	0.01530	0.01576	0.01183	0.01695	0.00985	0.01300	0.00822	0.00469	0.00513	0.00152	0.00616	0.00458	0.00264	0.07505
35	0.54986	0.22836	0.01398	0.00867	0.03386	0.06326	0.00720	0.01599	0.00993	0.01982	0.00748	0.00875	0.00615	0.00483	0.00345	0.00148	0.00491	0.00294	0.00295	0.00611
36	0.01488	0.01055	0.01218	0.07998	0.01467	0.01155	0.02989	0.37000	0.04770	0.02567	0.03119	0.01616	0.01155	0.00626	0.00479	0.00150	0.00472	0.00501	0.29461	0.00714
37	0.00631	0.00536	0.00544	0.00542	0.00718	0.00449	0.00406	0.00770	0.01219	0.01461	0.08753	0.05034	0.74491	0.01327	0.00625	0.00178	0.00267	0.01108	0.00495	0.00449
38	0.00918	0.00459	0.00689	0.00689	0.00689	0.00459	0.00459	0.00689	0.00689	0.00918	0.00918	0.01607	0.00918	0.01837	0.02066	0.84619	0.00459	0.00459	0.00230	0.00230
39	0.00836	0.00588	0.00738	0.00799	0.00887	0.00587	0.00569	0.02626	0.09424	0.04201	0.02657	0.54943	0.02992	0.07844	0.00818	0.00234	0.00362	0.07910	0.00489	0.00497
40	0.00769	0.00513	0.00577	0.00577	0.00577	0.00513	0.00320	0.00769	0.00769	0.01025	0.01666	0.03460	0.01922	0.81421	0.02691	0.00513	0.00513	0.00769	0.00320	0.00320
41	0.01060	0.02735	0.78682	0.01507	0.02288	0.01228	0.01953	0.01674	0.01116	0.01674	0.00949	0.01116	0.00670	0.00502	0.00502	0.00167	0.00781	0.00391	0.00223	0.00781
42	0.01248	0.01426	0.03119	0.02228	0.02763	0.01337	0.76203	0.01693	0.01248	0.01693	0.01070	0.01426	0.00802	0.00446	0.00624	0.00178	0.00891	0.00624	0.00267	0.00713
43	0.01067	0.02688	0.76017	0.01532	0.02305	0.01232	0.04572	0.01675	0.01121	0.01675	0.00953	0.01127	0.00674	0.00500	0.00507	0.00168	0.00785	0.00399	0.00225	0.00779
44	0.01248	0.01426	0.03119	0.02228	0.02763	0.01337	0.76203	0.01693	0.01248	0.01693	0.01070	0.01426	0.00802	0.00446	0.00624	0.00178	0.00891	0.00624	0.00267	0.00713
45	0.12900	0.00915	0.01170	0.00909	0.01308	0.00829	0.00751	0.02446	0.01435	0.68809	0.01914	0.01680	0.01215	0.00634	0.00506	0.00164	0.00445	0.00500	0.00613	0.00858
46	0.00644	0.00460	0.00613	0.00736	0.00767	0.00429	0.00491	0.00736	0.01012	0.01350	0.02914	0.81076	0.03497	0.01656	0.00675	0.00215	0.00307	0.01503	0.00491	0.00429
47	0.76633	0.01010	0.00823	0.00720	0.01056	0.01144	0.00594	0.01659	0.00963	0.10208	0.00875	0.00956	0.00648	0.00508	0.00348	0.00164	0.00413	0.00312	0.00361	0.00606
48	0.07502	0.00553	0.00593	0.00586	0.00612	0.00566	0.00340	0.00831	0.00779	0.01133	0.01592	0.03252	0.01814	0.74963	0.02502	0.00485	0.00504	0.00730	0.00321	0.00340
49	0.01954	0.01453	0.01555	0.01205	0.01618	0.01614	0.00991	0.70491	0.08445	0.03242	0.01340	0.01325	0.00956	0.00641	0.00530	0.00160	0.00569	0.00486	0.00530	0.00894
50	0.02007	0.01564	0.01579	0.01228	0.01639	0.07836	0.01006	0.70436	0.02407	0.03169	0.01233	0.01244	0.00882	0.00627	0.00525	0.00157	0.00611	0.00465	0.00508	0.00876
51	0.00738	0.00540	0.00693	0.00654	0.00784	0.00494	0.00491	0.00978	0.01472	0.02063	0.71854	0.04043	0.11015	0.01102	0.00624	0.00167	0.00251	0.00969	0.00574	0.00494
52	0.01920	0.01411	0.01517	0.01186	0.01591	0.01563	0.00972	0.63079	0.13431	0.05683	0.01426	0.01390	0.01018	0.00647	0.00530	0.00162	0.00553	0.00496	0.00534	0.00890
53	0.01301	0.01121	0.01183	0.01066	0.01360	0.01295	0.00829	0.02765	0.75321	0.02209	0.03999	0.02021	0.01696	0.00726	0.00540	0.00179	0.00414	0.00606	0.00539	0.00829
54	0.01975	0.02520	0.01498	0.01362	0.01634	0.79299	0.01021	0.02111	0.01498	0.01294	0.00817	0.00953	0.00681	0.00545	0.00477	0.00136	0.00953	0.00340	0.00272	0.00613
55	0.00779	0.00657	0.00690	0.00661	0.00857	0.00628	0.00502	0.01202	0.16533	0.01674	0.13929	0.04316	0.53277	0.01181	0.00607	0.00177	0.00296	0.00991	0.00512	0.00532
56	0.00998	0.00940	0.01586	0.80150	0.03641	0.01175	0.01468	0.01351	0.01057	0.01351	0.00940	0.01409	0.00705	0.00529	0.00529	0.00176	0.00705	0.00470	0.00235	0.00587
57	0.00852	0.00608	0.00852	0.00974	0.01095	0.00608	0.00852	0.01095	0.01217	0.01582	0.02799	0.05963	0.03042	0.01460	0.00730	0.00243	0.00487	0.74565	0.00487	0.00487
58	0.01315	0.01136	0.01195	0.01076	0.01375	0.01315	0.00837	0.02809	0.77168	0.02211	0.02152	0.01972	0.01614	0.00717	0.00538	0.00179	0.00418	0.00598	0.00538	0.00837
59	0.00746	0.00540	0.00703	0.00663	0.00788	0.00498	0.00497	0.00993	0.01491	0.02106	0.76423	0.03971	0.06417	0.01086	0.00624	0.00167	0.00250	0.00959	0.00580	0.00498
60	0.00633	0.00536	0.00547	0.00544	0.00719	0.00450	0.00408	0.00774	0.01224	0.01473	0.10028	0.05014	0.73209	0.01322	0.00625	0.00178	0.00267	0.01105	0.00497	0.00450
61	0.01282	0.01223	0.02082	0.05934	0.72867	0.01231	0.01591	0.01595	0.01199	0.01709	0.01053	0.01468	0.00906	0.00506	0.00530	0.00161	0.00626	0.02951	0.00268	0.00817
62	0.00644	0.00460	0.00613	0.00736	0.00767	0.00429	0.00491	0.00736	0.01012	0.01350	0.02914	0.81076	0.03497	0.01656	0.00675	0.00215	0.00307	0.01503	0.00491	0.00429
63	0.01278	0.01230	0.02113	0.10351	0.69710	0.01250	0.03104	0.01599	0.01191	0.01692	0.00991	0.01320	0.00824	0.00476	0.00526	0.00159	0.00640	0.00474	0.00259	0.00812
64	0.01996	0.01474	0.01579	0.01214	0.01634	0.01633	0.01002	0.74955	0.03912	0.03310	0.01286	0.01283	0.00913	0.00636	0.00529	0.00159	0.00579	0.00478	0.00529	0.00898
65	0.85155	0.01022	0.00777	0.00695	0.01022	0.01186	0.00573	0.01554	0.00900	0.02372	0.00736	0.00859	0.00573	0.00491	0.00327	0.00164	0.00409	0.00286	0.00327	0.00573
66	0.78475	0.01158	0.06966	0.00760	0.01123	0.01189	0.00682	0.01564	0.00917	0.02316	0.00753	0.00879	0.00580	0.00492	0.00341	0.00164	0.00439	0.00295	0.00319	0.00589
67	0.00644	0.00460	0.00613	0.00736	0.00767	0.00429	0.00491	0.00736	0.01012	0.01350	0.02914	0.81076	0.03497	0.01656	0.00675	0.00215	0.00307	0.01503	0.00491	0.00429
68	0.00918	0.00459	0.00689	0.00689	0.00689	0.00459	0.00459	0.00689	0.00689	0.00918	0.00918	0.01607	0.00918	0.01837	0.02066	0.84619	0.00459	0.00459	0.00230	0.00230
69	0.00736	0.00540	0.00690	0.00652	0.00782	0.00494	0.00489	0.00974	0.01467	0.02051	0.70640	0.04062	0.12235	0.01106	0.00624	0.00167	0.00251	0.00972	0.00573	0.00494
70	0.01157	0.01157	0.01619	0.01388	0.01388	0.01619	0.01157	0.01272	0.00810	0.01272	0.00694	0.01157	0.00694	0.00925	0.01735	0.00231	0.80453	0.00463	0.00231	0.00578
71	0.02372	0.00900	0.01227	0.00941	0.01350	0.00777	0.00777	0.02576	0.01513	0.78489	0.02086	0.01799	0.01309	0.00654	0.00532	0.00164	0.00450	0.00532	0.00654	0.00900
72	0.01096	0.00940	0.01096	0.00783	0.01253	0.00705	0.00626	0.01331	0.01096	0.01723	0.00940	0.01096	0.00783	0.00392	0.00392	0.00078	0.00392	0.00313	0.00313	0.84653
73	0.00625	0.00536	0.00536	0.00536	0.00714	0.00446	0.00402	0.00759	0.01205	0.01428	0.05355	0.05088	0.77909	0.01339	0.00625	0.00179	0.00268	0.01116	0.00491	0.00446
74	0.05016	0.00904	0.01212	0.00933	0.01339	0.00790	0.00770	0.02544	0.01494	0.76058	0.02043	0.01769	0.01285	0.00649	0.00525	0.00164	0.00449	0.00524	0.00644	0.00889
75	0.01096	0.00940	0.01096	0.00783	0.01253	0.00705	0.00626	0.01331	0.01096	0.01723	0.00940	0.01096	0.00783	0.00392	0.00392	0.00078	0.00392	0.00313	0.00313	0.84653
76	0.01315	0.01136	0.01195	0.01076	0.01375	0.01315	0.00837	0.02809	0.77168	0.02211	0.02152	0.01972	0.01614	0.00717	0.00538	0.00179	0.00418	0.00598	0.00538	0.00837
77	0.01298	0.06961	0.15048	0.04926	0.54354	0.01324	0.01596	0.05162	0.01237	0.01751	0.00981	0.01246	0.00797	0.00484	0.00508	0.00156	0.00650	0.00445	0.00265	0.00813
78	0.01067	0.04158	0.77314	0.01496	0.02271	0.01243	0.01934	0.01673	0.01115	0.01666	0.00945	0.01111	0.00670	0.00501	0.00499	0.00166	0.00777	0.00389	0.00223	0.00779
79	0.00985	0.00493	0.00493	0.00493	0.00616	0.00493	0.00370	0.01232	0.01109	0.01971	0.01725	0.01971	0.01355	0.00616	0.00370	0.00123	0.00246	0.00493	0.84356	0.00493
80	0.00641	0.00533	0.00561	0.00561	0.00726	0.00452	0.00418	0.00788	0.01233	0.01512	0.14426	0.08544	0.65142	0.01321	0.00627	0.00179	0.00267	0.01114	0.00502	0.00452
81	0.01210	0.01520	0.10831	0.08390	0.04197	0.01311	0.61126	0.01663	0.01218	0.01665	0.01045	0.01390	0.00781	0.00459	0.00602	0.00177	0.00860	0.00584	0.00260	0.00712
82	0.00644	0.00460	0.00613	0.00736	0.00767	0.00429	0.00491	0.00736	0.01012	0.01350	0.02914	0.81076	0.03497	0.01656	0.00675	0.00215	0.00307	0.01503	0.00491	0.00429
83	0.00680	0.00509	0.00632	0.00663	0.00764	0.00460	0.00474	0.00843	0.01244	0.01667	0.32568	0.33748	0.21094	0.01360	0.00643	0.00188	0.00276	0.01202	0.00526	0.00460
84	0.01299	0.01312	0.05167	0.03134	0.73639	0.01256	0.01620	0.01647	0.02658	0.01734	0.01015	0.01314	0.00846	0.00477	0.00523	0.00158	0.00630	0.00470	0.00265	0.00835
85	0.01060	0.02735	0.78682	0.01507	0.02288	0.01228	0.01953	0.01674	0.01116	0.01674	0.00949	0.01116	0.00670	0.00502	0.00502	0.00167	0.00781	0.00391	0.00223	0.00781
86	0.00644	0.00460	0.00613	0.00736	0.00767	0.00429	0.00491	0.00736	0.01012	0.01350	0.02914	0.81076	0.03497	0.01656	0.00675	0.00215	0.00307	0.01503	0.00491	0.00429
87	0.51207	0.16462	0.07945	0.00921	0.01322	0.04239	0.04369	0.03785	0.01047	0.03511	0.00814	0.00939	0.00639	0.00492	0.00374	0.00154	0.00519	0.00323	0.00307	0.00634
88	0.01998	0.01009	0.07372	0.01061	0.04983	0.00803	0.00874	0.02238	0.01392	0.57919	0.01913	0.04278	0.01308	0.00855	0.05093	0.00203	0.00526	0.00549	0.04798	0.00827
89	0.01096	0.00940	0.01096	0.00783	0.01253	0.00705	0.00626	0.01331	0.01096	0.01723	0.00940	0.01096	0.00783	0.00392	0.00392	0.00078	0.00392	0.00313	0.00313	0.84653
90	0.00738	0.00540	0.00693	0.00655	0.00784	0.00495	0.00491	0.00979	0.01473	0.02065	0.72095	0.04039	0.10772	0.01101	0.00624	0.00167	0.00251	0.00969	0.00575	0.00495
91	0.01100	0.02499	0.66494	0.01784	0.14364	0.01232	0.01901	0.01666	0.01130	0.01683	0.00956	0.01147	0.00696	0.00497	0.00506	0.00166	0.00757	0.00403	0.00229	0.00790
92	0.00830	0.00664	0.00961	0.00921	0.00995	0.00815	0.00723	0.00998	0.00845	0.01242	0.01311	0.01983	0.01243	0.07100	0.60543	0.00711	0.14941	0.00557	0.02135	0.00483
93	0.00625	0.00536	0.00536	0.00536	0.00714	0.00446	0.00402	0.00759	0.01205	0.01428	0.05355	0.05088	0.77909	0.01339	0.00625	0.00179	0.00268	0.01116	0.00491	0.00446
94	0.00724	0.00539	0.00673	0.00640	0.00775	0.00489	0.00480	0.00951	0.01439	0.01985	0.63660	0.04172	0.19257	0.01131	0.00624	0.00169	0.00253	0.00987	0.00564	0.00489
95	0.00644	0.00460	0.00613	0.00736	0.00767	0.00429	0.00491	0.00736	0.01012	0.01350	0.02914	0.81076	0.03497	0.01656	0.00675	0.00215	0.00307	0.01503	0.00491	0.00429
96	0.01114	0.00955	0.01104	0.00806	0.01263	0.00753	0.00643	0.01449	0.07166	0.01762	0.01036	0.01166	0.00849	0.00418	0.00403	0.00086	0.00394	0.00336	0.00331	0.77965
97	0.01315	0.01136	0.01195	0.01076	0.01375	0.01315	0.00837	0.02809	0.77168	0.02211	0.02152	0.01972	0.01614	0.00717	0.00538	0.00179	0.00418	0.00598	0.00538	0.00837
98	0.00768	0.00517	0.00598	0.00598	0.00606	0.00524	0.00347	0.00783	0.00775	0.01041	0.01646	0.03349	0.01874	0.75240	0.08806	0.00539	0.00585	0.00753	0.00317	0.00332
99	0.02372	0.00900	0.01227	0.00941	0.01350	0.00777	0.00777	0.02576	0.01513	0.78489	0.02086	0.01799	0.01309	0.00654	0.00532	0.00164	0.00450	0.00532	0.00654	0.00900
100	0.00755	0.00566	0.00850	0.00850	0.00944	0.00661	0.00661	0.00944	0.00850	0.01227	0.01416	0.02077	0.01322	0.03965	0.79326	0.00850	0.01416	0.00566	0.00283	0.00472
101	0.01060	0.02735	0.78682	0.01507	0.02288	0.01228	0.01953	0.01674	0.01116	0.01674	0.00949	0.01116	0.00670	0.00502	0.00502	0.00167	0.00781	0.00391	0.00223	0.00781
102	0.01157	0.01157	0.01619	0.01388	0.01388	0.01619	0.01157	0.01272	0.00810	0.01272	0.00694	0.01157	0.00694	0.00925	0.01735	0.00231	0.80453	0.00463	0.00231	0.00578
103	0.01308	0.01256	0.02146	0.03245	0.78123	0.01256	0.01622	0.01622	0.01204	0.01727	0.00994	0.01308	0.00837	0.00471	0.00523	0.00157	0.00628	0.00471	0.00262	0.00837
104	0.00650	0.00537	0.00571	0.00562	0.00730	0.00457	0.00422	0.00808	0.01265	0.01569	0.20167	0.04855	0.63009	0.01286	0.00625	0.00176	0.00264	0.01083	0.00510	0.00457
105	0.00768	0.00515	0.00590	0.00590	0.00594	0.00520	0.00336	0.00777	0.00773	0.01035	0.01654	0.03394	0.01894	0.77751	0.06322	0.00528	0.00555	0.00759	0.00319	0.00328
106	0.00746	0.00537	0.00701	0.00672	0.00787	0.00498	0.00499	0.00979	0.01442	0.02033	0.70014	0.07588	0.04767	0.04035	0.00703	0.00183	0.00267	0.02495	0.00566	0.00489
107	0.76841	0.01056	0.00851	0.00742	0.01078	0.01214	0.00611	0.07544	0.01039	0.03993	0.00806	0.00911	0.00614	0.00506	0.00347	0.00163	0.00424	0.00306	0.00350	0.00605
108	0.01096	0.00940	0.01096	0.00783	0.01253	0.00705	0.00626	0.01331	0.01096	0.01723	0.00940	0.01096	0.00783	0.00392	0.00392	0.00078	0.00392	0.00313	0.00313	0.84653
109	0.00769	0.00513	0.00577	0.00577	0.00577	0.00513	0.00320	0.00769	0.00769	0.01025	0.01666	0.03460	0.01922	0.81421	0.02691	0.00513	0.00513	0.00769	0.00320	0.00320
110	0.02013	0.01422	0.01544	0.01189	0.01607	0.01559	0.00981	0.67800	0.05122	0.09288	0.01366	0.01337	0.00958	0.00639	0.00529	0.00160	0.00565	0.00485	0.00539	0.00897
111	0.00998	0.00940	0.01586	0.80150	0.03641	0.01175	0.01468	0.01351	0.01057	0.01351	0.00940	0.01409	0.00705	0.00529	0.00529	0.00176	0.00705	0.00470	0.00235	0.00587
112	0.01388	0.01324	0.03390	0.03012	0.69389	0.04929	0.01558	0.01694	0.01232	0.05507	0.01039	0.01313	0.00850	0.00484	0.00521	0.00157	0.00637	0.00466	0.00281	0.00829
113	0.00769	0.00513	0.00577	0.00577	0.00577	0.00513	0.00320	0.00769	0.00769	0.01025	0.01666	0.03460	0.01922	0.81421	0.02691	0.00513	0.00513	0.00769	0.00320	0.00320
114	0.01087	0.00930	0.01086	0.00782	0.01243	0.00699	0.00624	0.01319	0.01095	0.01715	0.00980	0.02727	0.00838	0.00417	0.00397	0.00081	0.00390	0.00337	0.00317	0.82936
115	0.01167	0.01191	0.04983	0.31833	0.41722	0.01214	0.05650	0.01511	0.01144	0.01575	0.01011	0.02809	0.00828	0.00514	0.00533	0.00167	0.00671	0.00495	0.00255	0.00727
116	0.02372	0.00900	0.01227	0.00941	0.01350	0.00777	0.00777	0.02576	0.01513	0.78489	0.02086	0.01799	0.01309	0.00654	0.00532	0.00164	0.00450	0.00532	0.00654	0.00900
117	0.01239	0.01460	0.06059	0.03626	0.07161	0.01325	0.67565	0.01682	0.01237	0.01689	0.01058	0.01406	0.00797	0.00451	0.00611	0.00177	0.00868	0.00603	0.00265	0.00721
118	0.00703	0.00537	0.00645	0.00621	0.00763	0.00479	0.00465	0.00909	0.01385	0.01862	0.50971	0.05894	0.30481	0.01183	0.00625	0.00172	0.00257	0.01023	0.00548	0.00479
119	0.00913	0.00463	0.00694	0.00694	0.00698	0.00466	0.00466	0.00698	0.00694	0.00929	0.00936	0.01624	0.00932	0.01912	0.04791	0.81665	0.00493	0.00463	0.00231	0.00238
120	0.00748	0.00540	0.00707	0.00665	0.00790	0.00499	0.00499	0.00998	0.01496	0.02120	0.77844	0.03949	0.04988	0.01081	0.00624	0.00166	0.00249	0.00956	0.00582	0.00499
121	0.02322	0.00911	0.01225	0.00947	0.01351	0.00802	0.00780	0.02587	0.05098	0.74875	0.02089	0.01808	0.01323	0.00657	0.00532	0.00164	0.00448	0.00535	0.00649	0.00897
122	0.01102	0.00957	0.01168	0.00834	0.01306	0.00727	0.03292	0.01344	0.01102	0.01722	0.00944	0.01108	0.00784	0.00393	0.00400	0.00082	0.00409	0.00324	0.00312	0.81693
123	0.11701	0.00950	0.01483	0.70046	0.03308	0.01176	0.01354	0.01377	0.01037	0.01481	0.00914	0.01339	0.00688	0.00524	0.00503	0.00175	0.00667	0.00446	0.00247	0.00585
124	0.01200	0.01349	0.02919	0.02109	0.02604	0.01264	0.70162	0.01617	0.01229	0.01666	0.01217	0.07782	0.01017	0.00542	0.00628	0.00181	0.00845	0.00694	0.00285	0.00690
125	0.00918	0.00459	0.00689	0.00689	0.00689	0.00459	0.00459	0.00689	0.00689	0.00918	0.00918	0.01607	0.00918	0.01837	0.02066	0.84619	0.00459	0.00459	0.00230	0.00230
126	0.02010	0.01481	0.01587	0.01216	0.01639	0.01639	0.01005	0.76360	0.02486	0.03332	0.01269	0.01269	0.00899	0.00635	0.00529	0.00159	0.00582	0.00476	0.00529	0.00899
127	0.00905	0.00468	0.00702	0.00702	0.00709	0.00475	0.00475	0.00709	0.00702	0.00943	0.00958	0.01644	0.00950	0.02006	0.08231	0.77934	0.00535	0.00468	0.00234	0.00249
128	0.01096	0.00940	0.01096	0.00783	0.01253	0.00705	0.00626	0.01331	0.01096	0.01723	0.00940	0.01096	0.00783	0.00392	0.00392	0.00078	0.00392	0.00313	0.00313	0.84653
129	0.00652	0.00487	0.00607	0.00681	0.00757	0.00442	0.00471	0.00773	0.01116	0.01462	0.12628	0.54047	0.20926	0.01512	0.00657	0.00200	0.00291	0.01346	0.00502	0.00442
130	0.01905	0.02394	0.01466	0.01316	0.01604	0.73027	0.00990	0.02049	0.01466	0.01328	0.00827	0.00965	0.00689	0.00533	0.00470	0.00132	0.00909	0.00338	0.00276	0.07319
131	0.00644	0.00460	0.00613	0.00736	0.00767	0.00429	0.00491	0.00736	0.01012	0.01350	0.02914	0.81076	0.03497	0.01656	0.00675	0.00215	0.00307	0.01503	0.00491	0.00429
132	0.01096	0.00940	0.01096	0.00783	0.01253	0.00705	0.00626	0.01331	0.01096	0.01723	0.00940	0.01096	0.00783	0.00392	0.00392	0.00078	0.00392	0.00313	0.00313	0.84653
133	0.00656	0.00469	0.00624	0.00728	0.00769	0.00437	0.00492	0.00766	0.01067	0.01437	0.11401	0.72340	0.03665	0.01591	0.00669	0.00209	0.00300	0.01441	0.00501	0.00437
134	0.01093	0.02598	0.72194	0.01497	0.02253	0.01206	0.04374	0.01681	0.01127	0.03145	0.00974	0.01139	0.00690	0.00500	0.00503	0.00165	0.00766	0.00399	0.00236	0.03460
135	0.00893	0.00542	0.00630	0.00611	0.00645	0.00531	0.00362	0.00912	0.00836	0.07217	0.01741	0.05925	0.01926	0.72306	0.02451	0.00475	0.00501	0.00774	0.00353	0.00370
136	0.00760	0.00509	0.00579	0.00588	0.00590	0.00507	0.00332	0.00767	0.00786	0.01047	0.01752	0.08823	0.02031	0.75909	0.02551	0.00492	0.00498	0.00820	0.00332	0.00328
137	0.85155	0.01022	0.00777	0.00695	0.01022	0.01186	0.00573	0.01554	0.00900	0.02372	0.00736	0.00859	0.00573	0.00491	0.00327	0.00164	0.00409	0.00286	0.00327	0.00573
138	0.00631	0.00536	0.00544	0.00542	0.00718	0.00449	0.00406	0.00770	0.01219	0.01461	0.08753	0.05034	0.74491	0.01327	0.00625	0.00178	0.00267	0.01108	0.00495	0.00449
139	0.00769	0.00513	0.00577	0.00577	0.00577	0.00513	0.00320	0.00769	0.00769	0.01025	0.01666	0.03460	0.01922	0.81421	0.02691	0.00513	0.00513	0.00769	0.00320	0.00320
140	0.07070	0.01007	0.01592	0.62046	0.11796	0.01207	0.01400	0.04950	0.01130	0.01560	0.00947	0.01352	0.00720	0.00524	0.00514	0.00172	0.00669	0.00457	0.00258	0.00629
141	0.02248	0.01031	0.01303	0.00997	0.01411	0.00968	0.00823	0.19095	0.01717	0.59051	0.01864	0.01657	0.01199	0.00641	0.00526	0.00160	0.00477	0.00512	0.00615	0.03703
142	0.07994	0.01263	0.03525	0.07814	0.60686	0.02587	0.01485	0.03760	0.01210	0.01787	0.01053	0.01336	0.02187	0.00499	0.00509	0.00159	0.00616	0.00464	0.00276	0.00790
143	0.01260	0.01031	0.01115	0.00961	0.01279	0.01097	0.00752	0.06085	0.47988	0.04725	0.04669	0.02185	0.09679	0.00736	0.00526	0.00161	0.00402	0.00610	0.00502	0.14237
144	0.00640	0.00477	0.00596	0.00690	0.00755	0.00433	0.00470	0.00741	0.01056	0.01367	0.03470	0.63767	0.20447	0.01584	0.00663	0.00206	0.00298	0.01415	0.00491	0.00433
145	0.01265	0.01275	0.05233	0.13033	0.47309	0.02521	0.11121	0.01622	0.02695	0.03885	0.01169	0.03041	0.02362	0.00529	0.00541	0.00165	0.00661	0.00523	0.00283	0.00768
146	0.01421	0.74845	0.02667	0.00945	0.01369	0.04917	0.00921	0.01587	0.01077	0.01247	0.00736	0.00867	0.00679	0.00479	0.00413	0.00120	0.04516	0.00294	0.00228	0.00671
147	0.08814	0.22345	0.48094	0.02679	0.01932	0.02863	0.01514	0.01662	0.01100	0.03266	0.00898	0.01042	0.00678	0.00493	0.00446	0.00153	0.00688	0.00358	0.00244	0.00733

[dist]
# distance from previous block
# <min> <max>
0	1

[block]
# block no. 1 follows, 46 sequences, length 17
# corresponding to MSA columns:
# 300-316
name=unknown_B
#
# <colnr> <probs for GDERKNQSTAVLIFYWHMCP>
#	G	D	E	R	K	N	Q	S	T	A	V	L	I	F	Y	W	H	M	C	P
0	0.06743	0.10839	0.06914	0.00970	0.01227	0.00971	0.06171	0.02646	0.11343	0.01615	0.02105	0.27945	0.05812	0.05156	0.00672	0.00200	0.00464	0.05758	0.00406	0.02043
1	0.01828	0.05846	0.08572	0.01178	0.01615	0.01502	0.01040	0.52318	0.07554	0.08553	0.03784	0.01408	0.01079	0.00634	0.00520	0.00159	0.00567	0.00486	0.00496	0.00859
2	0.01340	0.01042	0.01131	0.01008	0.01299	0.01165	0.00786	0.02559	0.61052	0.09298	0.07494	0.02250	0.05691	0.00768	0.00548	0.00177	0.00402	0.00642	0.00549	0.00800
3	0.01096	0.00940	0.01096	0.00783	0.01253	0.00705	0.00626	0.01331	0.01096	0.01723	0.00940	0.01096	0.00783	0.00392	0.00392	0.00078	0.00392	0.00313	0.00313	0.84653
4	0.00912	0.00461	0.00684	0.00684	0.00684	0.00461	0.00454	0.00692	0.00692	0.00922	0.00947	0.01679	0.00957	0.04931	0.02090	0.81349	0.00461	0.00471	0.00233	0.00233
5	0.09585	0.00929	0.01291	0.00993	0.01383	0.00841	0.06196	0.02330	0.01401	0.62214	0.01871	0.01773	0.01238	0.04726	0.00630	0.00182	0.00481	0.00528	0.00580	0.00828
6	0.08313	0.49425	0.05775	0.00982	0.01408	0.07605	0.00929	0.10314	0.01283	0.05302	0.02395	0.01045	0.00820	0.00568	0.01751	0.00143	0.00597	0.00345	0.00301	0.00699
7	0.01086	0.08417	0.73222	0.01463	0.02221	0.01290	0.01878	0.01668	0.01113	0.01643	0.00933	0.01097	0.00670	0.00499	0.00491	0.00164	0.00766	0.00383	0.00223	0.00774
8	0.00625	0.00536	0.00536	0.00536	0.00714	0.00446	0.00402	0.00759	0.01205	0.01428	0.05355	0.05088	0.77909	0.01339	0.00625	0.00179	0.00268	0.01116	0.00491	0.00446
9	0.01110	0.10694	0.65506	0.01497	0.02227	0.01324	0.07189	0.01666	0.01121	0.01632	0.00936	0.01111	0.00680	0.00493	0.00494	0.00163	0.00767	0.00396	0.00227	0.00766
10	0.01197	0.01317	0.02684	0.01977	0.02382	0.01343	0.57025	0.01563	0.01139	0.01583	0.01023	0.01420	0.00818	0.00776	0.06223	0.00234	0.15773	0.00590	0.00262	0.00671
11	0.01308	0.01256	0.02146	0.03245	0.78123	0.01256	0.01622	0.01622	0.01204	0.01727	0.00994	0.01308	0.00837	0.00471	0.00523	0.00157	0.00628	0.00471	0.00262	0.00837
12	0.00720	0.00543	0.00667	0.00646	0.00785	0.00490	0.00491	0.00937	0.01401	0.01900	0.53819	0.04372	0.24960	0.01172	0.00630	0.00174	0.00267	0.04990	0.00552	0.00484
13	0.00651	0.00463	0.00611	0.00727	0.00756	0.00434	0.00481	0.00738	0.00998	0.01331	0.02842	0.76585	0.03405	0.06272	0.00791	0.00232	0.00319	0.01460	0.00481	0.00423
14	0.01891	0.01547	0.07140	0.01227	0.01667	0.01586	0.01061	0.65661	0.07760	0.03131	0.01310	0.01309	0.00934	0.00631	0.00528	0.00161	0.00584	0.00479	0.00507	0.00886
15	0.01850	0.01257	0.01383	0.01094	0.01458	0.01357	0.00890	0.56376	0.02151	0.10993	0.01543	0.09048	0.01222	0.00734	0.00533	0.00162	0.00519	0.00582	0.06021	0.00827
16	0.01220	0.00977	0.01138	0.00822	0.01285	0.00776	0.00661	0.06820	0.01216	0.05325	0.01016	0.01141	0.00815	0.00421	0.00408	0.00088	0.00408	0.00335	0.00344	0.74786

[dist]
# distance from previous block
# <min> <max>
1	6

[block]
# block no. 2 follows, 46 sequences, length 64
# corresponding to MSA columns:
# 323-328,332-368,370-385,389-393
name=unknown_C
#
# <colnr> <probs for GDERKNQSTAVLIFYWHMCP>
#	G	D	E	R	K	N	Q	S	T	A	V	L	I	F	Y	W	H	M	C	P
0	0.85155	0.01022	0.00777	0.00695	0.01022	0.01186	0.00573	0.01554	0.00900	0.02372	0.00736	0.00859	0.00573	0.00491	0.00327	0.00164	0.00409	0.00286	0.00327	0.00573
1	0.00625	0.00536	0.00536	0.00536	0.00714	0.00446	0.00402	0.00759	0.01205	0.01428	0.05355	0.05088	0.77909	0.01339	0.00625	0.00179	0.00268	0.01116	0.00491	0.00446
2	0.85155	0.01022	0.00777	0.00695	0.01022	0.01186	0.00573	0.01554	0.00900	0.02372	0.00736	0.00859	0.00573	0.00491	0.00327	0.00164	0.00409	0.00286	0.00327	0.00573
3	0.01096	0.00940	0.01096	0.00783	0.01253	0.00705	0.00626	0.01331	0.01096	0.01723	0.00940	0.01096	0.00783	0.00392	0.00392	0.00078	0.00392	0.00313	0.00313	0.84653
4	0.00755	0.00566	0.00850	0.00850	0.00944	0.00661	0.00661	0.00944	0.00850	0.01227	0.01416	0.02077	0.01322	0.03965	0.79326	0.00850	0.01416	0.00566	0.00283	0.00472
5	0.00748	0.00540	0.00707	0.00665	0.00790	0.00499	0.00499	0.00998	0.01496	0.02120	0.77844	0.03949	0.04988	0.01081	0.00624	0.00166	0.00249	0.00956	0.00582	0.00499
6	0.01060	0.02735	0.78682	0.01507	0.02288	0.01228	0.01953	0.01674	0.01116	0.01674	0.00949	0.01116	0.00670	0.00502	0.00502	0.00167	0.00781	0.00391	0.00223	0.00781
7	0.00739	0.00533	0.00698	0.00672	0.00788	0.00492	0.00498	0.00974	0.01452	0.02049	0.70959	0.11036	0.04851	0.01134	0.00628	0.00171	0.00255	0.01006	0.00574	0.00492
8	0.02372	0.00900	0.01227	0.00941	0.01350	0.00777	0.00777	0.02576	0.01513	0.78489	0.02086	0.01799	0.01309	0.00654	0.00532	0.00164	0.00450	0.00532	0.00654	0.00900
9	0.00769	0.00513	0.00577	0.00577	0.00577	0.00513	0.00320	0.00769	0.00769	0.01025	0.01666	0.03460	0.01922	0.81421	0.02691	0.00513	0.00513	0.00769	0.00320	0.00320
10	0.00758	0.00557	0.00800	0.00800	0.00877	0.00634	0.00599	0.00912	0.00835	0.01190	0.01462	0.02329	0.01431	0.18090	0.65350	0.00788	0.01251	0.00603	0.00290	0.00444
11	0.01157	0.01157	0.01619	0.01388	0.01388	0.01619	0.01157	0.01272	0.00810	0.01272	0.00694	0.01157	0.00694	0.00925	0.01735	0.00231	0.80453	0.00463	0.00231	0.00578
12	0.01291	0.01235	0.02088	0.07518	0.71818	0.01253	0.01592	0.01640	0.03283	0.01719	0.01023	0.01332	0.00851	0.00481	0.00524	0.00159	0.00627	0.00474	0.00268	0.00823
13	0.01268	0.01002	0.01538	0.37513	0.09806	0.01044	0.04428	0.03003	0.03266	0.11605	0.01139	0.01394	0.00847	0.00512	0.00502	0.00150	0.00591	0.00453	0.00325	0.19612
14	0.01978	0.01465	0.01569	0.01210	0.01628	0.01625	0.00997	0.73065	0.05832	0.03282	0.01309	0.01301	0.00931	0.00638	0.00529	0.00160	0.00574	0.00481	0.00529	0.00896
15	0.01075	0.01024	0.01755	0.60719	0.20286	0.01197	0.03631	0.01421	0.01095	0.01445	0.00956	0.01387	0.00737	0.00513	0.00530	0.00172	0.00693	0.00474	0.00242	0.00647
16	0.01419	0.01188	0.01254	0.01097	0.01415	0.01364	0.00862	0.13870	0.65937	0.02380	0.02019	0.01867	0.01506	0.00705	0.00537	0.00176	0.00443	0.00579	0.00537	0.00846
17	0.00644	0.00460	0.00613	0.00736	0.00767	0.00429	0.00491	0.00736	0.01012	0.01350	0.02914	0.81076	0.03497	0.01656	0.00675	0.00215	0.00307	0.01503	0.00491	0.00429
18	0.00644	0.00460	0.00613	0.00736	0.00767	0.00429	0.00491	0.00736	0.01012	0.01350	0.02914	0.81076	0.03497	0.01656	0.00675	0.00215	0.00307	0.01503	0.00491	0.00429
19	0.00752	0.00543	0.00712	0.00677	0.00801	0.00503	0.00512	0.01001	0.01486	0.02100	0.74999	0.04025	0.04914	0.01095	0.00628	0.00169	0.00258	0.03747	0.00578	0.00498
20	0.01315	0.01136	0.01195	0.01076	0.01375	0.01315	0.00837	0.02809	0.77168	0.02211	0.02152	0.01972	0.01614	0.00717	0.00538	0.00179	0.00418	0.00598	0.00538	0.00837
21	0.01413	0.81739	0.02770	0.00905	0.01357	0.02092	0.00905	0.01583	0.01074	0.01244	0.00735	0.00848	0.00678	0.00452	0.00339	0.00113	0.00565	0.00283	0.00226	0.00678
22	0.02372	0.00900	0.01227	0.00941	0.01350	0.00777	0.00777	0.02576	0.01513	0.78489	0.02086	0.01799	0.01309	0.00654	0.00532	0.00164	0.00450	0.00532	0.00654	0.00900
23	0.00748	0.00540	0.00707	0.00665	0.00790	0.00499	0.00499	0.00998	0.01496	0.02120	0.77844	0.03949	0.04988	0.01081	0.00624	0.00166	0.00249	0.00956	0.00582	0.00499
24	0.00625	0.00536	0.00536	0.00536	0.00714	0.00446	0.00402	0.00759	0.01205	0.01428	0.05355	0.05088	0.77909	0.01339	0.00625	0.00179	0.00268	0.01116	0.00491	0.00446
25	0.00787	0.00562	0.00722	0.07941	0.00929	0.00602	0.00491	0.00856	0.00811	0.01094	0.01551	0.03005	0.01694	0.59062	0.17260	0.00547	0.00704	0.00702	0.00305	0.00374
26	0.00748	0.00540	0.00707	0.00665	0.00790	0.00499	0.00499	0.00998	0.01496	0.02120	0.77844	0.03949	0.04988	0.01081	0.00624	0.00166	0.00249	0.00956	0.00582	0.00499
27	0.01096	0.00940	0.01096	0.00783	0.01253	0.00705	0.00626	0.01331	0.01096	0.01723	0.00940	0.01096	0.00783	0.00392	0.00392	0.00078	0.00392	0.00313	0.00313	0.84653
28	0.01109	0.11658	0.07486	0.47799	0.13759	0.01302	0.02834	0.01476	0.02797	0.01446	0.00998	0.01428	0.00799	0.00535	0.00508	0.00166	0.00673	0.02322	0.00251	0.00655
29	0.01266	0.01285	0.02343	0.07257	0.29599	0.01294	0.31807	0.01839	0.14307	0.01773	0.01221	0.01477	0.00949	0.00507	0.00567	0.00171	0.00704	0.00555	0.00310	0.00771
30	0.01096	0.00940	0.01096	0.00783	0.01253	0.00705	0.00626	0.01331	0.01096	0.01723	0.00940	0.01096	0.00783	0.00392	0.00392	0.00078	0.00392	0.00313	0.00313	0.84653
31	0.01085	0.00928	0.01084	0.00782	0.01241	0.00698	0.00623	0.01317	0.01094	0.01714	0.00988	0.03055	0.00849	0.00422	0.00398	0.00082	0.00389	0.00342	0.00318	0.82590
32	0.01275	0.11005	0.55622	0.01401	0.02076	0.02862	0.02981	0.11859	0.01316	0.03415	0.00992	0.01124	0.00717	0.00518	0.00491	0.00160	0.00729	0.00397	0.00276	0.00784
33	0.01037	0.00599	0.00643	0.00599	0.00751	0.00606	0.00458	0.08518	0.01322	0.02134	0.17198	0.02306	0.02051	0.00713	0.00437	0.00135	0.00280	0.00586	0.59094	0.00534
34	0.00639	0.00536	0.00555	0.00550	0.00723	0.00452	0.00413	0.00785	0.01238	0.01506	0.13473	0.04960	0.69743	0.01310	0.00625	0.00177	0.00266	0.01098	0.00501	0.00452
35	0.10420	0.01440	0.01488	0.08421	0.01753	0.06350	0.01000	0.55353	0.04010	0.02897	0.01179	0.01238	0.00852	0.00607	0.00505	0.00160	0.00594	0.00451	0.00466	0.00818
36	0.01383	0.01389	0.02020	0.08005	0.62461	0.10421	0.01527	0.03434	0.01259	0.01690	0.00977	0.01272	0.00812	0.00487	0.00518	0.00156	0.00670	0.00456	0.00268	0.00796
37	0.01105	0.09433	0.66433	0.01510	0.02244	0.01310	0.07482	0.01668	0.01122	0.01639	0.00939	0.01117	0.00680	0.00494	0.00497	0.00164	0.00771	0.00399	0.00227	0.00767
38	0.02013	0.01341	0.01492	0.01153	0.01559	0.01449	0.00951	0.60471	0.02247	0.15885	0.01413	0.01396	0.00987	0.00791	0.04156	0.00191	0.00598	0.00489	0.00539	0.00879
39	0.00644	0.00460	0.00613	0.00736	0.00767	0.00429	0.00491	0.00736	0.01012	0.01350	0.02914	0.81076	0.03497	0.01656	0.00675	0.00215	0.00307	0.01503	0.00491	0.00429
40	0.00644	0.00460	0.00613	0.00736	0.00767	0.00429	0.00491	0.00736	0.01012	0.01350	0.02914	0.81076	0.03497	0.01656	0.00675	0.00215	0.00307	0.01503	0.00491	0.00429
41	0.02119	0.16611	0.03540	0.01003	0.02890	0.01084	0.00857	0.05052	0.01448	0.57318	0.01744	0.01569	0.01146	0.00607	0.00493	0.00154	0.00489	0.00477	0.00548	0.00853
42	0.02066	0.01391	0.01531	0.01174	0.01594	0.01506	0.00969	0.64912	0.02335	0.14994	0.01396	0.01351	0.00963	0.00638	0.00529	0.00159	0.00561	0.00485	0.00548	0.00899
43	0.02372	0.00900	0.01227	0.00941	0.01350	0.00777	0.00777	0.02576	0.01513	0.78489	0.02086	0.01799	0.01309	0.00654	0.00532	0.00164	0.00450	0.00532	0.00654	0.00900
44	0.01246	0.01262	0.05127	0.16119	0.62539	0.01241	0.01610	0.01579	0.01176	0.01662	0.00983	0.01318	0.00808	0.00482	0.00523	0.00161	0.00647	0.00468	0.00256	0.00793
45	0.01975	0.02520	0.01498	0.01362	0.01634	0.79299	0.01021	0.02111	0.01498	0.01294	0.00817	0.00953	0.00681	0.00545	0.00477	0.00136	0.00953	0.00340	0.00272	0.00613
46	0.85155	0.01022	0.00777	0.00695	0.01022	0.01186	0.00573	0.01554	0.00900	0.02372	0.00736	0.00859	0.00573	0.00491	0.00327	0.00164	0.00409	0.00286	0.00327	0.00573
47	0.00654	0.00467	0.00622	0.00730	0.00769	0.00436	0.00491	0.00760	0.01057	0.01420	0.09799	0.73989	0.03634	0.01603	0.00670	0.00210	0.00301	0.01453	0.00499	0.00436
48	0.02223	0.00867	0.01179	0.00915	0.01298	0.00751	0.00751	0.02431	0.01512	0.71472	0.09047	0.01997	0.01647	0.00694	0.00540	0.00164	0.00431	0.00571	0.00648	0.00863
49	0.00748	0.00540	0.00707	0.00665	0.00790	0.00499	0.00499	0.00998	0.01496	0.02120	0.77844	0.03949	0.04988	0.01081	0.00624	0.00166	0.00249	0.00956	0.00582	0.00499
50	0.01349	0.01252	0.02050	0.09093	0.65251	0.01285	0.01554	0.08469	0.01310	0.01845	0.01015	0.01313	0.00833	0.00491	0.00524	0.00159	0.00630	0.00471	0.00284	0.00823
51	0.00638	0.00502	0.00577	0.00631	0.00741	0.00441	0.00446	0.00758	0.01129	0.01419	0.07047	0.39266	0.41588	0.01472	0.00647	0.00194	0.00285	0.01284	0.00494	0.00441
52	0.00677	0.00504	0.00703	0.08033	0.01031	0.00498	0.00581	0.00793	0.01016	0.01350	0.02732	0.73756	0.03240	0.01553	0.00661	0.00211	0.00343	0.01408	0.00467	0.00444
53	0.02010	0.01481	0.01587	0.01216	0.01639	0.01639	0.01005	0.76360	0.02486	0.03332	0.01269	0.01269	0.00899	0.00635	0.00529	0.00159	0.00582	0.00476	0.00529	0.00899
54	0.11479	0.01202	0.01913	0.02767	0.63157	0.01212	0.01433	0.01685	0.01190	0.07490	0.01044	0.01291	0.00840	0.00487	0.00500	0.00158	0.00588	0.00453	0.00299	0.00810
55	0.85155	0.01022	0.00777	0.00695	0.01022	0.01186	0.00573	0.01554	0.00900	0.02372	0.00736	0.00859	0.00573	0.00491	0.00327	0.00164	0.00409	0.00286	0.00327	0.00573
56	0.01285	0.01239	0.02135	0.08494	0.70865	0.01253	0.03736	0.01606	0.01195	0.01700	0.00993	0.01319	0.00827	0.00474	0.00527	0.00159	0.00641	0.00475	0.00260	0.00817
57	0.01133	0.13605	0.54074	0.01466	0.05572	0.01308	0.04846	0.01628	0.01118	0.01621	0.00925	0.01099	0.00695	0.00481	0.00475	0.00152	0.00713	0.00382	0.00236	0.08473
58	0.00727	0.00538	0.00679	0.00648	0.00778	0.00489	0.00484	0.00956	0.01441	0.01999	0.65319	0.06057	0.15654	0.01133	0.00625	0.00169	0.00254	0.00993	0.00566	0.00489
59	0.01155	0.00952	0.01100	0.00824	0.01241	0.00783	0.00651	0.09754	0.01239	0.01858	0.01158	0.07846	0.01047	0.02285	0.00481	0.00108	0.00409	0.00441	0.00353	0.66316
60	0.01388	0.47810	0.17687	0.01229	0.01736	0.10578	0.09867	0.01674	0.01151	0.01387	0.00825	0.00980	0.00691	0.00472	0.00420	0.00134	0.00690	0.00350	0.00236	0.00695
61	0.01101	0.17528	0.57095	0.01307	0.01954	0.01326	0.01604	0.01574	0.01076	0.01533	0.00974	0.01281	0.00786	0.07928	0.00672	0.00189	0.00716	0.00405	0.00233	0.00719
62	0.01161	0.00978	0.01205	0.01021	0.08326	0.00774	0.00728	0.02783	0.01141	0.03472	0.00976	0.01135	0.00802	0.00409	0.00409	0.00089	0.00418	0.00336	0.00320	0.73515
63	0.00730	0.00533	0.00685	0.00662	0.00782	0.00489	0.00491	0.00956	0.01430	0.01998	0.65591	0.11120	0.10252	0.01153	0.00628	0.00172	0.00256	0.01018	0.00567	0.00489

[dist]
# distance from previous block
# <min> <max>
0	7

[block]
# block no. 3 follows, 46 sequences, length 10
# corresponding to MSA columns:
# 401-410
name=unknown_D
#
# <colnr> <probs for GDERKNQSTAVLIFYWHMCP>
#	G	D	E	R	K	N	Q	S	T	A	V	L	I	F	Y	W	H	M	C	P
0	0.00819	0.09871	0.05811	0.00719	0.00933	0.00715	0.00617	0.01059	0.01367	0.01855	0.49860	0.03646	0.18732	0.01025	0.00584	0.00163	0.00322	0.00876	0.00501	0.00526
1	0.01413	0.81739	0.02770	0.00905	0.01357	0.02092	0.00905	0.01583	0.01074	0.01244	0.00735	0.00848	0.00678	0.00452	0.00339	0.00113	0.00565	0.00283	0.00226	0.00678
2	0.01835	0.08490	0.01553	0.01285	0.01575	0.61944	0.00985	0.02171	0.12468	0.01423	0.01005	0.01093	0.00816	0.00563	0.00475	0.00141	0.00845	0.00373	0.00307	0.00651
3	0.01294	0.03770	0.18278	0.02133	0.35840	0.03746	0.03724	0.04434	0.04253	0.03352	0.01044	0.01250	0.00826	0.00486	0.00496	0.00147	0.00628	0.00432	0.00290	0.13577
4	0.01067	0.01140	0.11977	0.05698	0.06770	0.08398	0.00977	0.01317	0.01197	0.06669	0.04138	0.18252	0.09333	0.02619	0.00648	0.00199	0.00533	0.18077	0.00410	0.00581
5	0.01839	0.02187	0.01439	0.01296	0.01581	0.59752	0.00982	0.05431	0.17285	0.01572	0.01114	0.01179	0.00884	0.00584	0.00492	0.00146	0.00826	0.00400	0.00339	0.00672
6	0.00974	0.00914	0.01557	0.68919	0.03319	0.01108	0.04638	0.01305	0.01061	0.01366	0.01140	0.09261	0.00984	0.00636	0.00547	0.00180	0.00674	0.00578	0.00262	0.00577
7	0.01184	0.01305	0.02767	0.02131	0.07827	0.01228	0.62395	0.01580	0.01218	0.01657	0.01273	0.10436	0.01110	0.00584	0.00623	0.00181	0.00807	0.00713	0.00292	0.00690
8	0.01210	0.01134	0.01870	0.08646	0.58899	0.01160	0.01433	0.01576	0.05949	0.01686	0.01280	0.10389	0.01177	0.00625	0.00542	0.00166	0.00584	0.00596	0.00303	0.00772
