[name]
unknown

[dist]
# distance from previous block
# <min> <max>
0	63

[block]
# block no. 0 follows, 51 sequences, length 19
# corresponding to MSA columns:
# 63-81
name=unknown_A
#
# <colnr> <probs for GDERKNQSTAVLIFYWHMCP>
#	G	D	E	R	K	N	Q	S	T	A	V	L	I	F	Y	W	H	M	C	P
0	0.00792	0.00566	0.00792	0.00905	0.01018	0.00566	0.00792	0.01018	0.01131	0.01471	0.02602	0.05543	0.02828	0.01358	0.00679	0.00226	0.00453	0.76356	0.00453	0.00453
1	0.00696	0.00502	0.00657	0.00618	0.00734	0.00464	0.00464	0.00927	0.01391	0.01971	0.79405	0.03671	0.04637	0.01005	0.00580	0.00155	0.00232	0.00889	0.00541	0.00464
2	0.01204	0.01156	0.01973	0.06244	0.76528	0.01165	0.01502	0.01498	0.01113	0.01591	0.00922	0.01220	0.00773	0.00440	0.00487	0.00147	0.00587	0.00438	0.00242	0.00769
3	0.02103	0.01000	0.01242	0.00952	0.01336	0.00965	0.00786	0.25262	0.01680	0.56751	0.01709	0.01524	0.01101	0.00603	0.00493	0.00151	0.00455	0.00479	0.00573	0.00836
4	0.00702	0.00527	0.00790	0.00790	0.00878	0.00614	0.00614	0.00878	0.00790	0.01141	0.01316	0.01931	0.01229	0.03686	0.80782	0.00790	0.01316	0.00527	0.00263	0.00439
5	0.00644	0.00500	0.00757	0.00795	0.00861	0.00467	0.06660	0.00756	0.00958	0.01280	0.02571	0.75912	0.03050	0.01449	0.00623	0.00197	0.00329	0.01332	0.00440	0.00420
6	0.00928	0.00873	0.01474	0.81548	0.03385	0.01092	0.01365	0.01256	0.00983	0.01256	0.00873	0.01310	0.00655	0.00491	0.00491	0.00164	0.00655	0.00437	0.00218	0.00546
7	0.00703	0.00525	0.00780	0.00780	0.00864	0.00609	0.00602	0.00871	0.00787	0.01134	0.01325	0.01980	0.01250	0.06754	0.77743	0.00778	0.01284	0.00534	0.00265	0.00433
8	0.01003	0.06901	0.75980	0.01370	0.02080	0.01185	0.01763	0.01552	0.01035	0.01535	0.00871	0.01024	0.00623	0.00464	0.00459	0.00153	0.00715	0.00358	0.00208	0.00721
9	0.01224	0.01042	0.08443	0.00945	0.01372	0.00770	0.08160	0.03168	0.01117	0.15050	0.01179	0.04912	0.00952	0.02956	0.00496	0.00122	0.00455	0.00427	0.00346	0.46865
10	0.14354	0.00856	0.01063	0.02557	0.01231	0.00808	0.00698	0.04438	0.03219	0.58440	0.03537	0.01578	0.01182	0.00593	0.00464	0.00151	0.00410	0.00468	0.03189	0.00764
11	0.07547	0.00877	0.01018	0.00858	0.01147	0.03297	0.00679	0.08090	0.10827	0.39243	0.03517	0.14957	0.04210	0.00782	0.00506	0.00161	0.00405	0.00650	0.00522	0.00706
12	0.03627	0.01073	0.01220	0.00965	0.01303	0.01127	0.00785	0.39192	0.07855	0.23873	0.08926	0.01650	0.01376	0.02326	0.00535	0.00157	0.00455	0.00510	0.02275	0.00770
13	0.00725	0.00473	0.00544	0.00544	0.00544	0.00473	0.00307	0.00709	0.00709	0.00946	0.01498	0.03090	0.01718	0.76813	0.02459	0.06700	0.00473	0.00694	0.00292	0.00292
14	0.86201	0.00950	0.00722	0.00646	0.00950	0.01102	0.00532	0.01445	0.00836	0.02205	0.00684	0.00798	0.00532	0.00456	0.00304	0.00152	0.00380	0.00266	0.00304	0.00532
15	0.00690	0.00498	0.00652	0.00622	0.00733	0.00460	0.00463	0.00913	0.01364	0.01927	0.74771	0.08427	0.04553	0.01037	0.00582	0.00157	0.00235	0.00919	0.00536	0.00460
16	0.00608	0.00499	0.00536	0.00527	0.00681	0.00427	0.00395	0.00758	0.01185	0.01481	0.22778	0.04476	0.61569	0.01187	0.00581	0.00163	0.00245	0.01002	0.00477	0.00427
17	0.01552	0.00871	0.01023	0.00843	0.01120	0.04385	0.00673	0.11522	0.06563	0.34198	0.28943	0.02285	0.02359	0.00744	0.00522	0.00152	0.00388	0.00622	0.00547	0.00690
18	0.01868	0.01376	0.01475	0.01131	0.01524	0.01524	0.00934	0.78025	0.02311	0.03097	0.01180	0.01180	0.00836	0.00590	0.00492	0.00147	0.00541	0.00442	0.00492	0.00836

[dist]
# distance from previous block
# <min> <max>
5	30

[block]
# block no. 1 follows, 51 sequences, length 33
# corresponding to MSA columns:
# 112-144
name=unknown_B
#
# <colnr> <probs for GDERKNQSTAVLIFYWHMCP>
#	G	D	E	R	K	N	Q	S	T	A	V	L	I	F	Y	W	H	M	C	P
0	0.00843	0.00549	0.00791	0.00766	0.00870	0.00607	0.00585	0.00998	0.00838	0.08451	0.01403	0.02066	0.01296	0.13177	0.63633	0.00692	0.01129	0.00547	0.00300	0.00458
1	0.01426	0.72696	0.02395	0.00845	0.01260	0.01791	0.00826	0.01588	0.01050	0.11066	0.00841	0.00899	0.00704	0.00444	0.00338	0.00111	0.00512	0.00292	0.00260	0.00656
2	0.01668	0.01260	0.01266	0.04685	0.01446	0.13182	0.00821	0.29704	0.02634	0.16775	0.01212	0.01259	0.00881	0.01831	0.00488	0.00136	0.00530	0.00409	0.02510	0.17301
3	0.01759	0.01237	0.01346	0.01060	0.01421	0.01355	0.00866	0.57099	0.12313	0.10035	0.01403	0.02956	0.01020	0.00620	0.00491	0.00150	0.00495	0.00482	0.03084	0.00808
4	0.78298	0.00971	0.00841	0.00867	0.08270	0.01108	0.00623	0.01450	0.00863	0.02149	0.00707	0.00837	0.00555	0.00454	0.00321	0.00151	0.00399	0.00282	0.00298	0.00555
5	0.01105	0.01193	0.09058	0.19963	0.49380	0.01114	0.01441	0.01454	0.03155	0.01524	0.01030	0.03059	0.00874	0.00511	0.00495	0.00155	0.00597	0.02936	0.00253	0.00704
6	0.00892	0.00821	0.01147	0.14438	0.01416	0.02210	0.00880	0.01024	0.00854	0.01200	0.01360	0.25030	0.01495	0.06623	0.02486	0.00228	0.36388	0.00733	0.00293	0.00481
7	0.00609	0.00436	0.00580	0.00677	0.00715	0.00406	0.00457	0.00711	0.00990	0.01332	0.11010	0.73886	0.03400	0.01482	0.00622	0.00195	0.00279	0.01342	0.00465	0.00406
8	0.00763	0.00478	0.00619	0.00673	0.00743	0.00441	0.00460	0.00858	0.00991	0.08581	0.05860	0.58971	0.07598	0.09542	0.00798	0.00219	0.00312	0.01202	0.00458	0.00433
9	0.01858	0.00902	0.01128	0.00898	0.01237	0.00871	0.00730	0.12109	0.12685	0.50393	0.10147	0.01846	0.01574	0.00657	0.00504	0.00154	0.00410	0.00539	0.00570	0.00788
10	0.11650	0.00835	0.00994	0.00761	0.01131	0.00715	0.00616	0.01653	0.01172	0.30115	0.08539	0.01476	0.01245	0.00523	0.00424	0.00119	0.00373	0.00417	0.00431	0.36811
11	0.03969	0.00881	0.01158	0.00889	0.01269	0.00793	0.00735	0.08279	0.01465	0.72341	0.01853	0.01616	0.01172	0.00604	0.00490	0.00152	0.00427	0.00485	0.00593	0.00830
12	0.00599	0.00428	0.00570	0.00684	0.00713	0.00399	0.00456	0.00684	0.00941	0.01254	0.02709	0.82409	0.03250	0.01540	0.00627	0.00200	0.00285	0.01397	0.00456	0.00399
13	0.01062	0.21224	0.62169	0.01271	0.01926	0.01328	0.01589	0.01537	0.01028	0.01463	0.00836	0.00980	0.00624	0.00456	0.00432	0.00144	0.00680	0.00340	0.00208	0.00704
14	0.01321	0.01365	0.01753	0.21857	0.34066	0.17759	0.05758	0.07404	0.01236	0.01548	0.00901	0.01174	0.00720	0.00476	0.00484	0.00148	0.00675	0.00421	0.00259	0.00675
15	0.00653	0.00479	0.00593	0.00606	0.00692	0.00440	0.00426	0.00800	0.01143	0.01549	0.37229	0.24639	0.16189	0.11324	0.00831	0.00208	0.00279	0.01026	0.00474	0.00418
16	0.43515	0.00954	0.00915	0.00778	0.01081	0.03575	0.00628	0.09490	0.01176	0.22358	0.03053	0.08296	0.01077	0.00619	0.00412	0.00155	0.00411	0.00459	0.00419	0.00630
17	0.00894	0.00541	0.00692	0.00649	0.00800	0.00485	0.00488	0.01079	0.01278	0.13780	0.43399	0.16160	0.15716	0.01067	0.00574	0.00163	0.00272	0.00933	0.00524	0.00503
18	0.00854	0.00427	0.00640	0.00640	0.00640	0.00427	0.00427	0.00640	0.00640	0.00854	0.00854	0.01494	0.00854	0.01707	0.01921	0.85702	0.00427	0.00427	0.00213	0.00213
19	0.01451	0.23440	0.01744	0.01161	0.01376	0.34125	0.00961	0.01579	0.01081	0.01184	0.00702	0.00921	0.00636	0.00598	0.00787	0.00149	0.26960	0.00339	0.00229	0.00576
20	0.00742	0.00509	0.00661	0.00645	0.00762	0.00463	0.00473	0.00931	0.01257	0.05085	0.51721	0.23346	0.06670	0.01111	0.00581	0.00164	0.00258	0.00986	0.00512	0.03122
21	0.01103	0.01052	0.01790	0.33872	0.49694	0.01138	0.01452	0.01409	0.01065	0.01468	0.00904	0.01253	0.00730	0.00459	0.00488	0.00153	0.00612	0.00437	0.00233	0.00687
22	0.01110	0.01205	0.02493	0.14375	0.11297	0.01180	0.54682	0.01485	0.01120	0.01517	0.01030	0.04261	0.00827	0.00470	0.00558	0.00164	0.00754	0.00572	0.00251	0.00648
23	0.77383	0.00947	0.00779	0.00685	0.00983	0.01091	0.00565	0.01500	0.00872	0.07466	0.00768	0.00868	0.00583	0.00481	0.00365	0.00154	0.03346	0.00288	0.00322	0.00553
24	0.00866	0.00669	0.00779	0.05426	0.01007	0.03521	0.00579	0.04384	0.08424	0.04901	0.23797	0.28130	0.13416	0.01093	0.00570	0.00171	0.00335	0.00956	0.00470	0.00506
25	0.01028	0.00639	0.00798	0.08150	0.01069	0.00617	0.02881	0.03544	0.01099	0.06635	0.04214	0.05116	0.01295	0.00587	0.00402	0.00123	0.00331	0.00491	0.47333	0.13647
26	0.01371	0.01198	0.08484	0.00995	0.01326	0.03302	0.00856	0.23066	0.27786	0.08381	0.12847	0.01924	0.04893	0.00690	0.00507	0.00156	0.00450	0.00563	0.00476	0.00728
27	0.01189	0.01256	0.10006	0.05638	0.45419	0.03340	0.04529	0.03854	0.01153	0.04664	0.05599	0.05014	0.01100	0.00558	0.00554	0.00155	0.04472	0.00504	0.00287	0.00709
28	0.01361	0.01166	0.01385	0.01141	0.01454	0.06181	0.11237	0.15154	0.39723	0.05950	0.01743	0.03981	0.03705	0.02843	0.00565	0.00169	0.00502	0.00564	0.00446	0.00727
29	0.00621	0.00437	0.00564	0.00655	0.00678	0.00414	0.00425	0.00690	0.00897	0.01196	0.02483	0.66983	0.02965	0.17354	0.00992	0.00254	0.00322	0.01264	0.00425	0.00379
30	0.01553	0.01036	0.03982	0.00927	0.01254	0.02231	0.00769	0.19122	0.20467	0.25430	0.06915	0.02052	0.10627	0.00712	0.00509	0.00156	0.00425	0.00579	0.00513	0.00741
31	0.01071	0.00874	0.01015	0.00748	0.01162	0.00694	0.00597	0.01373	0.06910	0.04901	0.01126	0.01219	0.03174	0.00423	0.00386	0.00086	0.00365	0.00342	0.00325	0.73209
32	0.01553	0.01128	0.01233	0.00968	0.01324	0.03080	0.00781	0.40182	0.06544	0.09760	0.04658	0.06304	0.01195	0.00623	0.00476	0.00136	0.00462	0.00497	0.00455	0.18640

[dist]
# distance from previous block
# <min> <max>
1	12

[block]
# block no. 2 follows, 51 sequences, length 11
# corresponding to MSA columns:
# 157-167
name=unknown_C
#
# <colnr> <probs for GDERKNQSTAVLIFYWHMCP>
#	G	D	E	R	K	N	Q	S	T	A	V	L	I	F	Y	W	H	M	C	P
0	0.47522	0.00952	0.00951	0.04279	0.04787	0.01054	0.00681	0.13505	0.01182	0.08211	0.07263	0.05514	0.01121	0.00591	0.00404	0.00154	0.00413	0.00436	0.00378	0.00603
1	0.07437	0.00957	0.01146	0.00961	0.05153	0.00911	0.00730	0.11718	0.04950	0.17459	0.01205	0.02744	0.00931	0.02407	0.00544	0.00132	0.05291	0.00408	0.00388	0.34529
2	0.01560	0.01142	0.01412	0.09627	0.01641	0.01251	0.04978	0.43847	0.03526	0.09351	0.06819	0.04690	0.01217	0.00651	0.00562	0.00156	0.04570	0.00523	0.00446	0.02032
3	0.04912	0.00682	0.00804	0.02568	0.00983	0.02592	0.00552	0.01125	0.01048	0.10784	0.05598	0.35759	0.05199	0.02400	0.00549	0.00157	0.00349	0.00850	0.00415	0.22674
4	0.01607	0.01137	0.15861	0.05233	0.01466	0.00841	0.00936	0.06055	0.05094	0.41590	0.01760	0.13383	0.01368	0.00714	0.00509	0.00161	0.00474	0.00600	0.00479	0.00733
5	0.00686	0.00502	0.00644	0.00609	0.00729	0.00460	0.00456	0.00910	0.01369	0.01919	0.73469	0.03755	0.10604	0.01024	0.00580	0.00155	0.00233	0.00901	0.00534	0.00460
6	0.01299	0.01094	0.01155	0.01016	0.01307	0.01258	0.00796	0.11599	0.69663	0.02180	0.01902	0.01756	0.01421	0.00658	0.00499	0.00164	0.00407	0.00542	0.00499	0.00785
7	0.01627	0.01066	0.01329	0.01033	0.01368	0.01110	0.07604	0.39561	0.01766	0.16854	0.06928	0.01567	0.01235	0.00690	0.02703	0.00164	0.00502	0.00500	0.11659	0.00733
8	0.00610	0.00483	0.00549	0.00574	0.00697	0.00423	0.00420	0.00745	0.01120	0.01417	0.16356	0.23706	0.46523	0.01282	0.00595	0.00174	0.00261	0.03176	0.00470	0.00420
9	0.01949	0.00886	0.01195	0.00925	0.01281	0.00820	0.04397	0.10173	0.03878	0.57688	0.04268	0.01685	0.01275	0.00609	0.00490	0.00150	0.00430	0.00505	0.06610	0.00787
10	0.01595	0.01055	0.01251	0.12491	0.01588	0.01147	0.00863	0.38190	0.06280	0.15330	0.02640	0.01480	0.01039	0.02827	0.00565	0.01973	0.00491	0.00473	0.07998	0.00724

[dist]
# distance from previous block
# <min> <max>
1	8

[block]
# block no. 3 follows, 51 sequences, length 42
# corresponding to MSA columns:
# 176-217
name=unknown_D
#
# <colnr> <probs for GDERKNQSTAVLIFYWHMCP>
#	G	D	E	R	K	N	Q	S	T	A	V	L	I	F	Y	W	H	M	C	P
0	0.14166	0.04677	0.01298	0.00974	0.01333	0.01298	0.00806	0.45552	0.05508	0.12691	0.03835	0.01378	0.03121	0.00600	0.00463	0.00149	0.00476	0.00451	0.00468	0.00756
1	0.01796	0.07479	0.01509	0.01095	0.01471	0.06897	0.00906	0.59588	0.05246	0.06187	0.01203	0.02286	0.00884	0.00589	0.00477	0.00145	0.00548	0.00440	0.00459	0.00794
2	0.01070	0.00837	0.01104	0.05129	0.03384	0.00876	0.05861	0.22786	0.04863	0.01902	0.07702	0.35943	0.02213	0.01028	0.00567	0.00175	0.00426	0.03109	0.00443	0.00581
3	0.00699	0.00507	0.00598	0.00583	0.00723	0.00446	0.00434	0.00866	0.01224	0.04955	0.34926	0.12331	0.37620	0.01151	0.00581	0.00164	0.00253	0.00991	0.00497	0.00451
4	0.02194	0.00854	0.01151	0.00883	0.01263	0.00748	0.00729	0.04821	0.01436	0.77537	0.01914	0.01657	0.01204	0.00608	0.00494	0.00152	0.00422	0.00493	0.00604	0.00836
5	0.03656	0.01034	0.01144	0.00920	0.01221	0.01106	0.00745	0.42622	0.05157	0.09862	0.17562	0.01823	0.01721	0.00676	0.00492	0.00147	0.00426	0.00542	0.08431	0.00713
6	0.86201	0.00950	0.00722	0.00646	0.00950	0.01102	0.00532	0.01445	0.00836	0.02205	0.00684	0.00798	0.00532	0.00456	0.00304	0.00152	0.00380	0.00266	0.00304	0.00532
7	0.07175	0.00704	0.00975	0.00912	0.00992	0.00887	0.00730	0.01001	0.00783	0.01231	0.01091	0.01619	0.01022	0.02695	0.53780	0.00590	0.22605	0.00482	0.00254	0.00472
8	0.05878	0.03170	0.01245	0.00985	0.04288	0.00913	0.00780	0.13922	0.01498	0.59524	0.01693	0.01516	0.01094	0.00587	0.00480	0.00150	0.00445	0.00468	0.00552	0.00815
9	0.01319	0.76365	0.04799	0.00895	0.01320	0.04593	0.02353	0.01493	0.01016	0.01177	0.00698	0.00809	0.00633	0.00425	0.00329	0.00108	0.00549	0.00274	0.00212	0.00632
10	0.86201	0.00950	0.00722	0.00646	0.00950	0.01102	0.00532	0.01445	0.00836	0.02205	0.00684	0.00798	0.00532	0.00456	0.00304	0.00152	0.00380	0.00266	0.00304	0.00532
11	0.01733	0.01295	0.01398	0.02514	0.01504	0.01443	0.00907	0.60638	0.17098	0.04301	0.01348	0.01318	0.00969	0.00603	0.00493	0.00152	0.00511	0.00465	0.00491	0.00819
12	0.00604	0.00497	0.00531	0.00527	0.00679	0.00424	0.00393	0.00748	0.01168	0.01451	0.19468	0.06719	0.62677	0.01206	0.00582	0.00165	0.00247	0.01018	0.00473	0.00424
13	0.00928	0.00873	0.01474	0.81548	0.03385	0.01092	0.01365	0.01256	0.00983	0.01256	0.00873	0.01310	0.00655	0.00491	0.00491	0.00164	0.00655	0.00437	0.00218	0.00546
14	0.00593	0.00469	0.00534	0.00579	0.00687	0.00410	0.00411	0.00705	0.01057	0.01322	0.06899	0.36604	0.45283	0.01357	0.00600	0.00179	0.00263	0.01179	0.00460	0.00410
15	0.00854	0.00427	0.00640	0.00640	0.00640	0.00427	0.00427	0.00640	0.00640	0.00854	0.00854	0.01494	0.00854	0.01707	0.01921	0.85702	0.00427	0.00427	0.00213	0.00213
16	0.01285	0.76900	0.02493	0.06858	0.01420	0.01881	0.00880	0.01455	0.00997	0.01164	0.00697	0.00827	0.00632	0.00426	0.00328	0.00109	0.00535	0.00276	0.00211	0.00624
17	0.02658	0.00754	0.00853	0.00755	0.00963	0.00774	0.00583	0.17332	0.06456	0.11052	0.02280	0.12221	0.15508	0.05812	0.07341	0.00227	0.00446	0.00703	0.12705	0.00578
18	0.08420	0.16325	0.33715	0.01035	0.01503	0.01163	0.01140	0.08347	0.01183	0.04107	0.10984	0.05085	0.03797	0.00613	0.00454	0.00148	0.00537	0.00482	0.00315	0.00648
19	0.01257	0.07248	0.01815	0.09820	0.44166	0.01272	0.02679	0.09203	0.12186	0.01738	0.01073	0.01275	0.00859	0.00500	0.00509	0.00150	0.02766	0.00444	0.00299	0.00742
20	0.78132	0.07067	0.00869	0.00665	0.00980	0.01157	0.00559	0.01466	0.00860	0.03738	0.00710	0.00816	0.00554	0.00457	0.00309	0.00149	0.00392	0.00271	0.00303	0.00546
21	0.02903	0.03594	0.07633	0.00953	0.01294	0.01052	0.00823	0.09883	0.32946	0.20729	0.02059	0.01977	0.09149	0.00689	0.00498	0.00159	0.00430	0.02004	0.00484	0.00742
22	0.00917	0.00475	0.00500	0.03841	0.00690	0.00484	0.00386	0.01150	0.01029	0.01808	0.01573	0.01810	0.01234	0.00569	0.00350	0.00117	0.00247	0.00457	0.81902	0.00462
23	0.01125	0.09582	0.58354	0.01270	0.01892	0.01167	0.02938	0.04984	0.01138	0.06963	0.05315	0.01216	0.00899	0.00507	0.00464	0.00151	0.00653	0.00400	0.00267	0.00714
24	0.01274	0.00835	0.00994	0.04220	0.01198	0.00884	0.00702	0.04116	0.32694	0.17977	0.20434	0.02342	0.02179	0.00749	0.00517	0.00160	0.00368	0.03516	0.04160	0.00680
25	0.04797	0.01041	0.01073	0.00961	0.01232	0.03599	0.00748	0.02414	0.63930	0.05810	0.07354	0.01883	0.01640	0.00674	0.00495	0.00163	0.00394	0.00557	0.00492	0.00742
26	0.00624	0.00442	0.00580	0.00681	0.00712	0.00418	0.00459	0.00709	0.00927	0.01234	0.02571	0.68649	0.03058	0.10721	0.00843	0.00233	0.00317	0.05994	0.00438	0.00391
27	0.01512	0.01726	0.01471	0.14253	0.05151	0.42865	0.03387	0.07038	0.04265	0.01418	0.02428	0.01116	0.00775	0.00561	0.00599	0.00148	0.10024	0.00391	0.00275	0.00598
28	0.76348	0.00986	0.00794	0.00697	0.01007	0.01139	0.00572	0.07133	0.04286	0.02264	0.00777	0.00871	0.00596	0.00475	0.00326	0.00152	0.00392	0.00291	0.00326	0.00565
29	0.01075	0.01075	0.01505	0.01290	0.01290	0.01505	0.01075	0.01183	0.00753	0.01183	0.00645	0.01075	0.00645	0.00860	0.01613	0.00215	0.81830	0.00430	0.00215	0.00538
30	0.01141	0.01145	0.04536	0.21451	0.59062	0.01149	0.01485	0.01450	0.01084	0.01521	0.00911	0.01232	0.00744	0.00451	0.00487	0.00150	0.00605	0.00435	0.00236	0.00722
31	0.46814	0.01085	0.01085	0.06967	0.05715	0.01233	0.00776	0.23720	0.04769	0.02353	0.00914	0.01017	0.00686	0.00506	0.00391	0.00152	0.00459	0.00353	0.00357	0.00646
32	0.02092	0.07028	0.04226	0.00892	0.01288	0.00829	0.00772	0.02294	0.01362	0.71170	0.01805	0.01583	0.01150	0.00589	0.00480	0.00149	0.00438	0.00472	0.00563	0.00817
33	0.00969	0.00597	0.00767	0.00687	0.00857	0.00563	0.00528	0.01285	0.07408	0.14012	0.61441	0.03220	0.03866	0.00917	0.00560	0.00155	0.00273	0.00802	0.00548	0.00546
34	0.01394	0.01141	0.01208	0.01035	0.01343	0.01303	0.00819	0.22681	0.58426	0.02333	0.01782	0.01660	0.01323	0.00646	0.00498	0.00162	0.00429	0.00525	0.00498	0.00793
35	0.01931	0.00768	0.01027	0.00809	0.01139	0.00671	0.00660	0.02127	0.01367	0.64945	0.08674	0.01916	0.02970	0.00651	0.00490	0.00149	0.00382	0.00535	0.08024	0.00763
36	0.00612	0.00441	0.00582	0.00691	0.00725	0.00417	0.00463	0.00725	0.02594	0.01272	0.02694	0.80697	0.03213	0.01521	0.00625	0.00199	0.00287	0.01379	0.00457	0.00407
37	0.00958	0.00845	0.01406	0.73340	0.03134	0.01035	0.01283	0.01268	0.01006	0.04290	0.02682	0.04758	0.00871	0.00551	0.00499	0.00165	0.00621	0.00489	0.00250	0.00549
38	0.00707	0.00508	0.00696	0.00696	0.00752	0.00564	0.00498	0.00818	0.00762	0.01072	0.01402	0.02403	0.01434	0.32766	0.51982	0.00675	0.01007	0.00596	0.00276	0.00387
39	0.12208	0.03360	0.01338	0.01134	0.01433	0.48320	0.00882	0.18691	0.01520	0.05425	0.00897	0.00975	0.00693	0.00522	0.00437	0.00135	0.00719	0.00345	0.00328	0.00637
40	0.05036	0.01236	0.01674	0.08436	0.45034	0.10656	0.02179	0.02544	0.01119	0.01562	0.00878	0.01134	0.00729	0.00456	0.00494	0.00137	0.03238	0.00396	0.00255	0.12806
41	0.08211	0.07085	0.01084	0.00869	0.01099	0.07736	0.00678	0.18515	0.07880	0.04671	0.07343	0.26763	0.02875	0.00898	0.00507	0.00160	0.00430	0.00751	0.00429	0.02017

[dist]
# distance from previous block
# <min> <max>
0	1

[block]
# block no. 4 follows, 51 sequences, length 43
# corresponding to MSA columns:
# 219-261
name=unknown_E
#
# <colnr> <probs for GDERKNQSTAVLIFYWHMCP>
#	G	D	E	R	K	N	Q	S	T	A	V	L	I	F	Y	W	H	M	C	P
0	0.82834	0.00948	0.00731	0.00652	0.00954	0.01097	0.00536	0.02904	0.00869	0.02214	0.00713	0.00827	0.00553	0.00461	0.00309	0.00151	0.00380	0.00273	0.02058	0.00536
1	0.01952	0.01241	0.01391	0.01067	0.01457	0.01324	0.00881	0.59118	0.02085	0.22324	0.01370	0.01303	0.00931	0.00595	0.00492	0.00149	0.00510	0.00455	0.00521	0.00836
2	0.00753	0.00549	0.00708	0.00778	0.02321	0.00537	0.00553	0.07268	0.01135	0.01521	0.11268	0.52672	0.05021	0.02563	0.00641	0.00196	0.00328	0.10272	0.00462	0.00456
3	0.00600	0.00431	0.00567	0.00674	0.00707	0.00401	0.00450	0.00686	0.00943	0.01251	0.02775	0.77687	0.06245	0.03208	0.00664	0.00204	0.00288	0.01369	0.00453	0.00398
4	0.02028	0.00797	0.01084	0.00844	0.01193	0.00692	0.00692	0.02223	0.01405	0.70843	0.11033	0.01907	0.01618	0.00655	0.00504	0.00152	0.00396	0.00541	0.00600	0.00793
5	0.01842	0.01363	0.01460	0.01125	0.01514	0.01512	0.00928	0.74941	0.05438	0.03055	0.01213	0.01207	0.00863	0.00593	0.00492	0.00148	0.00535	0.00447	0.00492	0.00833
6	0.86201	0.00950	0.00722	0.00646	0.00950	0.01102	0.00532	0.01445	0.00836	0.02205	0.00684	0.00798	0.00532	0.00456	0.00304	0.00152	0.00380	0.00266	0.00304	0.00532
7	0.16500	0.01259	0.01317	0.01026	0.01403	0.01386	0.00847	0.58643	0.01982	0.09165	0.01155	0.01154	0.00814	0.00568	0.00459	0.00149	0.00503	0.00416	0.00469	0.00783
8	0.01258	0.01273	0.01840	0.11765	0.59458	0.10808	0.01406	0.01562	0.03098	0.01528	0.00926	0.01203	0.00765	0.00458	0.00482	0.00146	0.00624	0.00426	0.00248	0.00726
9	0.01314	0.83025	0.02575	0.00841	0.01261	0.01945	0.00841	0.01472	0.00999	0.01156	0.00683	0.00788	0.00631	0.00420	0.00315	0.00105	0.00526	0.00263	0.00210	0.00631
10	0.01451	0.02986	0.01169	0.01103	0.05920	0.31721	0.00797	0.01961	0.22669	0.05894	0.01348	0.01402	0.01041	0.00564	0.00441	0.00137	0.00564	0.00427	0.17771	0.00633
11	0.01314	0.83025	0.02575	0.00841	0.01261	0.01945	0.00841	0.01472	0.00999	0.01156	0.00683	0.00788	0.00631	0.00420	0.00315	0.00105	0.00526	0.00263	0.00210	0.00631
12	0.00637	0.00497	0.00578	0.00565	0.00700	0.00438	0.00421	0.00811	0.01242	0.01634	0.40764	0.07914	0.39752	0.01143	0.00582	0.00162	0.00242	0.00983	0.00497	0.00438
13	0.00604	0.00501	0.00530	0.00528	0.00685	0.00426	0.00399	0.00747	0.01160	0.01426	0.15756	0.04599	0.66270	0.01213	0.00584	0.00166	0.00253	0.03264	0.00469	0.00423
14	0.00636	0.00459	0.00602	0.00653	0.00720	0.00425	0.00457	0.00779	0.01121	0.01534	0.32468	0.49564	0.06107	0.01324	0.00607	0.00181	0.00263	0.01189	0.00489	0.00425
15	0.00854	0.00427	0.00640	0.00640	0.00640	0.00427	0.00427	0.00640	0.00640	0.00854	0.00854	0.01494	0.00854	0.01707	0.01921	0.85702	0.00427	0.00427	0.00213	0.00213
16	0.01314	0.83025	0.02575	0.00841	0.01261	0.01945	0.00841	0.01472	0.00999	0.01156	0.00683	0.00788	0.00631	0.00420	0.00315	0.00105	0.00526	0.00263	0.00210	0.00631
17	0.00802	0.00544	0.00703	0.00648	0.00786	0.00509	0.00491	0.01079	0.04557	0.06362	0.71883	0.03483	0.04316	0.00969	0.00572	0.00155	0.00249	0.00853	0.00543	0.00497
18	0.00806	0.00526	0.00684	0.00634	0.00771	0.00480	0.00479	0.01024	0.01364	0.08099	0.66791	0.05968	0.08484	0.01003	0.00574	0.00156	0.00249	0.00881	0.00539	0.00489
19	0.65047	0.00922	0.00828	0.00704	0.01027	0.01007	0.00580	0.01684	0.00980	0.21798	0.01000	0.01019	0.00705	0.00494	0.00352	0.00152	0.00390	0.00324	0.00381	0.00609
20	0.01008	0.02388	0.70418	0.01485	0.02183	0.01154	0.11427	0.01559	0.01053	0.01559	0.00896	0.01074	0.00638	0.00460	0.00481	0.00157	0.00739	0.00391	0.00213	0.00718
21	0.01633	0.01055	0.01148	0.00955	0.01275	0.05052	0.00763	0.14402	0.30936	0.27940	0.03429	0.01836	0.05986	0.00668	0.00500	0.00156	0.00437	0.00540	0.00520	0.00768
22	0.81093	0.00946	0.00767	0.05492	0.01096	0.01102	0.00582	0.01433	0.00845	0.02148	0.00696	0.00829	0.00540	0.00458	0.00315	0.00153	0.00397	0.00276	0.00299	0.00533
23	0.00616	0.00446	0.00584	0.00671	0.00722	0.00414	0.00462	0.00728	0.01017	0.01360	0.13025	0.65007	0.07987	0.01445	0.00620	0.00192	0.00281	0.03546	0.00467	0.00410
24	0.00739	0.00520	0.00628	0.00620	0.00661	0.00545	0.00401	0.00866	0.05036	0.01115	0.06298	0.02898	0.01828	0.56589	0.18761	0.00506	0.00634	0.00677	0.00316	0.00364
25	0.00952	0.00862	0.01413	0.74562	0.03167	0.01065	0.01292	0.03281	0.01021	0.01339	0.00925	0.01338	0.00696	0.00499	0.00482	0.00160	0.00627	0.00438	0.05331	0.00548
26	0.00599	0.00428	0.00570	0.00684	0.00713	0.00399	0.00456	0.00684	0.00941	0.01254	0.02709	0.82409	0.03250	0.01540	0.00627	0.00200	0.00285	0.01397	0.00456	0.00399
27	0.00992	0.00957	0.01633	0.59524	0.12470	0.01148	0.06335	0.01301	0.00990	0.01313	0.00867	0.01278	0.00675	0.00513	0.00598	0.00166	0.07991	0.00446	0.00223	0.00581
28	0.86201	0.00950	0.00722	0.00646	0.00950	0.01102	0.00532	0.01445	0.00836	0.02205	0.00684	0.00798	0.00532	0.00456	0.00304	0.00152	0.00380	0.00266	0.00304	0.00532
29	0.01075	0.01075	0.01505	0.01290	0.01290	0.01505	0.01075	0.01183	0.00753	0.01183	0.00645	0.01075	0.00645	0.00860	0.01613	0.00215	0.81830	0.00430	0.00215	0.00538
30	0.00977	0.00916	0.01509	0.68172	0.11564	0.01108	0.01345	0.01364	0.05657	0.01342	0.00946	0.01331	0.00719	0.00496	0.00491	0.00162	0.00631	0.00444	0.00238	0.00585
31	0.11208	0.71521	0.02331	0.00828	0.01231	0.03751	0.00808	0.01480	0.00989	0.01279	0.00685	0.00792	0.00619	0.00427	0.00317	0.00111	0.00517	0.00264	0.00222	0.00618
32	0.01224	0.01296	0.02792	0.01998	0.02488	0.01211	0.73148	0.01624	0.01175	0.06383	0.01052	0.01347	0.00775	0.00426	0.00575	0.00165	0.00803	0.00575	0.00271	0.00673
33	0.00686	0.00502	0.00644	0.00608	0.00728	0.00460	0.00456	0.00909	0.01369	0.01917	0.73212	0.03759	0.10863	0.01025	0.00580	0.00156	0.00233	0.00901	0.00534	0.00460
34	0.01222	0.01056	0.01111	0.01000	0.01278	0.01222	0.00778	0.02611	0.78776	0.02056	0.02000	0.01833	0.01500	0.00667	0.00500	0.00167	0.00389	0.00556	0.00500	0.00778
35	0.05098	0.79367	0.02493	0.00832	0.01247	0.01907	0.00827	0.01470	0.00991	0.01203	0.00683	0.00789	0.00626	0.00422	0.00315	0.00107	0.00519	0.00263	0.00214	0.00626
36	0.00645	0.00452	0.00590	0.00652	0.00712	0.00422	0.00452	0.00783	0.01083	0.01504	0.25960	0.54075	0.03563	0.01324	0.00597	0.00181	0.00266	0.01191	0.05125	0.00422
37	0.00923	0.00577	0.00746	0.00680	0.00832	0.00539	0.00516	0.04748	0.01393	0.11337	0.58946	0.10933	0.03911	0.00989	0.00570	0.00158	0.00274	0.00869	0.00539	0.00520
38	0.00713	0.00478	0.00543	0.00541	0.00548	0.00476	0.00308	0.00728	0.00756	0.01015	0.06322	0.03244	0.01961	0.77718	0.02383	0.00457	0.00461	0.00725	0.00313	0.00308
39	0.00605	0.00441	0.00570	0.00660	0.00709	0.00406	0.00448	0.00706	0.00995	0.01319	0.09020	0.68227	0.11150	0.01467	0.00619	0.00193	0.00277	0.01320	0.00463	0.00406
40	0.01238	0.50934	0.23174	0.01013	0.01503	0.06012	0.01094	0.01540	0.03091	0.01311	0.00785	0.00899	0.00656	0.00441	0.00370	0.00120	0.00588	0.00302	0.00223	0.04705
41	0.07693	0.02969	0.01384	0.05121	0.03574	0.04621	0.00901	0.55295	0.01928	0.03945	0.01197	0.05618	0.00945	0.01942	0.00512	0.00155	0.00533	0.00478	0.00439	0.00751
42	0.55628	0.07382	0.01107	0.06780	0.01292	0.01145	0.04337	0.04625	0.01003	0.11489	0.00885	0.00982	0.00654	0.00478	0.00363	0.00150	0.00444	0.00328	0.00332	0.00596

[dist]
# distance from previous block
# <min> <max>
0	9

[block]
# block no. 5 follows, 51 sequences, length 59
# corresponding to MSA columns:
# 276-334
name=unknown_F
#
# <colnr> <probs for GDERKNQSTAVLIFYWHMCP>
#	G	D	E	R	K	N	Q	S	T	A	V	L	I	F	Y	W	H	M	C	P
0	0.05875	0.01243	0.01751	0.15393	0.50694	0.09557	0.01343	0.05476	0.01172	0.01616	0.00899	0.01172	0.00733	0.00463	0.00473	0.00147	0.00614	0.00416	0.00256	0.00708
1	0.01158	0.01092	0.01848	0.07689	0.67482	0.01106	0.01431	0.01446	0.01112	0.01571	0.01080	0.01632	0.00965	0.00528	0.00505	0.00155	0.00576	0.07629	0.00262	0.00733
2	0.00599	0.00428	0.00570	0.00684	0.00713	0.00399	0.00456	0.00684	0.00941	0.01254	0.02709	0.82409	0.03250	0.01540	0.00627	0.00200	0.00285	0.01397	0.00456	0.00399
3	0.00720	0.00505	0.00662	0.00626	0.00743	0.00466	0.00468	0.00944	0.01372	0.03406	0.74592	0.07079	0.04512	0.01021	0.00580	0.00156	0.00238	0.00904	0.00539	0.00468
4	0.01672	0.01279	0.01365	0.01091	0.01449	0.01433	0.00887	0.55157	0.25498	0.02781	0.01429	0.01378	0.01037	0.00613	0.00494	0.00153	0.00495	0.00477	0.00494	0.00818
5	0.06189	0.00949	0.01005	0.00829	0.01104	0.01025	0.00667	0.32967	0.08939	0.08487	0.01442	0.01494	0.01064	0.00585	0.00429	0.00138	0.00395	0.00453	0.31162	0.00677
6	0.06386	0.01302	0.01377	0.01067	0.01440	0.01442	0.00879	0.69590	0.02159	0.02978	0.01177	0.01196	0.00843	0.00582	0.00473	0.00146	0.00515	0.00434	0.05216	0.00798
7	0.01216	0.01168	0.01995	0.03016	0.79664	0.01168	0.01508	0.01508	0.01119	0.01605	0.00924	0.01216	0.00778	0.00438	0.00487	0.00146	0.00584	0.00438	0.00243	0.00778
8	0.01314	0.83025	0.02575	0.00841	0.01261	0.01945	0.00841	0.01472	0.00999	0.01156	0.00683	0.00788	0.00631	0.00420	0.00315	0.00105	0.00526	0.00263	0.00210	0.00631
9	0.18270	0.01148	0.03984	0.02174	0.49168	0.01162	0.01207	0.01670	0.13276	0.01795	0.01044	0.01224	0.00838	0.00478	0.00451	0.00151	0.00517	0.00420	0.00295	0.00727
10	0.00820	0.00559	0.00734	0.00690	0.00741	0.00586	0.02786	0.00880	0.00794	0.05317	0.01544	0.07919	0.01674	0.54324	0.13651	0.00463	0.05128	0.00700	0.00314	0.00379
11	0.00651	0.00478	0.00612	0.00645	0.00734	0.00439	0.00469	0.00814	0.01173	0.01593	0.36857	0.33377	0.13425	0.01256	0.00603	0.00177	0.00267	0.05506	0.00493	0.00433
12	0.00994	0.00941	0.01594	0.63508	0.20907	0.01109	0.01398	0.01314	0.01014	0.01336	0.00885	0.01289	0.00683	0.00479	0.00490	0.00160	0.00639	0.00437	0.00224	0.00599
13	0.00728	0.00509	0.00667	0.00624	0.00745	0.00469	0.00469	0.00959	0.01391	0.03627	0.77760	0.03628	0.04564	0.00996	0.00578	0.00155	0.00236	0.00880	0.00542	0.00472
14	0.00854	0.00427	0.00640	0.00640	0.00640	0.00427	0.00427	0.00640	0.00640	0.00854	0.00854	0.01494	0.00854	0.01707	0.01921	0.85702	0.00427	0.00427	0.00213	0.00213
15	0.01326	0.81222	0.02549	0.00850	0.01267	0.03706	0.00843	0.01482	0.01007	0.01157	0.00685	0.00790	0.00631	0.00422	0.00318	0.00106	0.00534	0.00264	0.00211	0.00629
16	0.00598	0.00432	0.00566	0.00673	0.00710	0.00400	0.00451	0.00686	0.00952	0.01259	0.02845	0.77734	0.07837	0.01522	0.00624	0.00198	0.00283	0.01375	0.00456	0.00400
17	0.09214	0.34609	0.30558	0.01107	0.01606	0.01485	0.04544	0.01554	0.05210	0.01469	0.00839	0.00972	0.00671	0.00472	0.00443	0.00138	0.03873	0.00336	0.00236	0.00662
18	0.01197	0.01027	0.01092	0.00994	0.01263	0.01183	0.00779	0.02517	0.74180	0.02021	0.02036	0.02053	0.01579	0.00708	0.00511	0.00170	0.00393	0.05042	0.00497	0.00759
19	0.04571	0.01268	0.02677	0.09542	0.02580	0.01223	0.67508	0.01539	0.01130	0.01569	0.00970	0.01303	0.00728	0.00423	0.00560	0.00165	0.00794	0.00554	0.00248	0.00646
20	0.01332	0.01120	0.01447	0.01218	0.01315	0.04598	0.01009	0.08089	0.01005	0.12266	0.00876	0.01159	0.00740	0.00787	0.01313	0.00197	0.60193	0.00435	0.00295	0.00606
21	0.00916	0.00458	0.00458	0.00458	0.00573	0.00458	0.00344	0.01145	0.01031	0.01832	0.01603	0.01832	0.01260	0.00573	0.00344	0.00115	0.00229	0.00458	0.85457	0.00458
22	0.00817	0.00586	0.00725	0.00760	0.00890	0.00594	0.00612	0.01178	0.11414	0.01658	0.16417	0.12217	0.06839	0.01108	0.00581	0.00184	0.00345	0.30503	0.12079	0.00491
23	0.01160	0.01326	0.02900	0.02071	0.02568	0.01243	0.77879	0.01574	0.01160	0.01574	0.00994	0.01326	0.00746	0.00414	0.00580	0.00166	0.00829	0.00580	0.00249	0.00663
24	0.00826	0.00710	0.00771	0.05193	0.01030	0.00732	0.00572	0.01402	0.27770	0.01608	0.07762	0.03488	0.44268	0.00991	0.00548	0.00165	0.00319	0.00830	0.00463	0.00549
25	0.00644	0.00490	0.00592	0.00588	0.00708	0.00438	0.00433	0.00819	0.01236	0.01655	0.43727	0.15557	0.29004	0.01162	0.00587	0.00165	0.00245	0.01012	0.00501	0.00438
26	0.24499	0.01035	0.01049	0.00875	0.01170	0.01148	0.00706	0.30367	0.12927	0.02471	0.17148	0.01681	0.01627	0.00649	0.00460	0.00153	0.00412	0.00502	0.00452	0.00669
27	0.77810	0.00993	0.00797	0.00694	0.01007	0.01144	0.00572	0.09064	0.00983	0.02294	0.00734	0.00836	0.00562	0.00469	0.00323	0.00152	0.00396	0.00284	0.00323	0.00562
28	0.01102	0.01005	0.01394	0.01196	0.01217	0.01365	0.00982	0.01204	0.00784	0.05433	0.00801	0.01310	0.00784	0.08601	0.01636	0.00236	0.69711	0.00460	0.00244	0.00531
29	0.01061	0.08778	0.01649	0.22351	0.10152	0.01362	0.02701	0.01259	0.00884	0.01250	0.00772	0.01164	0.00686	0.00783	0.04254	0.00206	0.39470	0.00424	0.00221	0.00573
30	0.21808	0.01205	0.01231	0.00985	0.01342	0.01343	0.00807	0.46057	0.11934	0.06734	0.01209	0.01201	0.00871	0.00569	0.00448	0.00151	0.00476	0.00418	0.00454	0.00756
31	0.01054	0.02447	0.75778	0.01371	0.02078	0.01118	0.01755	0.01603	0.01058	0.05928	0.00941	0.01073	0.00656	0.00475	0.00468	0.00155	0.00709	0.00370	0.00230	0.00732
32	0.00689	0.00553	0.00621	0.00595	0.00751	0.00511	0.00449	0.00977	0.08587	0.01661	0.35270	0.04020	0.41341	0.01091	0.00573	0.00161	0.00255	0.00931	0.00495	0.00469
33	0.00854	0.00427	0.00640	0.00640	0.00640	0.00427	0.00427	0.00640	0.00640	0.00854	0.00854	0.01494	0.00854	0.01707	0.01921	0.85702	0.00427	0.00427	0.00213	0.00213
34	0.01887	0.01346	0.01456	0.01116	0.01509	0.01479	0.00922	0.73811	0.02260	0.07383	0.01222	0.01207	0.00857	0.00591	0.00492	0.00148	0.00534	0.00445	0.00498	0.00836
35	0.00630	0.00473	0.00591	0.00665	0.00749	0.00434	0.00487	0.00758	0.01048	0.01355	0.08319	0.44603	0.23529	0.01398	0.00620	0.00192	0.00298	0.12975	0.00461	0.00416
36	0.01314	0.83025	0.02575	0.00841	0.01261	0.01945	0.00841	0.01472	0.00999	0.01156	0.00683	0.00788	0.00631	0.00420	0.00315	0.00105	0.00526	0.00263	0.00210	0.00631
37	0.00796	0.00561	0.00689	0.00636	0.00787	0.00523	0.00483	0.03187	0.04077	0.05493	0.57272	0.03638	0.17973	0.01007	0.00571	0.00157	0.00258	0.00873	0.00526	0.00493
38	0.01407	0.68656	0.02365	0.00917	0.01307	0.15980	0.00860	0.01559	0.01069	0.01164	0.00697	0.00806	0.00631	0.00436	0.00338	0.00109	0.00590	0.00272	0.00218	0.00620
39	0.01023	0.00902	0.01043	0.00767	0.01175	0.03180	0.02211	0.01240	0.01047	0.01593	0.04094	0.03382	0.00953	0.00428	0.00387	0.00083	0.00383	0.00353	0.00304	0.75452
40	0.01433	0.07616	0.31089	0.01255	0.04735	0.02900	0.01249	0.31975	0.01566	0.06187	0.01120	0.04674	0.00860	0.00566	0.00475	0.00150	0.00600	0.00441	0.00355	0.00753
41	0.05428	0.04884	0.66297	0.01407	0.02080	0.01174	0.08923	0.01550	0.01037	0.01579	0.00876	0.01045	0.00630	0.00460	0.00464	0.00155	0.00712	0.00375	0.00216	0.00707
42	0.01038	0.00961	0.01460	0.50473	0.09083	0.01143	0.03228	0.01640	0.21438	0.01502	0.01173	0.01436	0.00890	0.00537	0.00514	0.00164	0.01925	0.00472	0.00295	0.00629
43	0.00779	0.00622	0.00915	0.21526	0.01433	0.00730	0.00727	0.00936	0.00814	0.01113	0.01248	0.02140	0.01233	0.27562	0.32336	0.00507	0.04133	0.00559	0.00261	0.00426
44	0.00644	0.00442	0.00573	0.00652	0.00703	0.00415	0.00447	0.00766	0.01021	0.01422	0.14725	0.62332	0.03281	0.01363	0.00593	0.00184	0.00271	0.01228	0.08521	0.00415
45	0.00859	0.00539	0.00709	0.00646	0.00791	0.00492	0.00492	0.01087	0.01393	0.10443	0.70993	0.03454	0.04265	0.00962	0.00570	0.00154	0.00252	0.00846	0.00548	0.00504
46	0.01308	0.01049	0.01128	0.00981	0.01266	0.01184	0.00772	0.14709	0.56604	0.04641	0.09197	0.01896	0.01680	0.00684	0.00506	0.00162	0.00400	0.00567	0.00506	0.00759
47	0.81648	0.00944	0.00745	0.00659	0.00967	0.01082	0.00543	0.01496	0.00867	0.06422	0.00752	0.00846	0.00569	0.00464	0.00314	0.00152	0.00382	0.00278	0.00321	0.00549
48	0.05516	0.01298	0.01389	0.01083	0.01461	0.01434	0.00890	0.63431	0.09440	0.07128	0.01277	0.01252	0.00906	0.00592	0.00484	0.00150	0.00513	0.00448	0.00491	0.00817
49	0.03561	0.00903	0.01165	0.00902	0.01277	0.00834	0.00743	0.09884	0.05496	0.67010	0.01845	0.01617	0.01182	0.00607	0.00491	0.00152	0.00428	0.00488	0.00586	0.00828
50	0.01314	0.83025	0.02575	0.00841	0.01261	0.01945	0.00841	0.01472	0.00999	0.01156	0.00683	0.00788	0.00631	0.00420	0.00315	0.00105	0.00526	0.00263	0.00210	0.00631
51	0.01167	0.08698	0.01275	0.00918	0.01233	0.06021	0.07210	0.04244	0.02785	0.09272	0.05414	0.13993	0.01500	0.01766	0.00500	0.00137	0.00453	0.04772	0.00368	0.28273
52	0.01008	0.02412	0.72777	0.01554	0.09471	0.01144	0.01787	0.01552	0.01045	0.01561	0.00886	0.01054	0.00637	0.00464	0.00469	0.00155	0.00713	0.00370	0.00211	0.00731
53	0.00600	0.00440	0.00564	0.00663	0.00712	0.00404	0.00451	0.00693	0.00968	0.01268	0.03010	0.70648	0.13441	0.01497	0.00622	0.00196	0.00283	0.02681	0.00456	0.00402
54	0.00953	0.00910	0.01504	0.68830	0.03075	0.01153	0.02684	0.01251	0.00953	0.01251	0.00843	0.01277	0.00655	0.00542	0.00651	0.00171	0.12093	0.00438	0.00218	0.00547
55	0.00851	0.00515	0.00636	0.00603	0.00680	0.00491	0.00403	0.00947	0.01015	0.08799	0.27198	0.06620	0.02701	0.41220	0.01551	0.02561	0.00377	0.00770	0.01654	0.00408
56	0.00707	0.00506	0.00687	0.00687	0.00740	0.00559	0.00486	0.00812	0.00759	0.01065	0.01410	0.02449	0.01454	0.35597	0.49179	0.00663	0.00977	0.00602	0.00277	0.00382
57	0.06197	0.08791	0.01553	0.07555	0.03811	0.02897	0.12662	0.04384	0.17232	0.22716	0.03647	0.03159	0.02030	0.00584	0.00485	0.00154	0.00512	0.00509	0.00416	0.00707
58	0.00752	0.00521	0.00601	0.00579	0.00727	0.00469	0.00434	0.00952	0.02943	0.05685	0.29915	0.09211	0.35242	0.01073	0.00555	0.00159	0.00256	0.00917	0.08546	0.00465

[dist]
# distance from previous block
# <min> <max>
5	34

[block]
# block no. 6 follows, 51 sequences, length 18
# corresponding to MSA columns:
# 369-386
name=unknown_G
#
# <colnr> <probs for GDERKNQSTAVLIFYWHMCP>
#	G	D	E	R	K	N	Q	S	T	A	V	L	I	F	Y	W	H	M	C	P
0	0.15221	0.11922	0.06479	0.07512	0.01400	0.04842	0.00823	0.04245	0.17682	0.11374	0.05132	0.01591	0.06090	0.00598	0.00442	0.00147	0.00465	0.00463	0.00382	0.03189
1	0.08818	0.06573	0.11514	0.03530	0.05238	0.01033	0.09451	0.07781	0.02733	0.06162	0.01944	0.03103	0.00956	0.08993	0.00824	0.06573	0.04346	0.00460	0.00304	0.09665
2	0.09944	0.12328	0.01442	0.06364	0.01489	0.22773	0.00869	0.19646	0.07409	0.09599	0.01158	0.01201	0.02626	0.00548	0.00440	0.00140	0.00593	0.00394	0.00365	0.00673
3	0.06208	0.06548	0.01849	0.10574	0.55678	0.01204	0.01337	0.04622	0.01141	0.04889	0.00942	0.01191	0.00762	0.00456	0.00466	0.00146	0.00567	0.00419	0.00267	0.00735
4	0.00953	0.00786	0.08924	0.04110	0.01025	0.00707	0.00706	0.05322	0.00804	0.01108	0.00854	0.01376	0.00798	0.01375	0.01598	0.59304	0.09249	0.00422	0.00229	0.00350
5	0.01203	0.25876	0.36560	0.01158	0.01695	0.01395	0.04125	0.13722	0.01240	0.01671	0.01147	0.01242	0.05892	0.00523	0.00438	0.00141	0.00610	0.00399	0.00272	0.00693
6	0.00735	0.00541	0.00664	0.00616	0.00761	0.00481	0.00457	0.00918	0.01218	0.02934	0.45605	0.06736	0.15669	0.09150	0.00752	0.00184	0.00283	0.02688	0.00473	0.09134
7	0.00599	0.00428	0.00570	0.00684	0.00713	0.00399	0.00456	0.00684	0.00941	0.01254	0.02709	0.82409	0.03250	0.01540	0.00627	0.00200	0.00285	0.01397	0.00456	0.00399
8	0.01165	0.01023	0.01631	0.07970	0.42600	0.02695	0.05592	0.01506	0.05587	0.06184	0.09520	0.01985	0.01448	0.00619	0.00522	0.00159	0.00538	0.08240	0.00331	0.00687
9	0.01185	0.00875	0.01129	0.00954	0.02108	0.04646	0.06182	0.04008	0.01097	0.14657	0.01520	0.17184	0.01449	0.05953	0.03729	0.00193	0.07645	0.03298	0.00376	0.21813
10	0.00718	0.00501	0.00623	0.00668	0.00717	0.00497	0.00477	0.00808	0.00888	0.01166	0.02175	0.11710	0.06935	0.42662	0.04569	0.00368	0.00468	0.23317	0.00368	0.00366
11	0.86201	0.00950	0.00722	0.00646	0.00950	0.01102	0.00532	0.01445	0.00836	0.02205	0.00684	0.00798	0.00532	0.00456	0.00304	0.00152	0.00380	0.00266	0.00304	0.00532
12	0.01304	0.13010	0.39169	0.01214	0.01751	0.05217	0.01327	0.19754	0.09275	0.01900	0.01033	0.01111	0.00764	0.00512	0.00454	0.00147	0.00629	0.00386	0.00307	0.00737
13	0.00655	0.00524	0.00593	0.00594	0.00742	0.00472	0.00456	0.00863	0.04092	0.01526	0.22917	0.07182	0.47571	0.01186	0.00589	0.00170	0.00272	0.08673	0.00478	0.00444
14	0.01126	0.01067	0.01842	0.19659	0.15412	0.01069	0.23374	0.01556	0.09008	0.03898	0.01090	0.01379	0.00851	0.00473	0.00499	0.00147	0.00607	0.01638	0.00288	0.15019
15	0.00945	0.00890	0.01504	0.77047	0.07757	0.01096	0.01373	0.01270	0.00990	0.01276	0.00876	0.01305	0.00662	0.00488	0.00491	0.00163	0.00651	0.00437	0.00220	0.00559
16	0.10911	0.01225	0.02438	0.10078	0.08074	0.01206	0.55638	0.01522	0.01102	0.01616	0.00941	0.01255	0.00714	0.00429	0.00532	0.00163	0.00742	0.00519	0.00251	0.00644
17	0.01813	0.05147	0.01351	0.01008	0.01370	0.03295	0.00830	0.39772	0.11232	0.23383	0.01465	0.01391	0.01021	0.00593	0.00477	0.00147	0.00485	0.00459	0.03963	0.00797

[dist]
# distance from previous block
# <min> <max>
0	2

[block]
# block no. 7 follows, 51 sequences, length 10
# corresponding to MSA columns:
# 389-398
name=unknown_H
#
# <colnr> <probs for GDERKNQSTAVLIFYWHMCP>
#	G	D	E	R	K	N	Q	S	T	A	V	L	I	F	Y	W	H	M	C	P
0	0.07503	0.01222	0.03980	0.02468	0.55979	0.04097	0.05429	0.01565	0.02976	0.04361	0.00950	0.01198	0.00775	0.00475	0.00536	0.00151	0.04905	0.00431	0.00265	0.00734
1	0.10573	0.39744	0.31902	0.01052	0.01568	0.05014	0.01183	0.01522	0.01013	0.01426	0.00762	0.00889	0.00617	0.00446	0.00377	0.00130	0.00602	0.00304	0.00221	0.00654
2	0.00928	0.00873	0.01474	0.81548	0.03385	0.01092	0.01365	0.01256	0.00983	0.01256	0.00873	0.01310	0.00655	0.00491	0.00491	0.00164	0.00655	0.00437	0.00218	0.00546
3	0.00967	0.00578	0.00746	0.00668	0.00838	0.00530	0.00513	0.01223	0.03936	0.15439	0.58733	0.03331	0.08670	0.00940	0.00562	0.00155	0.00270	0.00819	0.00546	0.00535
4	0.05574	0.01023	0.07038	0.00994	0.01381	0.00863	0.05690	0.09551	0.01414	0.51164	0.05170	0.01786	0.01303	0.00629	0.00501	0.00156	0.00470	0.04002	0.00521	0.00769
5	0.01219	0.01057	0.01178	0.08983	0.03606	0.03157	0.00871	0.07320	0.56120	0.01968	0.01821	0.01980	0.01433	0.00687	0.00510	0.00168	0.00448	0.06291	0.00455	0.00729
6	0.00669	0.00488	0.00628	0.00620	0.00725	0.00448	0.00455	0.00865	0.01287	0.01788	0.59395	0.18020	0.10536	0.01121	0.00588	0.00164	0.00243	0.00993	0.00519	0.00448
7	0.00964	0.00920	0.01587	0.71016	0.09877	0.01106	0.05043	0.01292	0.01003	0.01301	0.00884	0.01303	0.00670	0.00483	0.00495	0.00162	0.00657	0.00444	0.00222	0.00571
