[name]
unknown

[dist]
# distance from previous block
# <min> <max>
10	114

[block]
# block no. 0 follows, 43 sequences, length 102
# corresponding to MSA columns:
# 309-327,332-389,397-421
name=unknown_A
#
# <colnr> <probs for GDERKNQSTAVLIFYWHMCP>
#	G	D	E	R	K	N	Q	S	T	A	V	L	I	F	Y	W	H	M	C	P
0	0.11238	0.01221	0.06411	0.01328	0.07991	0.01170	0.07288	0.08966	0.19342	0.05652	0.07006	0.06724	0.04385	0.00744	0.00576	0.00175	0.02269	0.00631	0.00446	0.06437
1	0.06884	0.07819	0.11926	0.07693	0.09347	0.06532	0.02912	0.05593	0.06745	0.10252	0.06013	0.01566	0.01210	0.02458	0.00561	0.00165	0.00599	0.00484	0.00379	0.10861
2	0.03619	0.12759	0.03063	0.02910	0.02885	0.08886	0.00897	0.10390	0.09551	0.14293	0.02905	0.05464	0.03403	0.02239	0.00616	0.00167	0.04437	0.00545	0.03909	0.07061
3	0.04985	0.03371	0.10180	0.05707	0.03206	0.09186	0.02580	0.15222	0.12405	0.17748	0.02724	0.01523	0.01111	0.00664	0.00637	0.00176	0.06810	0.00502	0.00451	0.00812
4	0.03220	0.04387	0.01320	0.01069	0.03202	0.01089	0.00845	0.13021	0.14423	0.20282	0.01819	0.06149	0.01490	0.02568	0.00621	0.00175	0.02045	0.06749	0.00508	0.15018
5	0.01440	0.00994	0.03303	0.02457	0.01329	0.00910	0.00780	0.16201	0.04629	0.15672	0.03752	0.23207	0.01889	0.02593	0.00616	0.00175	0.00454	0.00790	0.00501	0.18309
6	0.01456	0.01176	0.01261	0.01097	0.01434	0.01312	0.00861	0.08634	0.59712	0.06062	0.02193	0.02034	0.03696	0.00739	0.00556	0.00179	0.00448	0.00609	0.00553	0.05988
7	0.00694	0.00504	0.00671	0.00786	0.00816	0.00488	0.00529	0.00788	0.01047	0.01401	0.02948	0.75679	0.03531	0.04032	0.00801	0.00235	0.02578	0.01521	0.00501	0.00451
8	0.01156	0.00999	0.01629	0.68130	0.05407	0.01209	0.01458	0.04354	0.01192	0.05255	0.01117	0.03724	0.00864	0.00597	0.00558	0.00184	0.00706	0.00526	0.00288	0.00646
9	0.01265	0.12433	0.44490	0.09336	0.06578	0.05540	0.07603	0.01753	0.01205	0.03400	0.00997	0.01208	0.00743	0.00522	0.00518	0.00167	0.00783	0.00428	0.00255	0.00775
10	0.00682	0.00533	0.00619	0.00659	0.00780	0.00470	0.00471	0.00825	0.01236	0.01578	0.15671	0.32471	0.39069	0.01482	0.00673	0.00199	0.00292	0.01291	0.00529	0.00470
11	0.01032	0.00516	0.00516	0.00516	0.00645	0.00516	0.00387	0.01290	0.01161	0.02065	0.01807	0.02065	0.01420	0.00645	0.00387	0.00129	0.00258	0.00516	0.83611	0.00516
12	0.15489	0.02913	0.06241	0.03426	0.02075	0.04956	0.32504	0.05010	0.01291	0.08294	0.01228	0.01590	0.00959	0.00724	0.03837	0.00209	0.02457	0.03374	0.02710	0.00713
13	0.51440	0.07047	0.01173	0.04729	0.01361	0.06061	0.00757	0.06679	0.04909	0.05667	0.00973	0.01078	0.00745	0.00541	0.00402	0.00162	0.00504	0.00355	0.00366	0.05050
14	0.01196	0.01091	0.01605	0.22160	0.12035	0.01357	0.01237	0.06626	0.01102	0.01563	0.01022	0.01576	0.00918	0.07629	0.04730	0.00263	0.30753	0.00521	0.01980	0.00639
15	0.00781	0.00564	0.00738	0.00698	0.00827	0.00521	0.00522	0.01039	0.01556	0.02203	0.75124	0.05854	0.05190	0.01146	0.00654	0.00175	0.00263	0.01015	0.00608	0.00521
16	0.01155	0.01006	0.01237	0.00884	0.01379	0.00766	0.03769	0.01410	0.01155	0.01803	0.00990	0.01163	0.00821	0.00413	0.00420	0.00086	0.00432	0.00342	0.00326	0.80443
17	0.03569	0.28873	0.45282	0.01347	0.02014	0.01611	0.03288	0.05091	0.01217	0.01703	0.00931	0.01083	0.00716	0.00513	0.00468	0.00156	0.00725	0.00378	0.00254	0.00780
18	0.01212	0.01192	0.01629	0.01394	0.01440	0.03659	0.03023	0.01372	0.03020	0.01363	0.00831	0.01297	0.00796	0.01098	0.04694	0.04382	0.64371	0.00490	0.00258	0.02479
19	0.00769	0.00569	0.00680	0.00656	0.00810	0.00505	0.00490	0.00975	0.01427	0.03650	0.44440	0.08285	0.32217	0.01254	0.00654	0.00181	0.00276	0.01083	0.00571	0.00508
20	0.00671	0.00495	0.00629	0.00736	0.00794	0.00453	0.00499	0.00775	0.01094	0.01428	0.03479	0.67696	0.15866	0.01680	0.00698	0.00219	0.00315	0.01507	0.00514	0.00453
21	0.03070	0.04816	0.02086	0.27251	0.05848	0.01343	0.22190	0.03206	0.01161	0.01617	0.01112	0.05129	0.00941	0.00651	0.00770	0.00189	0.13325	0.00576	0.04055	0.00662
22	0.01075	0.01014	0.01713	0.72469	0.10325	0.01238	0.01552	0.01440	0.01121	0.01450	0.00989	0.01467	0.00751	0.00548	0.00553	0.00183	0.00731	0.00492	0.00249	0.00639
23	0.03732	0.00814	0.01072	0.00945	0.01239	0.00752	0.00779	0.02000	0.04784	0.40868	0.08065	0.07224	0.05254	0.01010	0.00623	0.00197	0.00448	0.18840	0.00607	0.00748
24	0.01120	0.04887	0.75729	0.01562	0.02372	0.01310	0.02018	0.01751	0.01168	0.01742	0.00988	0.01162	0.00702	0.00525	0.00522	0.00174	0.00813	0.00406	0.00234	0.00816
25	0.01137	0.08435	0.72328	0.01533	0.02327	0.01351	0.01968	0.01747	0.01166	0.01722	0.00978	0.01149	0.00702	0.00522	0.00514	0.00171	0.00802	0.00401	0.00234	0.00811
26	0.00866	0.00597	0.00718	0.00692	0.00856	0.00537	0.00516	0.01092	0.03323	0.07477	0.34103	0.14751	0.29875	0.01267	0.00652	0.00186	0.00297	0.01096	0.00567	0.00534
27	0.84448	0.01071	0.00814	0.00728	0.01071	0.01242	0.00600	0.01628	0.00943	0.02485	0.00771	0.00900	0.00600	0.00514	0.00343	0.00171	0.00428	0.00300	0.00343	0.00600
28	0.00791	0.00569	0.00782	0.00788	0.00850	0.00629	0.00563	0.00917	0.00869	0.01220	0.01644	0.06246	0.01702	0.29891	0.49221	0.00740	0.01110	0.00710	0.00320	0.00439
29	0.04990	0.00684	0.00848	0.06102	0.01100	0.00686	0.00625	0.04058	0.05066	0.02135	0.51963	0.07274	0.10212	0.01077	0.00626	0.00179	0.00329	0.00935	0.00555	0.00558
30	0.00974	0.00752	0.03053	0.04563	0.01141	0.00709	0.00708	0.04131	0.06776	0.05129	0.24138	0.11544	0.09698	0.10180	0.00901	0.00237	0.00419	0.13874	0.00513	0.00560
31	0.01183	0.00983	0.01152	0.00825	0.01315	0.00740	0.00660	0.01428	0.01160	0.03736	0.01015	0.01167	0.00834	0.00417	0.00414	0.00084	0.00412	0.00334	0.00337	0.81804
32	0.01378	0.01190	0.01252	0.01127	0.01440	0.01378	0.00877	0.02943	0.76081	0.02317	0.02254	0.02066	0.01691	0.00751	0.00564	0.00188	0.00438	0.00626	0.00564	0.00877
33	0.05489	0.40910	0.17241	0.01208	0.03281	0.06089	0.04547	0.01681	0.01163	0.03204	0.00970	0.04133	0.00849	0.00557	0.00477	0.00145	0.02890	0.00405	0.00272	0.04490
34	0.00848	0.00584	0.00740	0.00690	0.00844	0.00528	0.00521	0.01088	0.01522	0.05819	0.62197	0.04209	0.16019	0.01152	0.00649	0.00176	0.00275	0.01005	0.00599	0.00535
35	0.01307	0.01494	0.03268	0.02334	0.02894	0.01401	0.75070	0.01774	0.01307	0.01774	0.01120	0.01494	0.00840	0.00467	0.00654	0.00187	0.00934	0.00654	0.00280	0.00747
36	0.01132	0.01317	0.13083	0.39384	0.02843	0.02905	0.09613	0.01569	0.04857	0.03747	0.01349	0.08163	0.01162	0.00705	0.00610	0.00190	0.02459	0.03936	0.00311	0.00665
37	0.01218	0.02055	0.34715	0.04229	0.04845	0.01345	0.39930	0.01753	0.01242	0.01756	0.01061	0.01352	0.00780	0.00495	0.00594	0.00181	0.00871	0.00541	0.00259	0.00777
38	0.06399	0.01102	0.01357	0.01045	0.01473	0.01062	0.00863	0.20852	0.01809	0.55231	0.01901	0.01697	0.01226	0.00672	0.00546	0.00170	0.00504	0.00530	0.00636	0.00926
39	0.00675	0.00482	0.00643	0.00771	0.00803	0.00450	0.00514	0.00771	0.01060	0.01414	0.03053	0.80175	0.03663	0.01735	0.00707	0.00225	0.00321	0.01574	0.00514	0.00450
40	0.01148	0.00984	0.01148	0.00820	0.01312	0.00738	0.00656	0.01395	0.01148	0.01805	0.00984	0.01148	0.00820	0.00410	0.00410	0.00082	0.00410	0.00328	0.00328	0.83922
41	0.00937	0.00682	0.00826	0.02782	0.01006	0.00680	0.00595	0.01349	0.13458	0.05642	0.30556	0.14816	0.15125	0.06262	0.02580	0.00226	0.00370	0.00993	0.00543	0.00572
42	0.00847	0.00526	0.00704	0.00792	0.00861	0.00485	0.00543	0.00955	0.01110	0.08653	0.02970	0.72722	0.03445	0.01635	0.00693	0.00220	0.00336	0.01478	0.00530	0.00497
43	0.00746	0.00513	0.00628	0.00686	0.00703	0.00501	0.00424	0.00794	0.00923	0.01232	0.02332	0.38289	0.02748	0.43178	0.03485	0.00403	0.00460	0.01149	0.00416	0.00391
44	0.01888	0.03855	0.05175	0.01286	0.01728	0.01600	0.04699	0.52925	0.12177	0.04820	0.01443	0.01447	0.01041	0.00655	0.00549	0.00168	0.00600	0.00515	0.02530	0.00901
45	0.79921	0.01096	0.00907	0.00789	0.01140	0.01259	0.02755	0.03540	0.00996	0.02490	0.00796	0.00928	0.00616	0.00517	0.00357	0.00172	0.00448	0.00315	0.00346	0.00613
46	0.01151	0.01151	0.01915	0.55053	0.03330	0.05100	0.15451	0.01515	0.01163	0.01506	0.01031	0.01473	0.00785	0.00554	0.00600	0.00182	0.03087	0.00517	0.03798	0.00637
47	0.01481	0.80869	0.02902	0.00948	0.01421	0.02191	0.00948	0.01658	0.01125	0.01303	0.00770	0.00888	0.00711	0.00474	0.00355	0.00118	0.00592	0.00296	0.00237	0.00711
48	0.01032	0.00516	0.00516	0.00516	0.00645	0.00516	0.00387	0.01290	0.01161	0.02065	0.01807	0.02065	0.01420	0.00645	0.00387	0.00129	0.00258	0.00516	0.83611	0.00516
49	0.00689	0.00562	0.00608	0.00597	0.00769	0.00482	0.00448	0.00861	0.01343	0.01687	0.24389	0.05015	0.57959	0.01331	0.00654	0.00184	0.00275	0.01125	0.00539	0.00482
50	0.00673	0.00488	0.00637	0.00756	0.00799	0.00451	0.00507	0.00773	0.01075	0.01420	0.03236	0.74803	0.08916	0.01711	0.00703	0.00222	0.00318	0.01545	0.00514	0.00451
51	0.01212	0.01212	0.01696	0.01454	0.01454	0.01696	0.01212	0.01333	0.00848	0.01333	0.00727	0.01212	0.00727	0.00969	0.01818	0.00242	0.79523	0.00485	0.00242	0.00606
52	0.04329	0.00960	0.01284	0.00987	0.01413	0.00846	0.00815	0.04433	0.01595	0.73977	0.02132	0.01849	0.01343	0.00681	0.00552	0.00171	0.00474	0.00550	0.00675	0.00935
53	0.01307	0.01494	0.03268	0.02334	0.02894	0.01401	0.75070	0.01774	0.01307	0.01774	0.01120	0.01494	0.00840	0.00467	0.00654	0.00187	0.00934	0.00654	0.00280	0.00747
54	0.01378	0.01190	0.01252	0.01127	0.01440	0.01378	0.00877	0.02943	0.76081	0.02317	0.02254	0.02066	0.01691	0.00751	0.00564	0.00188	0.00438	0.00626	0.00564	0.00877
55	0.84448	0.01071	0.00814	0.00728	0.01071	0.01242	0.00600	0.01628	0.00943	0.02485	0.00771	0.00900	0.00600	0.00514	0.00343	0.00171	0.00428	0.00300	0.00343	0.00600
56	0.02105	0.01551	0.01662	0.01274	0.01717	0.01717	0.01053	0.75235	0.02604	0.03490	0.01330	0.01330	0.00942	0.00665	0.00554	0.00166	0.00609	0.00499	0.00554	0.00942
57	0.84448	0.01071	0.00814	0.00728	0.01071	0.01242	0.00600	0.01628	0.00943	0.02485	0.00771	0.00900	0.00600	0.00514	0.00343	0.00171	0.00428	0.00300	0.00343	0.00600
58	0.01371	0.01316	0.02248	0.03399	0.77081	0.01316	0.01700	0.01700	0.01261	0.01809	0.01042	0.01371	0.00877	0.00493	0.00548	0.00164	0.00658	0.00493	0.00274	0.00877
59	0.01378	0.01190	0.01252	0.01127	0.01440	0.01378	0.00877	0.02943	0.76081	0.02317	0.02254	0.02066	0.01691	0.00751	0.00564	0.00188	0.00438	0.00626	0.00564	0.00877
60	0.00675	0.00482	0.00643	0.00771	0.00803	0.00450	0.00514	0.00771	0.01060	0.01414	0.03053	0.80175	0.03663	0.01735	0.00707	0.00225	0.00321	0.01574	0.00514	0.00450
61	0.02018	0.01047	0.01271	0.01045	0.01425	0.01052	0.00840	0.02802	0.33002	0.45773	0.02214	0.01961	0.01506	0.00713	0.00560	0.00178	0.00457	0.00586	0.00634	0.00915
62	0.00791	0.00593	0.00890	0.00890	0.00989	0.00692	0.00692	0.00989	0.00890	0.01286	0.01483	0.02176	0.01385	0.04154	0.78341	0.00890	0.01483	0.00593	0.00297	0.00494
63	0.00690	0.00493	0.00660	0.00788	0.00827	0.00463	0.00540	0.00797	0.01075	0.01431	0.03044	0.75034	0.03630	0.01721	0.00711	0.00227	0.00334	0.06566	0.00514	0.00454
64	0.00675	0.00482	0.00643	0.00771	0.00803	0.00450	0.00514	0.00771	0.01060	0.01414	0.03053	0.80175	0.03663	0.01735	0.00707	0.00225	0.00321	0.01574	0.00514	0.00450
65	0.01039	0.00805	0.01111	0.02981	0.01262	0.00771	0.06835	0.11194	0.01331	0.03485	0.04402	0.46334	0.02593	0.01235	0.00633	0.00191	0.00436	0.01117	0.00475	0.11769
66	0.00692	0.00563	0.00613	0.00600	0.00771	0.00483	0.00450	0.00867	0.01350	0.01705	0.26098	0.04987	0.56239	0.01325	0.00654	0.00183	0.00275	0.01121	0.00542	0.00483
67	0.00782	0.00548	0.00680	0.00704	0.00726	0.00566	0.00449	0.00836	0.00878	0.01190	0.01988	0.21182	0.02276	0.49220	0.13299	0.00509	0.02458	0.00946	0.00369	0.00392
68	0.02129	0.01513	0.01638	0.01256	0.01698	0.01660	0.01038	0.70632	0.02539	0.08184	0.01384	0.01365	0.00969	0.00666	0.00554	0.00167	0.00601	0.00502	0.00562	0.00942
69	0.05335	0.00752	0.01038	0.01042	0.07503	0.00701	0.02728	0.01466	0.01404	0.19215	0.30465	0.15631	0.08385	0.01044	0.00616	0.00182	0.00381	0.00918	0.00554	0.00643
70	0.00695	0.00559	0.00621	0.00621	0.00782	0.00485	0.00465	0.00867	0.01330	0.01685	0.24122	0.09947	0.51471	0.01356	0.00660	0.00188	0.00284	0.02840	0.00539	0.00482
71	0.01782	0.26840	0.02027	0.01357	0.05271	0.40638	0.02703	0.07069	0.01462	0.01522	0.00963	0.04113	0.00855	0.00586	0.00472	0.00142	0.00800	0.00409	0.00297	0.00691
72	0.01321	0.00900	0.01040	0.00858	0.01154	0.00855	0.00653	0.06370	0.14939	0.12078	0.08881	0.02257	0.01753	0.16823	0.00977	0.00222	0.00440	0.00594	0.04284	0.23601
73	0.07420	0.01359	0.02522	0.12232	0.12872	0.03037	0.41069	0.03043	0.01285	0.06513	0.01123	0.01437	0.00844	0.00514	0.00615	0.00181	0.02311	0.00566	0.00309	0.00748
74	0.01113	0.01045	0.01752	0.64488	0.12061	0.01244	0.03609	0.03570	0.01177	0.01532	0.01099	0.01539	0.02315	0.00565	0.00558	0.00182	0.00722	0.00511	0.00265	0.00655
75	0.02120	0.01527	0.01647	0.01263	0.01706	0.01682	0.01043	0.72398	0.02564	0.06383	0.01363	0.01351	0.00959	0.00666	0.00554	0.00166	0.00604	0.00501	0.00559	0.00942
76	0.02232	0.01152	0.01393	0.01083	0.01500	0.01146	0.00889	0.26761	0.07205	0.45430	0.04025	0.01777	0.01361	0.00696	0.00559	0.00171	0.00509	0.00555	0.00631	0.00926
77	0.00781	0.00564	0.00737	0.00699	0.00827	0.00520	0.00522	0.01037	0.01553	0.02197	0.74619	0.06375	0.05180	0.01150	0.00655	0.00176	0.00263	0.01018	0.00607	0.00520
78	0.01307	0.01494	0.03268	0.02334	0.02894	0.01401	0.75070	0.01774	0.01307	0.01774	0.01120	0.01494	0.00840	0.00467	0.00654	0.00187	0.00934	0.00654	0.00280	0.00747
79	0.02485	0.00943	0.01285	0.00985	0.01414	0.00814	0.00814	0.02699	0.01585	0.77465	0.02185	0.01885	0.01371	0.00685	0.00557	0.00171	0.00471	0.00557	0.00685	0.00943
80	0.00686	0.00503	0.00644	0.00733	0.00799	0.00462	0.00503	0.00810	0.01153	0.01529	0.12942	0.60279	0.13695	0.01612	0.00693	0.00213	0.00308	0.01446	0.00527	0.00462
81	0.00698	0.00563	0.00621	0.00606	0.00775	0.00486	0.00455	0.00879	0.01365	0.01739	0.29425	0.04931	0.52891	0.01312	0.00654	0.00183	0.00274	0.01113	0.00546	0.00486
82	0.00769	0.00563	0.00721	0.00686	0.00819	0.00516	0.00513	0.01015	0.01526	0.02133	0.68308	0.06197	0.11818	0.01173	0.00655	0.00177	0.00265	0.01032	0.00598	0.00516
83	0.00784	0.00566	0.00740	0.00697	0.00827	0.00523	0.00523	0.01045	0.01568	0.02221	0.76789	0.04137	0.05226	0.01132	0.00653	0.00174	0.00261	0.01002	0.00610	0.00523
84	0.01148	0.00984	0.01148	0.00820	0.01312	0.00738	0.00656	0.01395	0.01148	0.01805	0.00984	0.01148	0.00820	0.00410	0.00410	0.00082	0.00410	0.00328	0.00328	0.83922
85	0.01415	0.01209	0.01274	0.01135	0.01455	0.01395	0.00886	0.06707	0.72255	0.02378	0.02206	0.02028	0.01652	0.00747	0.00563	0.00187	0.00447	0.00620	0.00563	0.00880
86	0.01046	0.00984	0.01661	0.79205	0.03814	0.01230	0.01538	0.01415	0.01107	0.01415	0.00984	0.01477	0.00738	0.00554	0.00554	0.00185	0.00738	0.00492	0.00246	0.00615
87	0.01111	0.02865	0.77667	0.01579	0.02397	0.01286	0.02046	0.01754	0.01169	0.01754	0.00994	0.01169	0.00702	0.00526	0.00526	0.00175	0.00818	0.00409	0.00234	0.00818
88	0.00675	0.00482	0.00643	0.00771	0.00803	0.00450	0.00514	0.00771	0.01060	0.01414	0.03053	0.80175	0.03663	0.01735	0.00707	0.00225	0.00321	0.01574	0.00514	0.00450
89	0.84448	0.01071	0.00814	0.00728	0.01071	0.01242	0.00600	0.01628	0.00943	0.02485	0.00771	0.00900	0.00600	0.00514	0.00343	0.00171	0.00428	0.00300	0.00343	0.00600
90	0.00826	0.00616	0.00801	0.00893	0.01037	0.00590	0.00762	0.01050	0.01271	0.01613	0.03675	0.05993	0.23616	0.01495	0.00734	0.00236	0.00446	0.53337	0.00511	0.00498
91	0.01307	0.01494	0.03268	0.02334	0.02894	0.01401	0.75070	0.01774	0.01307	0.01774	0.01120	0.01494	0.00840	0.00467	0.00654	0.00187	0.00934	0.00654	0.00280	0.00747
92	0.00780	0.00566	0.00735	0.00693	0.00825	0.00521	0.00520	0.01038	0.01559	0.02201	0.74838	0.04170	0.07189	0.01140	0.00653	0.00175	0.00262	0.01006	0.00607	0.00521
93	0.01629	0.01134	0.01260	0.01095	0.01434	0.01250	0.00862	0.02888	0.59156	0.19390	0.02238	0.02025	0.01618	0.00736	0.00562	0.00184	0.00446	0.00610	0.00591	0.00892
94	0.01344	0.01300	0.02252	0.08933	0.68281	0.01313	0.05055	0.01682	0.01252	0.01779	0.01041	0.01384	0.00865	0.00497	0.00554	0.00167	0.00677	0.00501	0.00272	0.00852
95	0.00781	0.00566	0.00736	0.00693	0.00825	0.00521	0.00520	0.01039	0.01560	0.02203	0.75067	0.04166	0.06958	0.01139	0.00653	0.00174	0.00262	0.01006	0.00607	0.00521
96	0.02485	0.00943	0.01285	0.00985	0.01414	0.00814	0.00814	0.02699	0.01585	0.77465	0.02185	0.01885	0.01371	0.00685	0.00557	0.00171	0.00471	0.00557	0.00685	0.00943
97	0.01046	0.00984	0.01661	0.79205	0.03814	0.01230	0.01538	0.01415	0.01107	0.01415	0.00984	0.01477	0.00738	0.00554	0.00554	0.00185	0.00738	0.00492	0.00246	0.00615
98	0.02775	0.00739	0.01051	0.01152	0.06303	0.00736	0.04478	0.01259	0.06412	0.01726	0.07840	0.16144	0.08741	0.01325	0.00697	0.00224	0.00471	0.36876	0.00490	0.00562
99	0.00675	0.00482	0.00643	0.00771	0.00803	0.00450	0.00514	0.00771	0.01060	0.01414	0.03053	0.80175	0.03663	0.01735	0.00707	0.00225	0.00321	0.01574	0.00514	0.00450
100	0.06247	0.00948	0.01264	0.00974	0.01398	0.00834	0.00804	0.02650	0.01556	0.74024	0.02120	0.01840	0.01336	0.00678	0.00547	0.00171	0.00469	0.00545	0.00670	0.00927
101	0.15794	0.00982	0.01203	0.00950	0.01357	0.00923	0.00780	0.02511	0.06802	0.58057	0.01931	0.01720	0.01255	0.00656	0.00519	0.00170	0.00460	0.00515	0.00612	0.02804

[dist]
# distance from previous block
# <min> <max>
1	20

[block]
# block no. 1 follows, 43 sequences, length 62
# corresponding to MSA columns:
# 448-464,472,473,481-502,522-542
name=unknown_B
#
# <colnr> <probs for GDERKNQSTAVLIFYWHMCP>
#	G	D	E	R	K	N	Q	S	T	A	V	L	I	F	Y	W	H	M	C	P
0	0.10421	0.03776	0.01496	0.01309	0.08552	0.04941	0.00968	0.28380	0.12389	0.14753	0.01473	0.01465	0.01065	0.00628	0.00515	0.00164	0.00550	0.00486	0.02522	0.04146
1	0.00910	0.00542	0.00619	0.00612	0.00742	0.00540	0.00463	0.01146	0.01199	0.01905	0.15013	0.02794	0.10299	0.01370	0.12883	0.00264	0.00456	0.00683	0.47051	0.00509
2	0.01416	0.01234	0.01453	0.01243	0.01575	0.03047	0.07823	0.10689	0.51919	0.02327	0.04248	0.02256	0.01713	0.00776	0.00586	0.00189	0.00516	0.05631	0.00527	0.00831
3	0.00773	0.00566	0.00725	0.00685	0.00821	0.00518	0.00514	0.01023	0.01541	0.02158	0.70635	0.04240	0.11419	0.01156	0.00653	0.00175	0.00263	0.01016	0.00601	0.00518
4	0.00892	0.00637	0.00892	0.01020	0.01147	0.00637	0.00892	0.01147	0.01275	0.01657	0.02932	0.06247	0.03187	0.01530	0.00765	0.00255	0.00510	0.73354	0.00510	0.00510
5	0.02283	0.01001	0.01289	0.01017	0.01426	0.00934	0.00831	0.04563	0.14538	0.62567	0.02175	0.01903	0.01416	0.00696	0.00558	0.00174	0.00469	0.00567	0.00661	0.00931
6	0.00675	0.00482	0.00643	0.00771	0.00803	0.00450	0.00514	0.00771	0.01060	0.01414	0.03053	0.80175	0.03663	0.01735	0.00707	0.00225	0.00321	0.01574	0.00514	0.00450
7	0.00675	0.00482	0.00643	0.00771	0.00803	0.00450	0.00514	0.00771	0.01060	0.01414	0.03053	0.80175	0.03663	0.01735	0.00707	0.00225	0.00321	0.01574	0.00514	0.00450
8	0.01455	0.75494	0.08054	0.00991	0.01489	0.02129	0.01023	0.01665	0.01128	0.01334	0.00785	0.00908	0.00710	0.00477	0.00367	0.00122	0.00608	0.00304	0.00237	0.00718
9	0.84448	0.01071	0.00814	0.00728	0.01071	0.01242	0.00600	0.01628	0.00943	0.02485	0.00771	0.00900	0.00600	0.00514	0.00343	0.00171	0.00428	0.00300	0.00343	0.00600
10	0.76791	0.01059	0.00858	0.00752	0.01103	0.01202	0.00620	0.01728	0.01003	0.09490	0.00903	0.00992	0.00672	0.00530	0.00363	0.00171	0.00432	0.00324	0.00375	0.00632
11	0.08855	0.00862	0.00996	0.01014	0.01224	0.00940	0.00840	0.01793	0.26970	0.01952	0.02547	0.06463	0.03724	0.01171	0.00653	0.00222	0.00468	0.38152	0.00513	0.00642
12	0.08723	0.00779	0.00811	0.00856	0.00971	0.06000	0.00607	0.07449	0.01219	0.01691	0.02538	0.60431	0.02936	0.01447	0.00645	0.00209	0.00403	0.01278	0.00486	0.00520
13	0.01419	0.01343	0.01780	0.33907	0.22800	0.09698	0.01419	0.13160	0.04241	0.01877	0.01122	0.01481	0.00884	0.00582	0.00551	0.00173	0.00710	0.01785	0.00323	0.00747
14	0.01046	0.00984	0.01661	0.79205	0.03814	0.01230	0.01538	0.01415	0.01107	0.01415	0.00984	0.01477	0.00738	0.00554	0.00554	0.00185	0.00738	0.00492	0.00246	0.00615
15	0.01256	0.01342	0.02421	0.01860	0.02119	0.01560	0.35289	0.01536	0.01060	0.01536	0.00909	0.01342	0.00779	0.00738	0.01281	0.00217	0.43263	0.00563	0.00260	0.00671
16	0.01377	0.01337	0.02213	0.05793	0.72885	0.03190	0.01679	0.01703	0.01264	0.01786	0.01035	0.01365	0.00869	0.00497	0.00547	0.00165	0.00669	0.00490	0.00274	0.00863
17	0.01814	0.01356	0.01511	0.01344	0.08130	0.03071	0.01000	0.45152	0.10990	0.08028	0.01952	0.01909	0.09720	0.00744	0.00565	0.00171	0.00555	0.00591	0.00530	0.00868
18	0.00962	0.00481	0.00722	0.00722	0.00722	0.00481	0.00481	0.00722	0.00722	0.00962	0.00962	0.01684	0.00962	0.01924	0.02165	0.83886	0.00481	0.00481	0.00241	0.00241
19	0.00690	0.00492	0.00650	0.00757	0.00797	0.00460	0.00507	0.00797	0.01094	0.01470	0.09516	0.70120	0.03729	0.05110	0.00794	0.00234	0.00325	0.01490	0.00515	0.00451
20	0.01342	0.01287	0.02197	0.10015	0.70687	0.01308	0.01686	0.01675	0.01248	0.01775	0.01037	0.01380	0.00865	0.00499	0.00549	0.00166	0.00665	0.00493	0.00272	0.00854
21	0.02410	0.00937	0.01268	0.00980	0.01397	0.00818	0.00807	0.02656	0.03245	0.73576	0.04381	0.01955	0.01491	0.00700	0.00560	0.00172	0.00464	0.00572	0.00681	0.00929
22	0.01289	0.14932	0.59274	0.01428	0.02158	0.01387	0.01766	0.01821	0.01199	0.08291	0.01063	0.01188	0.00761	0.00532	0.00502	0.00166	0.00753	0.00404	0.00274	0.00812
23	0.01148	0.00984	0.01148	0.00820	0.01312	0.00738	0.00656	0.01395	0.01148	0.01805	0.00984	0.01148	0.00820	0.00410	0.00410	0.00082	0.00410	0.00328	0.00328	0.83922
24	0.01148	0.00984	0.01148	0.00820	0.01312	0.00738	0.00656	0.01395	0.01148	0.01805	0.00984	0.01148	0.00820	0.00410	0.00410	0.00082	0.00410	0.00328	0.00328	0.83922
25	0.01677	0.03324	0.07218	0.01456	0.04320	0.02509	0.15289	0.02323	0.21243	0.24687	0.01682	0.01687	0.01202	0.00662	0.00687	0.00184	0.07980	0.00565	0.00470	0.00834
26	0.00664	0.00547	0.00583	0.00605	0.00761	0.00467	0.00442	0.00801	0.01239	0.01512	0.08140	0.18804	0.60619	0.01451	0.00664	0.00193	0.00287	0.01235	0.00518	0.00467
27	0.00758	0.00558	0.00709	0.00686	0.00815	0.00509	0.00509	0.00990	0.01485	0.02060	0.61422	0.10788	0.14215	0.01218	0.00658	0.00180	0.00269	0.01072	0.00589	0.00509
28	0.00769	0.00566	0.00719	0.00681	0.00818	0.00516	0.00511	0.01016	0.01532	0.02136	0.68483	0.04276	0.13584	0.01164	0.00653	0.00176	0.00264	0.01021	0.00599	0.00516
29	0.22944	0.00975	0.01168	0.00921	0.01328	0.00921	0.00761	0.02432	0.01425	0.58749	0.01832	0.01639	0.01178	0.00643	0.00503	0.00171	0.00461	0.00493	0.00600	0.00857
30	0.01378	0.01190	0.01252	0.01127	0.01440	0.01378	0.00877	0.02943	0.76081	0.02317	0.02254	0.02066	0.01691	0.00751	0.00564	0.00188	0.00438	0.00626	0.00564	0.00877
31	0.00764	0.00595	0.00713	0.00706	0.00871	0.00521	0.00533	0.00951	0.01302	0.01731	0.24658	0.18578	0.28913	0.01307	0.00651	0.00187	0.00316	0.07898	0.00524	0.08281
32	0.34621	0.10223	0.06506	0.06092	0.01431	0.01175	0.00830	0.01790	0.01132	0.19174	0.01216	0.01427	0.00936	0.07532	0.00638	0.00195	0.00513	0.00424	0.00394	0.03751
33	0.01850	0.01409	0.01605	0.13899	0.02014	0.01587	0.01104	0.55580	0.08747	0.03025	0.01363	0.01431	0.00983	0.00654	0.00552	0.00170	0.00609	0.00509	0.02035	0.00875
34	0.00681	0.00502	0.00638	0.00731	0.00796	0.00459	0.00500	0.00799	0.01137	0.01498	0.09903	0.61388	0.15682	0.01629	0.00694	0.00214	0.00309	0.01459	0.00522	0.00459
35	0.01229	0.00703	0.00787	0.00710	0.00876	0.00754	0.00558	0.07817	0.01285	0.07288	0.01780	0.01993	0.03204	0.00762	0.01956	0.00161	0.07732	0.00532	0.59284	0.00589
36	0.01264	0.01366	0.02747	0.14371	0.11160	0.01394	0.48060	0.01666	0.01225	0.01678	0.01051	0.01449	0.00817	0.00533	0.00742	0.00189	0.08694	0.00594	0.00270	0.00727
37	0.00884	0.00632	0.00883	0.01010	0.01134	0.00630	0.00878	0.01133	0.01267	0.01648	0.02937	0.09063	0.03205	0.01538	0.00763	0.00254	0.00503	0.70619	0.00510	0.00508
38	0.00680	0.00517	0.00627	0.00695	0.00788	0.00463	0.00485	0.00808	0.01181	0.01527	0.11822	0.47600	0.27684	0.01562	0.00684	0.00207	0.00302	0.01381	0.00524	0.00463
39	0.01142	0.05155	0.73835	0.01557	0.02354	0.02965	0.01993	0.01761	0.01177	0.01732	0.00984	0.01157	0.00702	0.00526	0.00521	0.00173	0.00816	0.00405	0.00235	0.00812
40	0.01261	0.01170	0.01862	0.16138	0.45276	0.01252	0.01449	0.01777	0.12885	0.01770	0.01262	0.01573	0.01027	0.00886	0.07820	0.00239	0.00715	0.00523	0.00317	0.00795
41	0.08522	0.01294	0.01909	0.20155	0.09057	0.06443	0.13306	0.01540	0.01077	0.01569	0.00893	0.01294	0.00750	0.00680	0.00999	0.00200	0.28901	0.00490	0.00264	0.00657
42	0.01289	0.02816	0.01012	0.00903	0.01127	0.20028	0.00686	0.01519	0.05010	0.09978	0.12755	0.09040	0.25892	0.03378	0.00664	0.00185	0.00507	0.02141	0.00480	0.00591
43	0.00727	0.00511	0.00620	0.00684	0.00717	0.00487	0.00433	0.00787	0.00973	0.01281	0.02734	0.42300	0.09250	0.34101	0.01571	0.00350	0.00406	0.01224	0.00441	0.00404
44	0.01398	0.05011	0.02013	0.21593	0.41963	0.01394	0.01502	0.11851	0.04427	0.01941	0.01104	0.01397	0.00877	0.00542	0.00542	0.00168	0.00659	0.00490	0.00316	0.00814
45	0.00788	0.00598	0.00740	0.00825	0.00906	0.00601	0.00571	0.01124	0.13243	0.01562	0.02975	0.65964	0.04840	0.01569	0.00683	0.00218	0.00339	0.01412	0.00522	0.00519
46	0.09134	0.22997	0.25395	0.01364	0.01892	0.20757	0.07839	0.01833	0.01249	0.01605	0.00891	0.01057	0.00710	0.00517	0.00469	0.00153	0.00778	0.00378	0.00262	0.00720
47	0.09800	0.01261	0.01402	0.01111	0.01519	0.01341	0.00909	0.34507	0.13822	0.26005	0.01688	0.01578	0.01161	0.00671	0.00537	0.00172	0.00523	0.00518	0.00576	0.00900
48	0.00806	0.00573	0.00759	0.00817	0.00928	0.00547	0.00646	0.01026	0.01326	0.01812	0.28399	0.20400	0.07123	0.01392	0.00694	0.00213	0.00365	0.27582	0.04092	0.00500
49	0.01343	0.01334	0.01988	0.38449	0.19036	0.08887	0.11085	0.08044	0.01342	0.01722	0.01032	0.01396	0.00797	0.00541	0.00560	0.00175	0.00761	0.00501	0.00287	0.00720
50	0.00869	0.00660	0.00794	0.00745	0.00896	0.00653	0.00553	0.01300	0.13111	0.02073	0.52627	0.03858	0.09919	0.08512	0.00842	0.00211	0.00316	0.00938	0.00569	0.00556
51	0.00670	0.00502	0.00622	0.00719	0.00790	0.00454	0.00491	0.00777	0.01111	0.01434	0.03691	0.61493	0.21933	0.01652	0.00694	0.00215	0.00311	0.01473	0.00514	0.00454
52	0.00778	0.00566	0.00732	0.00690	0.00824	0.00520	0.00518	0.01033	0.01553	0.02186	0.73339	0.04195	0.08697	0.01145	0.00653	0.00175	0.00262	0.01010	0.00605	0.00520
53	0.00706	0.00561	0.00634	0.00619	0.00781	0.00489	0.00463	0.00893	0.01379	0.01781	0.33722	0.06370	0.47036	0.01302	0.00655	0.00183	0.00274	0.01111	0.00552	0.00489
54	0.01481	0.80869	0.02902	0.00948	0.01421	0.02191	0.00948	0.01658	0.01125	0.01303	0.00770	0.00888	0.00711	0.00474	0.00355	0.00118	0.00592	0.00296	0.00237	0.00711
55	0.01111	0.02865	0.77667	0.01579	0.02397	0.01286	0.02046	0.01754	0.01169	0.01754	0.00994	0.01169	0.00702	0.00526	0.00526	0.00175	0.00818	0.00409	0.00234	0.00818
56	0.00819	0.00571	0.00738	0.00694	0.00818	0.00530	0.00511	0.01055	0.01497	0.03592	0.68312	0.04045	0.04850	0.08542	0.00854	0.00208	0.00291	0.00975	0.00586	0.00513
57	0.01481	0.80869	0.02902	0.00948	0.01421	0.02191	0.00948	0.01658	0.01125	0.01303	0.00770	0.00888	0.00711	0.00474	0.00355	0.00118	0.00592	0.00296	0.00237	0.00711
58	0.01138	0.00659	0.00767	0.00708	0.00810	0.00654	0.00463	0.01321	0.07518	0.13629	0.01864	0.03135	0.01854	0.56981	0.02144	0.00429	0.00505	0.00736	0.04195	0.00490
59	0.00945	0.00621	0.00829	0.00885	0.01031	0.00598	0.00724	0.01145	0.01228	0.08171	0.03209	0.17593	0.15511	0.01714	0.07966	0.00290	0.00527	0.35977	0.00507	0.00529
60	0.00842	0.00588	0.00687	0.00661	0.00727	0.00561	0.00420	0.00905	0.00936	0.01282	0.08305	0.03618	0.02263	0.60676	0.02263	0.00443	0.00499	0.05777	0.00371	0.08173
61	0.17916	0.01711	0.01360	0.01227	0.02961	0.33074	0.00943	0.06793	0.01363	0.08828	0.01049	0.01235	0.00841	0.00985	0.08584	0.00240	0.09459	0.00415	0.00348	0.00668

[dist]
# distance from previous block
# <min> <max>
6	7

[block]
# block no. 2 follows, 43 sequences, length 9
# corresponding to MSA columns:
# 550-558
name=unknown_C
#
# <colnr> <probs for GDERKNQSTAVLIFYWHMCP>
#	G	D	E	R	K	N	Q	S	T	A	V	L	I	F	Y	W	H	M	C	P
0	0.00698	0.00504	0.00660	0.00745	0.00806	0.00467	0.00512	0.00833	0.01182	0.01596	0.19458	0.59937	0.07373	0.01587	0.00693	0.00212	0.00306	0.01429	0.00535	0.00467
1	0.01267	0.01219	0.01753	0.48294	0.15187	0.06758	0.01464	0.07192	0.01256	0.01627	0.00988	0.01390	0.00774	0.00592	0.00665	0.00182	0.07948	0.00483	0.00277	0.00684
2	0.01401	0.01394	0.02154	0.08689	0.66022	0.07236	0.01640	0.01719	0.01274	0.01746	0.01023	0.01350	0.00855	0.00504	0.00545	0.00164	0.00690	0.00483	0.00273	0.00840
3	0.00671	0.00496	0.00628	0.00734	0.00794	0.00453	0.00498	0.00775	0.01096	0.01428	0.03499	0.67104	0.16446	0.01677	0.00698	0.00218	0.00314	0.01504	0.00514	0.00453
4	0.00675	0.00482	0.00643	0.00771	0.00803	0.00450	0.00514	0.00771	0.01060	0.01414	0.03053	0.80175	0.03663	0.01735	0.00707	0.00225	0.00321	0.01574	0.00514	0.00450
5	0.01520	0.01323	0.01297	0.01144	0.01467	0.08159	0.00893	0.09422	0.57854	0.04881	0.02150	0.02002	0.03905	0.00746	0.00560	0.00181	0.00500	0.00605	0.00541	0.00851
6	0.01654	0.01430	0.08464	0.01384	0.08588	0.01378	0.01097	0.41039	0.07799	0.04403	0.06989	0.04106	0.05020	0.00772	0.00575	0.00175	0.00565	0.03223	0.00502	0.00839
7	0.00865	0.06283	0.01051	0.00899	0.01010	0.00841	0.00706	0.01039	0.00896	0.01270	0.01415	0.02166	0.01359	0.10917	0.61344	0.00765	0.05794	0.00586	0.00293	0.00501
8	0.02001	0.01499	0.01603	0.01253	0.01678	0.01669	0.01027	0.64831	0.13178	0.03322	0.01463	0.01436	0.01050	0.00677	0.00555	0.00169	0.00585	0.00517	0.00555	0.00932

[dist]
# distance from previous block
# <min> <max>
0	1

[block]
# block no. 3 follows, 43 sequences, length 53
# corresponding to MSA columns:
# 606-622,624-645,650-663
name=unknown_D
#
# <colnr> <probs for GDERKNQSTAVLIFYWHMCP>
#	G	D	E	R	K	N	Q	S	T	A	V	L	I	F	Y	W	H	M	C	P
0	0.01484	0.00790	0.00921	0.00776	0.01054	0.00738	0.00612	0.08855	0.02724	0.24444	0.04088	0.04013	0.17398	0.03122	0.00595	0.00170	0.00381	0.00692	0.22147	0.04996
1	0.09219	0.12282	0.08596	0.01523	0.08728	0.30300	0.04992	0.12859	0.01515	0.01868	0.00948	0.01105	0.00758	0.00560	0.00520	0.00155	0.02620	0.00401	0.00317	0.00734
2	0.01832	0.01749	0.01696	0.05224	0.12176	0.27671	0.04952	0.17736	0.08839	0.08858	0.01366	0.01450	0.02704	0.00621	0.00543	0.00163	0.00736	0.00490	0.00407	0.00788
3	0.01046	0.00984	0.01661	0.79205	0.03814	0.01230	0.01538	0.01415	0.01107	0.01415	0.00984	0.01477	0.00738	0.00554	0.00554	0.00185	0.00738	0.00492	0.00246	0.00615
4	0.01307	0.01494	0.03268	0.02334	0.02894	0.01401	0.75070	0.01774	0.01307	0.01774	0.01120	0.01494	0.00840	0.00467	0.00654	0.00187	0.00934	0.00654	0.00280	0.00747
5	0.01378	0.01190	0.01252	0.01127	0.01440	0.01378	0.00877	0.02943	0.76081	0.02317	0.02254	0.02066	0.01691	0.00751	0.00564	0.00188	0.00438	0.00626	0.00564	0.00877
6	0.00713	0.00563	0.00643	0.00623	0.00784	0.00493	0.00467	0.00909	0.01401	0.01826	0.37985	0.04787	0.44277	0.01280	0.00654	0.00181	0.00272	0.01093	0.00558	0.00493
7	0.00789	0.00530	0.00609	0.00625	0.00628	0.00526	0.00357	0.00801	0.00837	0.01115	0.01905	0.12994	0.02215	0.70891	0.02560	0.00499	0.00511	0.00900	0.00357	0.00350
8	0.02449	0.00966	0.01295	0.00997	0.01423	0.00853	0.00822	0.04813	0.03314	0.73601	0.02162	0.01873	0.01366	0.00686	0.00557	0.00172	0.00475	0.00557	0.00679	0.00941
9	0.02105	0.01551	0.01662	0.01274	0.01717	0.01717	0.01053	0.75235	0.02604	0.03490	0.01330	0.01330	0.00942	0.00665	0.00554	0.00166	0.00609	0.00499	0.00554	0.00942
10	0.02485	0.00943	0.01285	0.00985	0.01414	0.00814	0.00814	0.02699	0.01585	0.77465	0.02185	0.01885	0.01371	0.00685	0.00557	0.00171	0.00471	0.00557	0.00685	0.00943
11	0.01951	0.01474	0.01575	0.01243	0.01659	0.01645	0.01015	0.59867	0.18224	0.03241	0.01526	0.01486	0.01101	0.00683	0.00556	0.00171	0.00573	0.00526	0.00556	0.00928
12	0.00676	0.00562	0.00591	0.00584	0.00761	0.00477	0.00438	0.00836	0.01313	0.01616	0.17400	0.05132	0.64993	0.01358	0.00654	0.00185	0.00277	0.01141	0.00530	0.00477
13	0.01134	0.00969	0.01133	0.00819	0.01297	0.00729	0.00652	0.01375	0.01146	0.01793	0.01048	0.03566	0.00907	0.00451	0.00419	0.00086	0.00407	0.00366	0.00334	0.81368
14	0.01304	0.01485	0.03221	0.02308	0.02851	0.01409	0.72842	0.01761	0.01293	0.01761	0.01109	0.01485	0.00837	0.00482	0.00689	0.00188	0.03304	0.00649	0.00279	0.00743
15	0.01212	0.01212	0.01696	0.01454	0.01454	0.01696	0.01212	0.01333	0.00848	0.01333	0.00727	0.01212	0.00727	0.00969	0.01818	0.00242	0.79523	0.00485	0.00242	0.00606
16	0.01589	0.01831	0.01712	0.29646	0.14702	0.38164	0.01340	0.01843	0.01354	0.01451	0.00932	0.01231	0.00749	0.00552	0.00527	0.00161	0.00850	0.00427	0.00269	0.00671
17	0.01071	0.01023	0.01635	0.59171	0.03185	0.01312	0.01429	0.01377	0.01054	0.01399	0.01071	0.01537	0.03112	0.00674	0.00843	0.00198	0.18537	0.00512	0.00254	0.00608
18	0.00957	0.00574	0.00665	0.00638	0.00677	0.00562	0.00379	0.00976	0.00876	0.07964	0.01785	0.03467	0.01956	0.73334	0.02615	0.00504	0.00531	0.00783	0.00367	0.00390
19	0.00707	0.00519	0.00664	0.00721	0.00804	0.00475	0.00505	0.00862	0.01249	0.01684	0.27139	0.46493	0.13131	0.01500	0.00683	0.00204	0.00297	0.01340	0.00545	0.00475
20	0.01219	0.03649	0.01572	0.01309	0.01438	0.05395	0.04871	0.04467	0.07785	0.01521	0.01101	0.01521	0.00987	0.01646	0.20012	0.00379	0.39677	0.00521	0.00301	0.00629
21	0.01441	0.66540	0.12625	0.01117	0.03917	0.03652	0.01117	0.01684	0.01145	0.01379	0.00810	0.00943	0.00715	0.00483	0.00387	0.00128	0.00632	0.00318	0.00239	0.00729
22	0.01068	0.00549	0.00576	0.00570	0.00707	0.00546	0.00426	0.02937	0.01197	0.04312	0.01920	0.09088	0.01610	0.00745	0.00425	0.00140	0.00278	0.00612	0.71761	0.00533
23	0.00751	0.00575	0.00660	0.00645	0.00813	0.00504	0.00493	0.00944	0.01383	0.03232	0.31799	0.04873	0.44678	0.01296	0.00658	0.00186	0.00290	0.05169	0.00553	0.00499
24	0.01313	0.01478	0.03176	0.02430	0.09586	0.01393	0.68452	0.01767	0.01303	0.01777	0.01113	0.01483	0.00844	0.00469	0.00644	0.00185	0.00909	0.00639	0.00280	0.00759
25	0.01444	0.01683	0.02750	0.02053	0.02492	0.16384	0.51848	0.01806	0.01303	0.01640	0.01022	0.01364	0.00802	0.00547	0.00763	0.00185	0.10352	0.00576	0.00277	0.00710
26	0.01371	0.01316	0.02248	0.03399	0.77081	0.01316	0.01700	0.01700	0.01261	0.01809	0.01042	0.01371	0.00877	0.00493	0.00548	0.00164	0.00658	0.00493	0.00274	0.00877
27	0.00962	0.00481	0.00722	0.00722	0.00722	0.00481	0.00481	0.00722	0.00722	0.00962	0.00962	0.01684	0.00962	0.01924	0.02165	0.83886	0.00481	0.00481	0.00241	0.00241
28	0.01447	0.01135	0.01229	0.01092	0.01406	0.01282	0.00853	0.02823	0.65501	0.09090	0.06110	0.02157	0.01845	0.00765	0.00568	0.00186	0.00432	0.00639	0.00577	0.00864
29	0.01329	0.01274	0.02173	0.13089	0.67716	0.01305	0.01679	0.01663	0.01241	0.01759	0.01034	0.01384	0.00859	0.00501	0.00549	0.00167	0.00668	0.00493	0.00271	0.00844
30	0.07323	0.01639	0.05456	0.16255	0.03810	0.20516	0.01135	0.18895	0.03045	0.10650	0.01180	0.01307	0.00865	0.00589	0.00518	0.00161	0.00702	0.00444	0.00394	0.05116
31	0.01510	0.69400	0.02737	0.01109	0.05401	0.05718	0.00993	0.02951	0.03322	0.01397	0.00840	0.00960	0.00751	0.00491	0.00382	0.00125	0.00611	0.00322	0.00256	0.00725
32	0.00907	0.00605	0.00777	0.00730	0.00882	0.00561	0.00548	0.01185	0.03833	0.07491	0.58754	0.10832	0.08448	0.01157	0.00648	0.00180	0.00288	0.01019	0.00600	0.00554
33	0.00811	0.00578	0.00736	0.00702	0.00847	0.00528	0.00535	0.01054	0.01511	0.03830	0.61494	0.04358	0.14839	0.01180	0.00657	0.00180	0.00282	0.04763	0.00593	0.00524
34	0.01212	0.01212	0.01696	0.01454	0.01454	0.01696	0.01212	0.01333	0.00848	0.01333	0.00727	0.01212	0.00727	0.00969	0.01818	0.00242	0.79523	0.00485	0.00242	0.00606
35	0.00737	0.00564	0.00676	0.00648	0.00799	0.00503	0.00486	0.00955	0.01457	0.01959	0.51059	0.04568	0.31119	0.01230	0.00654	0.00179	0.00268	0.01062	0.00575	0.00503
36	0.01190	0.01179	0.01654	0.01424	0.01430	0.01644	0.01184	0.01315	0.00850	0.01330	0.00767	0.01262	0.00761	0.01136	0.05823	0.00276	0.75438	0.00490	0.00245	0.00600
37	0.00843	0.00576	0.00746	0.00704	0.00841	0.00529	0.00525	0.01082	0.01509	0.05220	0.64815	0.08028	0.08106	0.03159	0.00707	0.00186	0.00281	0.01015	0.00597	0.00529
38	0.01875	0.09308	0.01718	0.09465	0.01894	0.49372	0.01112	0.12105	0.01591	0.01650	0.00921	0.01094	0.00748	0.00591	0.00560	0.00153	0.04456	0.00391	0.00312	0.00685
39	0.01426	0.01024	0.01226	0.03280	0.01437	0.00844	0.00739	0.07567	0.01331	0.13441	0.01195	0.01285	0.00911	0.00477	0.00449	0.00106	0.00446	0.00382	0.00398	0.62035
40	0.00788	0.00822	0.08702	0.00752	0.00980	0.00607	0.00654	0.01082	0.03546	0.01912	0.40889	0.04202	0.30692	0.01157	0.00638	0.00179	0.00331	0.00990	0.00535	0.00544
41	0.01217	0.05936	0.27172	0.03117	0.06711	0.03848	0.23010	0.01736	0.05690	0.01761	0.05207	0.01875	0.01248	0.00642	0.00614	0.00183	0.02647	0.06329	0.00313	0.00744
42	0.01177	0.01039	0.01312	0.01146	0.09217	0.00885	0.00815	0.01421	0.01133	0.01763	0.00967	0.01177	0.00818	0.00469	0.00551	0.00105	0.07571	0.00359	0.00315	0.67758
43	0.00869	0.00621	0.00863	0.00975	0.01097	0.00616	0.00836	0.01115	0.01288	0.01693	0.09601	0.10612	0.03401	0.01507	0.00751	0.00246	0.00476	0.62406	0.00519	0.00507
44	0.01148	0.00984	0.01148	0.00820	0.01312	0.00738	0.00656	0.01395	0.01148	0.01805	0.00984	0.01148	0.00820	0.00410	0.00410	0.00082	0.00410	0.00328	0.00328	0.83922
45	0.01912	0.01396	0.01597	0.01398	0.08412	0.01506	0.01044	0.56941	0.02267	0.06724	0.01484	0.08087	0.01186	0.00736	0.00563	0.00169	0.00578	0.00589	0.00526	0.02884
46	0.01163	0.00970	0.01075	0.15426	0.01510	0.09504	0.00826	0.02626	0.01127	0.01647	0.01351	0.01839	0.01151	0.08058	0.04912	0.00235	0.12738	0.00519	0.32770	0.00552
47	0.00680	0.00484	0.00641	0.00764	0.00795	0.00453	0.00507	0.00773	0.01050	0.01400	0.03000	0.77074	0.03596	0.04927	0.00792	0.00238	0.00330	0.01543	0.00507	0.00445
48	0.01163	0.08196	0.01499	0.01230	0.04351	0.03005	0.04611	0.05164	0.01111	0.01606	0.03237	0.11574	0.01400	0.01280	0.09886	0.00275	0.28189	0.00643	0.10974	0.00606
49	0.01212	0.01212	0.01696	0.01454	0.01454	0.01696	0.01212	0.01333	0.00848	0.01333	0.00727	0.01212	0.00727	0.00969	0.01818	0.00242	0.79523	0.00485	0.00242	0.00606
50	0.01131	0.01092	0.01706	0.61007	0.14566	0.04346	0.01499	0.01500	0.02510	0.01490	0.01145	0.01564	0.02987	0.00574	0.00554	0.00180	0.00718	0.00509	0.00265	0.00656
51	0.00811	0.00573	0.00729	0.00723	0.00756	0.00619	0.00479	0.00881	0.00835	0.01152	0.01631	0.03072	0.01768	0.52608	0.28424	0.00649	0.02850	0.00725	0.00320	0.00396
52	0.00823	0.00568	0.00740	0.00726	0.00853	0.00522	0.00542	0.01048	0.01454	0.04664	0.54803	0.17100	0.08498	0.01250	0.00664	0.00187	0.00290	0.04159	0.00587	0.00522

[dist]
# distance from previous block
# <min> <max>
0	2

[block]
# block no. 4 follows, 43 sequences, length 52
# corresponding to MSA columns:
# 666-683,692-703,705-726
name=unknown_E
#
# <colnr> <probs for GDERKNQSTAVLIFYWHMCP>
#	G	D	E	R	K	N	Q	S	T	A	V	L	I	F	Y	W	H	M	C	P
0	0.00784	0.00645	0.00715	0.02040	0.00913	0.00605	0.00533	0.01127	0.09997	0.01775	0.22766	0.04616	0.46793	0.01249	0.00645	0.00186	0.00309	0.03231	0.00539	0.00532
1	0.01094	0.00582	0.00596	0.00572	0.00719	0.00595	0.00435	0.05866	0.01245	0.02136	0.01770	0.02022	0.01389	0.00725	0.02134	0.00148	0.00307	0.00517	0.76608	0.00542
2	0.25663	0.03005	0.17600	0.01372	0.09315	0.08230	0.01164	0.10144	0.05799	0.02138	0.01066	0.02935	0.00851	0.00593	0.00530	0.00169	0.04026	0.00428	0.00342	0.04632
3	0.08789	0.01327	0.01916	0.18055	0.47221	0.07286	0.01492	0.01719	0.03778	0.01773	0.01033	0.01345	0.00840	0.00522	0.00528	0.00168	0.00672	0.00470	0.00285	0.00782
4	0.01477	0.12150	0.12194	0.04500	0.25699	0.18178	0.01353	0.03583	0.06382	0.01695	0.01116	0.01376	0.00918	0.00628	0.01961	0.00171	0.00730	0.01726	0.03400	0.00762
5	0.01307	0.19909	0.31945	0.12263	0.04018	0.06843	0.09711	0.01729	0.01207	0.03278	0.01009	0.01284	0.00788	0.00536	0.00509	0.00164	0.00765	0.01730	0.00261	0.00744
6	0.01203	0.01145	0.01945	0.42499	0.39291	0.01272	0.01616	0.01553	0.01182	0.01606	0.01012	0.01425	0.00806	0.00525	0.00551	0.00175	0.00699	0.00493	0.00260	0.00742
7	0.00949	0.00874	0.01055	0.02473	0.01116	0.05746	0.00780	0.01062	0.01028	0.01373	0.02265	0.36573	0.08902	0.05094	0.02534	0.00248	0.25985	0.01036	0.00395	0.00512
8	0.01389	0.01415	0.05913	0.06125	0.09010	0.01374	0.32673	0.11487	0.01390	0.03431	0.01100	0.01398	0.00850	0.00570	0.00740	0.00178	0.10748	0.00545	0.01869	0.07794
9	0.01325	0.00944	0.01078	0.00955	0.01223	0.00998	0.00751	0.08597	0.30880	0.11010	0.22176	0.04214	0.08498	0.00937	0.00604	0.00184	0.00400	0.03903	0.00582	0.00742
10	0.00674	0.00486	0.00639	0.00761	0.00801	0.00451	0.00510	0.00772	0.01070	0.01418	0.03172	0.76672	0.07088	0.01720	0.00704	0.00223	0.00319	0.01555	0.00514	0.00451
