[name]
unknown

[dist]
# distance from previous block
# <min> <max>
0	53

[block]
# block no. 0 follows, 47 sequences, length 14
# corresponding to MSA columns:
# 108-110,114,117-126
name=unknown_A
#
# <colnr> <probs for GDERKNQSTAVLIFYWHMCP>
#	G	D	E	R	K	N	Q	S	T	A	V	L	I	F	Y	W	H	M	C	P
0	0.01126	0.00741	0.01033	0.04847	0.05733	0.00751	0.00904	0.02882	0.06328	0.12026	0.02402	0.04495	0.02399	0.01168	0.00655	0.00215	0.00490	0.50734	0.00481	0.00590
1	0.12870	0.00950	0.01196	0.09831	0.01546	0.00930	0.00819	0.07543	0.03802	0.46037	0.01641	0.02925	0.01113	0.00611	0.00491	0.00158	0.00468	0.00487	0.00520	0.06062
2	0.13681	0.01047	0.01470	0.37875	0.13608	0.01225	0.01205	0.05926	0.10280	0.01752	0.01054	0.01334	0.00813	0.00551	0.00545	0.00169	0.04371	0.00448	0.00303	0.02340
3	0.09425	0.01034	0.01437	0.39813	0.10512	0.03903	0.01185	0.07772	0.01211	0.01718	0.10182	0.01580	0.01216	0.00613	0.00593	0.00170	0.06206	0.00498	0.00310	0.00619
4	0.01410	0.01253	0.01602	0.06749	0.10879	0.06800	0.07254	0.19179	0.09825	0.04255	0.02967	0.04355	0.04587	0.00716	0.00759	0.00176	0.15584	0.00557	0.00379	0.00713
5	0.16806	0.01051	0.01355	0.01156	0.01270	0.01353	0.02291	0.01286	0.00847	0.01492	0.00783	0.01186	0.00734	0.02434	0.06591	0.00248	0.50943	0.00426	0.00258	0.07490
6	0.00937	0.00730	0.00898	0.00956	0.05311	0.00759	0.00653	0.07479	0.16975	0.01782	0.13048	0.40165	0.02856	0.04089	0.00681	0.00200	0.00364	0.01054	0.00490	0.00572
7	0.01304	0.01103	0.01526	0.03799	0.03440	0.01189	0.14951	0.03493	0.46165	0.07458	0.01899	0.08315	0.01514	0.00715	0.00556	0.00177	0.00508	0.00653	0.00469	0.00766
8	0.01026	0.12963	0.42875	0.01196	0.01687	0.01163	0.01361	0.01410	0.02233	0.01447	0.01095	0.06568	0.00959	0.01102	0.10154	0.07205	0.04186	0.00476	0.00251	0.00644
9	0.00760	0.00499	0.00648	0.04077	0.00843	0.00486	0.00497	0.00897	0.01095	0.01573	0.19319	0.36342	0.04191	0.02960	0.00745	0.07145	0.00311	0.01025	0.16147	0.00438
10	0.64266	0.00944	0.00829	0.00719	0.01035	0.01043	0.00587	0.01658	0.00990	0.15569	0.00999	0.01078	0.00732	0.00573	0.00432	0.03795	0.00406	0.00339	0.03402	0.00603
11	0.01003	0.00571	0.00635	0.00620	0.00740	0.00581	0.00457	0.08466	0.01159	0.01842	0.01763	0.15600	0.01605	0.00930	0.00632	0.10301	0.00311	0.00652	0.51649	0.00483
12	0.00634	0.00511	0.00565	0.00588	0.00724	0.00442	0.00427	0.00771	0.01178	0.01471	0.13470	0.22274	0.52402	0.01360	0.00627	0.00183	0.00270	0.01167	0.00494	0.00442
13	0.01836	0.00791	0.01041	0.00837	0.01164	0.00696	0.00677	0.02072	0.03558	0.54692	0.15055	0.02517	0.11126	0.00797	0.00550	0.00164	0.00388	0.00664	0.00610	0.00766

[dist]
# distance from previous block
# <min> <max>
0	3

[block]
# block no. 1 follows, 47 sequences, length 10
# corresponding to MSA columns:
# 134-141,143,144
name=unknown_B
#
# <colnr> <probs for GDERKNQSTAVLIFYWHMCP>
#	G	D	E	R	K	N	Q	S	T	A	V	L	I	F	Y	W	H	M	C	P
0	0.14137	0.19658	0.28698	0.01090	0.01612	0.03025	0.01173	0.06826	0.02932	0.06788	0.02691	0.01132	0.00828	0.00511	0.00431	0.00145	0.00587	0.00370	0.00307	0.07060
1	0.01175	0.35497	0.36541	0.01130	0.01693	0.01483	0.01306	0.01545	0.01070	0.01468	0.00899	0.01065	0.00725	0.00620	0.03805	0.00165	0.00666	0.00348	0.03841	0.04958
2	0.00641	0.00458	0.00610	0.00720	0.00757	0.00428	0.00484	0.00742	0.01029	0.01380	0.07893	0.76191	0.03542	0.01594	0.00661	0.00208	0.00298	0.01445	0.00489	0.00428
3	0.14284	0.03443	0.10786	0.01035	0.01456	0.01175	0.00935	0.16979	0.14728	0.27620	0.01536	0.01453	0.01060	0.00604	0.00486	0.00162	0.00501	0.00465	0.00489	0.00807
4	0.01489	0.19649	0.34872	0.01226	0.01788	0.01292	0.04599	0.01863	0.01194	0.22832	0.01194	0.01241	0.00842	0.00536	0.00511	0.00155	0.03195	0.00412	0.00340	0.00770
5	0.00891	0.00557	0.00723	0.00729	0.00840	0.00523	0.00522	0.01095	0.04188	0.10230	0.28094	0.39089	0.03545	0.05573	0.00733	0.00204	0.00314	0.01119	0.00525	0.00508
6	0.79049	0.07110	0.00913	0.00700	0.01032	0.01235	0.00589	0.01533	0.00899	0.02253	0.00725	0.00845	0.00572	0.00481	0.00323	0.00157	0.00414	0.00282	0.00315	0.00572
7	0.02336	0.00886	0.01209	0.00927	0.01329	0.00765	0.00765	0.02538	0.01491	0.78810	0.02055	0.01773	0.01289	0.00645	0.00524	0.00161	0.00443	0.00524	0.00645	0.00886
8	0.85377	0.01007	0.00765	0.00685	0.01007	0.01168	0.00564	0.01531	0.00886	0.02336	0.00725	0.00846	0.00564	0.00483	0.00322	0.00161	0.00403	0.00282	0.00322	0.00564
9	0.01195	0.03946	0.28305	0.04501	0.41767	0.01224	0.01601	0.03970	0.01167	0.01676	0.00998	0.01320	0.00816	0.04591	0.00612	0.00175	0.00663	0.00447	0.00254	0.00771

[dist]
# distance from previous block
# <min> <max>
0	1

[block]
# block no. 2 follows, 47 sequences, length 6
# corresponding to MSA columns:
# 146-151
name=unknown_C
#
# <colnr> <probs for GDERKNQSTAVLIFYWHMCP>
#	G	D	E	R	K	N	Q	S	T	A	V	L	I	F	Y	W	H	M	C	P
0	0.01051	0.02089	0.52819	0.01260	0.01891	0.01070	0.01493	0.01629	0.07137	0.01729	0.06117	0.01346	0.01035	0.00528	0.00485	0.00149	0.00634	0.00423	0.00285	0.16830
1	0.64093	0.01092	0.00951	0.07060	0.01293	0.05073	0.00707	0.04277	0.01004	0.05253	0.00815	0.00960	0.00626	0.00522	0.00429	0.00164	0.04439	0.00324	0.00328	0.00592
2	0.00905	0.00452	0.00678	0.00678	0.00678	0.00452	0.00452	0.00678	0.00678	0.00905	0.00905	0.01583	0.00905	0.01809	0.02035	0.84848	0.00452	0.00452	0.00226	0.00226
3	0.00655	0.00468	0.00626	0.00735	0.00778	0.00439	0.00507	0.00767	0.01045	0.01399	0.08332	0.70874	0.03522	0.01578	0.00665	0.00210	0.00309	0.06170	0.00490	0.00432
4	0.01195	0.27981	0.01495	0.00815	0.01090	0.03932	0.00696	0.04109	0.04084	0.08102	0.37771	0.02424	0.02781	0.00776	0.00501	0.00145	0.00408	0.00634	0.00447	0.00613
5	0.01478	0.38764	0.15846	0.01111	0.01576	0.17886	0.01090	0.08519	0.01280	0.01529	0.00839	0.00958	0.00694	0.00486	0.00411	0.00128	0.00665	0.00329	0.00264	0.06147

[dist]
# distance from previous block
# <min> <max>
0	3

[block]
# block no. 3 follows, 47 sequences, length 11
# corresponding to MSA columns:
# 155-165
name=unknown_D
#
# <colnr> <probs for GDERKNQSTAVLIFYWHMCP>
#	G	D	E	R	K	N	Q	S	T	A	V	L	I	F	Y	W	H	M	C	P
0	0.01189	0.00935	0.01096	0.00801	0.01249	0.00737	0.00641	0.01496	0.05874	0.07608	0.01086	0.01186	0.00862	0.00425	0.00405	0.00090	0.00392	0.00342	0.00348	0.73238
1	0.01782	0.08241	0.01443	0.01102	0.01413	0.25222	0.00881	0.14925	0.07942	0.18219	0.07171	0.01526	0.01264	0.02161	0.00593	0.00159	0.04329	0.00475	0.00432	0.00721
2	0.00654	0.00481	0.00613	0.00681	0.00753	0.00440	0.00472	0.00784	0.01128	0.01505	0.19565	0.53468	0.14613	0.01463	0.00647	0.00196	0.00284	0.01308	0.00503	0.00440
3	0.00676	0.00495	0.00665	0.00773	0.02863	0.00468	0.00512	0.00799	0.01071	0.01448	0.14832	0.58628	0.06015	0.04336	0.03622	0.00234	0.00348	0.01295	0.00478	0.00443
4	0.01331	0.00765	0.00906	0.00761	0.01018	0.00732	0.00602	0.06649	0.05374	0.19649	0.08833	0.04347	0.08008	0.00733	0.00524	0.00145	0.03301	0.00594	0.24135	0.11590
5	0.02207	0.01016	0.01280	0.00990	0.01389	0.00969	0.00815	0.17819	0.05745	0.59173	0.01892	0.01674	0.01222	0.00644	0.00523	0.00161	0.00468	0.00516	0.00613	0.00883
6	0.00681	0.00496	0.00651	0.00759	0.00826	0.00466	0.00558	0.00811	0.01065	0.01392	0.03107	0.55174	0.11530	0.01552	0.00672	0.00214	0.00340	0.18784	0.00483	0.00438
7	0.18099	0.38247	0.01870	0.00948	0.01278	0.01647	0.00847	0.01736	0.13221	0.04302	0.00988	0.01092	0.00819	0.00570	0.00572	0.00151	0.12278	0.00363	0.00307	0.00666
8	0.01344	0.01067	0.01345	0.09089	0.01628	0.03344	0.06609	0.10764	0.19154	0.07908	0.01376	0.01552	0.01066	0.00673	0.00625	0.07214	0.00511	0.02050	0.00396	0.22284
9	0.01232	0.10259	0.07679	0.18073	0.01996	0.05267	0.05232	0.07686	0.01096	0.01488	0.00848	0.01190	0.00719	0.00748	0.02810	0.00200	0.32153	0.00438	0.00257	0.00630
10	0.01707	0.01119	0.01429	0.01131	0.01455	0.01184	0.07152	0.31187	0.05215	0.20870	0.01583	0.07670	0.01259	0.05686	0.00759	0.00190	0.06652	0.00594	0.02394	0.00764

[dist]
# distance from previous block
# <min> <max>
22	43

[block]
# block no. 4 follows, 47 sequences, length 13
# corresponding to MSA columns:
# 250-260,266,267
name=unknown_E
#
# <colnr> <probs for GDERKNQSTAVLIFYWHMCP>
#	G	D	E	R	K	N	Q	S	T	A	V	L	I	F	Y	W	H	M	C	P
0	0.33739	0.01881	0.42838	0.01126	0.01672	0.01152	0.01302	0.01550	0.00997	0.01883	0.00888	0.01071	0.00670	0.00744	0.06311	0.00213	0.00674	0.00358	0.00264	0.00667
1	0.01148	0.02769	0.09717	0.26299	0.07742	0.06053	0.01179	0.09899	0.01174	0.01558	0.01072	0.01549	0.00914	0.07808	0.13143	0.00301	0.06296	0.00483	0.00281	0.00615
2	0.00652	0.00529	0.00564	0.00565	0.00717	0.00459	0.00419	0.00789	0.01180	0.01452	0.12811	0.04782	0.59712	0.08672	0.00807	0.00208	0.00294	0.04475	0.00478	0.00436
3	0.01657	0.01298	0.01381	0.01133	0.01492	0.01464	0.00912	0.41842	0.37846	0.02762	0.01660	0.01577	0.01218	0.00664	0.00525	0.00166	0.00497	0.00525	0.00525	0.00857
4	0.02308	0.00932	0.01237	0.00948	0.01352	0.00834	0.00784	0.08524	0.01568	0.72716	0.01990	0.01730	0.01257	0.00643	0.00523	0.00161	0.00454	0.00519	0.00635	0.00886
5	0.00670	0.00520	0.00613	0.00641	0.00768	0.00464	0.00479	0.00830	0.01216	0.01566	0.21752	0.21076	0.37820	0.01337	0.00636	0.00187	0.00288	0.08182	0.00504	0.00452
6	0.01119	0.02590	0.74534	0.01452	0.02201	0.01184	0.01858	0.01700	0.01122	0.06079	0.00999	0.01138	0.00696	0.00503	0.00496	0.00165	0.00751	0.00393	0.00244	0.00776
7	0.00905	0.00452	0.00678	0.00678	0.00678	0.00452	0.00452	0.00678	0.00678	0.00905	0.00905	0.01583	0.00905	0.01809	0.02035	0.84848	0.00452	0.00452	0.00226	0.00226
8	0.00655	0.00477	0.00617	0.00692	0.00755	0.00439	0.00477	0.00783	0.01117	0.01500	0.19301	0.57677	0.10624	0.01481	0.00649	0.00198	0.00286	0.01330	0.00503	0.00439
9	0.01006	0.00724	0.00876	0.00735	0.00971	0.00655	0.00564	0.08060	0.01411	0.05690	0.41671	0.02882	0.05168	0.06846	0.00699	0.00168	0.00338	0.00720	0.00488	0.20327
10	0.00744	0.00494	0.00595	0.00613	0.00630	0.00485	0.00373	0.00766	0.00861	0.01160	0.08835	0.17627	0.02382	0.53662	0.02053	0.06690	0.00440	0.00884	0.00363	0.00345
11	0.13456	0.42683	0.08919	0.03138	0.01437	0.01623	0.00935	0.06828	0.06333	0.06418	0.03253	0.01127	0.00894	0.00518	0.00398	0.00137	0.00533	0.00362	0.00314	0.00694
12	0.19528	0.40750	0.17757	0.00976	0.01453	0.01593	0.01022	0.01671	0.03928	0.05880	0.00893	0.00985	0.00713	0.00485	0.00382	0.00138	0.00555	0.00326	0.00279	0.00684

[dist]
# distance from previous block
# <min> <max>
0	9

[block]
# block no. 5 follows, 47 sequences, length 45
# corresponding to MSA columns:
# 285-302,310-336
name=unknown_F
#
# <colnr> <probs for GDERKNQSTAVLIFYWHMCP>
#	G	D	E	R	K	N	Q	S	T	A	V	L	I	F	Y	W	H	M	C	P
0	0.09297	0.00689	0.00774	0.00728	0.00882	0.01715	0.00549	0.03742	0.01137	0.07866	0.10746	0.11689	0.23650	0.09973	0.00964	0.05599	0.05312	0.03758	0.00438	0.00492
1	0.01158	0.00975	0.01434	0.30493	0.15373	0.01097	0.01150	0.10492	0.06881	0.03689	0.09066	0.09010	0.01537	0.00726	0.00585	0.00174	0.03145	0.01992	0.00365	0.00659
2	0.01105	0.00627	0.00821	0.00734	0.00919	0.00577	0.00563	0.01376	0.04193	0.18995	0.54337	0.07756	0.03910	0.00991	0.00594	0.00166	0.00299	0.00867	0.00582	0.00587
3	0.00692	0.00498	0.00621	0.00669	0.00762	0.00450	0.00471	0.00828	0.01157	0.03286	0.19987	0.44967	0.20874	0.01412	0.00639	0.00192	0.00284	0.01252	0.00507	0.00452
4	0.04097	0.00793	0.01052	0.00845	0.01170	0.00702	0.00684	0.02105	0.01441	0.56735	0.16620	0.04807	0.02038	0.00752	0.00535	0.00162	0.00392	0.00628	0.03669	0.00772
5	0.00928	0.00562	0.00736	0.00703	0.00845	0.00510	0.00523	0.01124	0.01345	0.12522	0.45443	0.22582	0.07835	0.01158	0.00614	0.00176	0.00288	0.01023	0.00557	0.00527
6	0.79633	0.00999	0.00796	0.00702	0.01029	0.01140	0.00578	0.01600	0.00928	0.07626	0.00817	0.00910	0.00614	0.00495	0.00336	0.00161	0.00406	0.00299	0.00345	0.00586
7	0.01320	0.01131	0.01191	0.01065	0.01364	0.01307	0.00830	0.05434	0.74801	0.02218	0.02088	0.01918	0.01564	0.00704	0.00530	0.00176	0.00418	0.00584	0.00530	0.00826
8	0.01920	0.09464	0.01675	0.01173	0.01587	0.04495	0.00981	0.66565	0.02276	0.03006	0.01182	0.01198	0.00856	0.00604	0.00501	0.00151	0.00585	0.00445	0.00482	0.00854
9	0.01498	0.01050	0.03973	0.13307	0.01634	0.06320	0.04584	0.10472	0.03794	0.21454	0.01582	0.06739	0.01249	0.05266	0.00626	0.00178	0.00524	0.00564	0.14512	0.00675
10	0.85377	0.01007	0.00765	0.00685	0.01007	0.01168	0.00564	0.01531	0.00886	0.02336	0.00725	0.00846	0.00564	0.00483	0.00322	0.00161	0.00403	0.00282	0.00322	0.00564
11	0.00984	0.00599	0.00828	0.00788	0.00909	0.00634	0.00595	0.02249	0.00954	0.11312	0.01756	0.05424	0.06286	0.11250	0.41778	0.08928	0.02049	0.00632	0.01559	0.00485
12	0.00647	0.00460	0.00599	0.00704	0.00735	0.00432	0.00464	0.00729	0.00977	0.01298	0.02801	0.71369	0.05111	0.09968	0.00870	0.00241	0.00322	0.01396	0.00466	0.00412
13	0.00700	0.00503	0.00672	0.06538	0.00950	0.00496	0.00545	0.00820	0.01001	0.01354	0.02622	0.58006	0.05377	0.08279	0.00805	0.00228	0.00351	0.04524	0.05798	0.00432
14	0.00697	0.00530	0.00611	0.00616	0.00727	0.00486	0.00436	0.00861	0.02875	0.01519	0.23111	0.14407	0.31227	0.16733	0.01013	0.00242	0.00319	0.02679	0.00476	0.00437
15	0.00746	0.00552	0.00806	0.00806	0.00888	0.00634	0.00612	0.00910	0.00828	0.01186	0.01424	0.02205	0.01371	0.12970	0.70665	0.00798	0.01291	0.00581	0.00283	0.00448
16	0.01901	0.03448	0.01556	0.01178	0.01584	0.01596	0.00972	0.67940	0.09404	0.03128	0.01318	0.01304	0.00946	0.00628	0.00517	0.00157	0.00558	0.00475	0.00514	0.00874
17	0.00763	0.00845	0.11497	0.00915	0.01094	0.00615	0.05016	0.02804	0.01093	0.01488	0.07014	0.57357	0.04768	0.01342	0.00631	0.00198	0.00401	0.01215	0.00441	0.00502
18	0.07189	0.09879	0.06836	0.12366	0.08076	0.03371	0.06547	0.03323	0.06391	0.21732	0.01569	0.01632	0.05859	0.00668	0.02194	0.00174	0.00580	0.00500	0.00392	0.00722
19	0.72628	0.01092	0.00872	0.00759	0.01090	0.03968	0.00622	0.07727	0.01056	0.05123	0.00819	0.00916	0.00620	0.00503	0.00351	0.00160	0.00437	0.00308	0.00348	0.00603
20	0.02985	0.53275	0.09761	0.02739	0.01513	0.01792	0.03298	0.01705	0.10993	0.01430	0.00938	0.01052	0.00790	0.00514	0.00469	0.00136	0.05302	0.00354	0.00266	0.00690
21	0.00634	0.00453	0.00604	0.00725	0.00755	0.00423	0.00483	0.00725	0.00997	0.01329	0.02870	0.81358	0.03444	0.01632	0.00665	0.00211	0.00302	0.01480	0.00483	0.00423
22	0.00626	0.00505	0.00558	0.00593	0.00722	0.00437	0.00427	0.00750	0.01140	0.01411	0.07523	0.28408	0.52269	0.01404	0.00631	0.00186	0.00275	0.01210	0.00487	0.00437
23	0.01020	0.00981	0.01337	0.01172	0.01195	0.01311	0.00953	0.01127	0.00853	0.01258	0.01428	0.06208	0.10264	0.06916	0.01589	0.00241	0.60729	0.00612	0.00279	0.00527
24	0.01224	0.01188	0.02076	0.18313	0.58184	0.01227	0.07058	0.01551	0.01161	0.01626	0.00974	0.01317	0.00797	0.00473	0.00524	0.00160	0.00653	0.00475	0.00253	0.00767
25	0.01229	0.01405	0.03073	0.02195	0.02722	0.01317	0.76558	0.01668	0.01229	0.01668	0.01054	0.01405	0.00790	0.00439	0.00615	0.00176	0.00878	0.00615	0.00263	0.00702
26	0.01002	0.00790	0.01048	0.02766	0.01212	0.00799	0.06259	0.15160	0.01378	0.01792	0.02839	0.11484	0.20903	0.03164	0.05169	0.00239	0.00513	0.22476	0.00452	0.00554
27	0.00699	0.00522	0.00615	0.00603	0.00713	0.00475	0.00428	0.00854	0.01224	0.01634	0.37343	0.07960	0.26683	0.16785	0.01011	0.00236	0.00304	0.00981	0.00491	0.00438
28	0.01169	0.01147	0.01238	0.01118	0.01236	0.15199	0.00890	0.06492	0.01051	0.01378	0.01058	0.01510	0.00967	0.02141	0.35681	0.00474	0.25942	0.00480	0.00278	0.00552
29	0.01189	0.00991	0.01164	0.00868	0.01286	0.00860	0.01810	0.11174	0.05055	0.01941	0.05934	0.01330	0.01088	0.00488	0.00458	0.00103	0.02203	0.00391	0.00361	0.61303
30	0.49939	0.05799	0.09334	0.00859	0.01248	0.01186	0.00790	0.08481	0.01162	0.12444	0.03788	0.01143	0.00864	0.00538	0.00397	0.00158	0.00466	0.00366	0.00376	0.00661
31	0.01165	0.01079	0.01613	0.41266	0.19024	0.03978	0.02967	0.06209	0.01188	0.01607	0.00981	0.01320	0.00766	0.00499	0.00497	0.00153	0.00629	0.00443	0.02997	0.11618
32	0.00633	0.00523	0.00556	0.00559	0.00717	0.00445	0.00415	0.00777	0.01211	0.01492	0.14845	0.10453	0.62959	0.01308	0.00619	0.00177	0.00264	0.01106	0.00496	0.00445
33	0.00668	0.00480	0.00622	0.03268	0.00833	0.00454	0.00498	0.00784	0.01035	0.01395	0.04817	0.64091	0.10837	0.01485	0.00635	0.00200	0.00306	0.01332	0.05825	0.00435
34	0.01228	0.01212	0.01888	0.29054	0.48391	0.06193	0.01509	0.01539	0.01156	0.01550	0.00950	0.01300	0.00771	0.00488	0.00514	0.00160	0.00664	0.00455	0.00250	0.00728
35	0.00635	0.00463	0.00595	0.00699	0.00745	0.00427	0.00470	0.00728	0.01014	0.01331	0.03122	0.70852	0.12066	0.03313	0.00702	0.00214	0.00302	0.01421	0.00480	0.00423
36	0.01157	0.01142	0.01611	0.60006	0.03101	0.08979	0.04087	0.05923	0.01160	0.01449	0.00922	0.01320	0.00706	0.00550	0.00595	0.00172	0.05807	0.00456	0.00253	0.00603
37	0.00920	0.00597	0.00746	0.00681	0.00810	0.00570	0.00495	0.04778	0.01355	0.07512	0.50829	0.03492	0.03740	0.19954	0.01081	0.00243	0.00337	0.00845	0.00515	0.00498
38	0.01051	0.00979	0.01582	0.67419	0.03264	0.01208	0.03243	0.04299	0.04858	0.01452	0.00987	0.01398	0.00748	0.00552	0.00586	0.00176	0.04863	0.00473	0.00258	0.00605
39	0.43113	0.03390	0.19428	0.01038	0.01460	0.01213	0.06496	0.05810	0.01063	0.02074	0.00888	0.01053	0.00679	0.00519	0.00467	0.00162	0.04489	0.00363	0.05655	0.00639
40	0.01292	0.07184	0.05829	0.14883	0.04572	0.06277	0.01028	0.08181	0.36306	0.01903	0.01727	0.01749	0.05528	0.00652	0.00512	0.00165	0.00537	0.00531	0.00408	0.00736
41	0.07388	0.01280	0.06504	0.09274	0.48985	0.01202	0.09935	0.01565	0.01145	0.01709	0.00959	0.01255	0.00778	0.00465	0.00504	0.00155	0.00634	0.00454	0.00262	0.05546
42	0.08442	0.04263	0.09263	0.24129	0.18176	0.11920	0.02884	0.05682	0.01211	0.01642	0.02324	0.05793	0.00943	0.00579	0.00498	0.00161	0.00657	0.00485	0.00285	0.00664
43	0.08815	0.42148	0.04749	0.01094	0.07939	0.11217	0.00892	0.01499	0.01106	0.01396	0.01308	0.01482	0.09234	0.04566	0.00516	0.00151	0.00569	0.00419	0.00273	0.00626
44	0.02971	0.00775	0.03659	0.05897	0.01163	0.00748	0.00699	0.09378	0.01230	0.09279	0.07835	0.36310	0.06621	0.06087	0.00778	0.00209	0.04363	0.00989	0.00458	0.00552

[dist]
# distance from previous block
# <min> <max>
1	15

[block]
# block no. 6 follows, 47 sequences, length 37
# corresponding to MSA columns:
# 352-388
name=unknown_G
#
# <colnr> <probs for GDERKNQSTAVLIFYWHMCP>
#	G	D	E	R	K	N	Q	S	T	A	V	L	I	F	Y	W	H	M	C	P
0	0.15774	0.01261	0.01326	0.01048	0.01427	0.01384	0.00860	0.48690	0.06695	0.10655	0.02826	0.01349	0.01008	0.00617	0.00487	0.00158	0.00507	0.00461	0.02659	0.00810
1	0.01923	0.01417	0.03432	0.01158	0.01559	0.03400	0.00965	0.62736	0.02229	0.09712	0.01353	0.03392	0.00999	0.02555	0.00573	0.00166	0.00567	0.00501	0.00512	0.00851
2	0.01159	0.10956	0.60434	0.01391	0.02058	0.02640	0.03091	0.01665	0.01115	0.05177	0.00995	0.01207	0.00742	0.00529	0.00523	0.00162	0.03211	0.01949	0.00247	0.00748
3	0.01097	0.14697	0.67458	0.01395	0.02115	0.01338	0.01768	0.01636	0.01093	0.01585	0.00903	0.01060	0.00661	0.00487	0.00470	0.00157	0.00737	0.00369	0.00220	0.00754
4	0.00690	0.00502	0.00640	0.00663	0.00751	0.00463	0.00469	0.00856	0.01237	0.01693	0.40107	0.31392	0.11430	0.05771	0.00745	0.00201	0.00282	0.01138	0.00518	0.00452
5	0.01230	0.00736	0.00762	0.00669	0.00866	0.00776	0.00525	0.20618	0.01441	0.02286	0.01584	0.01764	0.01219	0.00611	0.00404	0.00130	0.00328	0.00481	0.62982	0.00588
6	0.00781	0.00532	0.00680	0.00667	0.00787	0.00485	0.00488	0.00974	0.01327	0.05594	0.48867	0.19914	0.12519	0.03181	0.00671	0.00183	0.00275	0.01046	0.00542	0.00487
7	0.00857	0.00563	0.00713	0.00658	0.00814	0.00507	0.00499	0.01080	0.01428	0.08705	0.59372	0.03891	0.16793	0.01070	0.00606	0.00166	0.00266	0.00931	0.00565	0.00517
8	0.00765	0.00540	0.00697	0.00763	0.00830	0.00537	0.00575	0.00892	0.00996	0.01309	0.02436	0.15658	0.06368	0.28969	0.06230	0.00360	0.00508	0.30743	0.00412	0.00413
9	0.01203	0.02990	0.01288	0.02276	0.01398	0.00840	0.05381	0.05857	0.02205	0.04979	0.01011	0.01150	0.00808	0.00422	0.00417	0.00095	0.00440	0.00352	0.00332	0.66558
10	0.60533	0.03137	0.01121	0.01154	0.13668	0.01251	0.00787	0.09709	0.01109	0.02308	0.00823	0.00962	0.00644	0.00495	0.00376	0.00158	0.00460	0.00332	0.00331	0.00644
11	0.01022	0.00638	0.00803	0.00713	0.00898	0.00593	0.00550	0.05871	0.01506	0.12665	0.55205	0.03553	0.11914	0.01006	0.00596	0.00164	0.00295	0.00871	0.00570	0.00565
12	0.00627	0.00525	0.00545	0.00547	0.00712	0.00443	0.00408	0.00767	0.01204	0.01463	0.11514	0.08149	0.68691	0.01310	0.00617	0.00176	0.00264	0.01102	0.00491	0.00443
13	0.03885	0.00872	0.01176	0.00909	0.01297	0.00761	0.00749	0.02446	0.01478	0.73743	0.05573	0.01853	0.01444	0.00661	0.00524	0.00161	0.00433	0.00538	0.00635	0.00862
14	0.00989	0.00933	0.01563	0.77804	0.03513	0.01172	0.01436	0.01328	0.01033	0.01328	0.00918	0.01380	0.00694	0.00534	0.00560	0.00175	0.03369	0.00463	0.00231	0.00578
15	0.00736	0.00510	0.00559	0.00559	0.00607	0.00492	0.00342	0.00781	0.00872	0.01149	0.02459	0.03673	0.19075	0.58178	0.03396	0.00417	0.00453	0.00817	0.04570	0.00355
16	0.01394	0.72922	0.07850	0.00952	0.01412	0.05614	0.00967	0.01590	0.01080	0.01256	0.00742	0.00858	0.00668	0.00453	0.00351	0.00116	0.00589	0.00288	0.00225	0.00672
17	0.64790	0.00950	0.00836	0.00724	0.01045	0.01048	0.00593	0.01661	0.01034	0.15339	0.06852	0.01236	0.01019	0.00555	0.00379	0.00161	0.00398	0.00373	0.00396	0.00613
18	0.01719	0.03914	0.01368	0.01049	0.01399	0.02647	0.00855	0.48900	0.03527	0.10359	0.07531	0.06700	0.06164	0.00760	0.00536	0.00160	0.00502	0.00606	0.00519	0.00786
19	0.01381	0.69176	0.06401	0.00940	0.01376	0.06992	0.00933	0.01572	0.01106	0.01289	0.04223	0.00993	0.00859	0.00482	0.00364	0.00118	0.00579	0.00317	0.00241	0.00661
20	0.00637	0.00498	0.00572	0.00617	0.00725	0.00439	0.00435	0.00756	0.01117	0.01411	0.09515	0.35190	0.40384	0.04366	0.00709	0.00201	0.00287	0.01227	0.00484	0.00432
21	0.01211	0.01407	0.06328	0.05242	0.11243	0.01318	0.55904	0.01615	0.01178	0.01626	0.01006	0.01356	0.00776	0.00484	0.00677	0.00177	0.06921	0.00569	0.00257	0.00705
22	0.01697	0.03112	0.01457	0.01302	0.07173	0.23786	0.00962	0.32253	0.11148	0.02242	0.01573	0.01590	0.08078	0.00659	0.00512	0.00153	0.00633	0.00500	0.00421	0.00747
23	0.00812	0.00627	0.00914	0.00954	0.02221	0.00611	0.05395	0.01052	0.03129	0.01561	0.10263	0.21338	0.07401	0.03829	0.00737	0.00224	0.00431	0.37541	0.00469	0.00489
24	0.05868	0.00493	0.00619	0.00715	0.00768	0.00475	0.00485	0.00791	0.01014	0.01431	0.07361	0.69780	0.03321	0.03404	0.00687	0.00212	0.00310	0.01356	0.00475	0.00433
25	0.01165	0.01279	0.04765	0.17565	0.04356	0.01308	0.41606	0.03433	0.01143	0.01568	0.01018	0.03499	0.00825	0.00569	0.00762	0.00183	0.13466	0.00568	0.00262	0.00659
26	0.01124	0.01137	0.04434	0.41931	0.34686	0.01200	0.05091	0.01469	0.01112	0.01512	0.00954	0.01338	0.00752	0.00492	0.00522	0.00165	0.00674	0.00468	0.00244	0.00693
27	0.01063	0.00648	0.00918	0.07261	0.05806	0.00682	0.00655	0.07258	0.02731	0.02632	0.01048	0.01560	0.00937	0.01387	0.01505	0.55887	0.00475	0.00462	0.06694	0.00391
28	0.00825	0.00610	0.00826	0.00764	0.00841	0.00607	0.06210	0.04213	0.00949	0.01282	0.03944	0.17363	0.03303	0.48113	0.06108	0.00407	0.00532	0.00861	0.01835	0.00408
29	0.01260	0.03568	0.09023	0.10280	0.02453	0.03645	0.46013	0.01641	0.01199	0.07455	0.01196	0.06332	0.00963	0.00553	0.00596	0.00173	0.02061	0.00605	0.00297	0.00685
30	0.01072	0.09866	0.66075	0.07445	0.02271	0.01284	0.01793	0.01617	0.01091	0.01586	0.00914	0.01097	0.00663	0.00492	0.00482	0.00161	0.00744	0.00381	0.00221	0.00746
31	0.01222	0.00999	0.04714	0.17931	0.06882	0.01017	0.02079	0.05583	0.19474	0.10446	0.15772	0.02053	0.01824	0.00937	0.06567	0.00219	0.00564	0.00595	0.00432	0.00689
32	0.07729	0.07610	0.06636	0.04978	0.11305	0.12441	0.13330	0.05139	0.01188	0.06392	0.00955	0.01198	0.00764	0.00645	0.02268	0.00181	0.15829	0.00442	0.00290	0.00680
33	0.08485	0.02740	0.01445	0.12063	0.01774	0.03249	0.00976	0.46493	0.05114	0.08046	0.01361	0.01404	0.03281	0.00620	0.00504	0.00160	0.00559	0.00475	0.00462	0.00790
34	0.01208	0.01341	0.03907	0.25806	0.04359	0.15035	0.19449	0.01512	0.01191	0.01486	0.06914	0.01749	0.01178	0.00632	0.00652	0.00174	0.07406	0.05103	0.00287	0.00611
35	0.00972	0.00877	0.05616	0.03269	0.01006	0.06673	0.00629	0.05708	0.01043	0.03147	0.01841	0.15714	0.03527	0.39851	0.01592	0.00340	0.01406	0.05966	0.00365	0.00457
36	0.06144	0.00579	0.00808	0.08797	0.01044	0.00623	0.00591	0.00935	0.05506	0.01129	0.01010	0.01630	0.00949	0.01521	0.01655	0.64013	0.00472	0.02013	0.00257	0.00325

[dist]
# distance from previous block
# <min> <max>
4	13

[block]
# block no. 7 follows, 47 sequences, length 19
# corresponding to MSA columns:
# 462-480
name=unknown_H
#
# <colnr> <probs for GDERKNQSTAVLIFYWHMCP>
#	G	D	E	R	K	N	Q	S	T	A	V	L	I	F	Y	W	H	M	C	P
0	0.04571	0.38010	0.17564	0.05387	0.01593	0.08203	0.01076	0.03291	0.01129	0.04097	0.01045	0.07713	0.00953	0.02747	0.00488	0.00151	0.00608	0.00440	0.00276	0.00657
1	0.07475	0.18214	0.04251	0.00886	0.01208	0.01234	0.00756	0.20927	0.04810	0.01935	0.01709	0.07824	0.09522	0.10435	0.00733	0.00191	0.00482	0.00585	0.00386	0.06436
2	0.22904	0.04870	0.37268	0.05175	0.01762	0.01151	0.01277	0.01688	0.04143	0.09230	0.03172	0.01312	0.02859	0.00550	0.00456	0.00163	0.00591	0.00413	0.00316	0.00700
3	0.05462	0.07486	0.03624	0.02609	0.02543	0.28616	0.00949	0.21325	0.03143	0.14013	0.01328	0.01346	0.04090	0.00601	0.00485	0.00148	0.00664	0.00435	0.00404	0.00728
4	0.01516	0.01302	0.07724	0.01073	0.01451	0.01253	0.00916	0.37343	0.15506	0.03910	0.01499	0.07359	0.01232	0.05119	0.00632	0.00175	0.00513	0.00556	0.00461	0.10458
5	0.00968	0.05132	0.00993	0.00814	0.00951	0.00835	0.02284	0.11352	0.01092	0.01473	0.03613	0.02577	0.07146	0.30579	0.24813	0.00485	0.03413	0.00649	0.00343	0.00488
6	0.35652	0.01318	0.10080	0.01084	0.03838	0.07960	0.06409	0.01724	0.11484	0.04257	0.06024	0.05720	0.01203	0.00620	0.00454	0.00165	0.00521	0.00485	0.00362	0.00642
7	0.01106	0.01067	0.01741	0.53175	0.23944	0.03123	0.03466	0.01469	0.03109	0.01462	0.00972	0.01365	0.00756	0.00508	0.00521	0.00168	0.00677	0.00467	0.00248	0.00656
8	0.00633	0.00478	0.00586	0.00666	0.00742	0.00431	0.00459	0.00742	0.01071	0.01383	0.06672	0.56549	0.24664	0.01520	0.00649	0.00199	0.00289	0.01350	0.00487	0.00431
9	0.01208	0.00968	0.01140	0.03162	0.01339	0.00787	0.00679	0.07617	0.01211	0.05307	0.01004	0.01134	0.00802	0.00421	0.00407	0.00090	0.00413	0.00336	0.00339	0.71634
10	0.00753	0.00558	0.00777	0.00773	0.00840	0.00631	0.00568	0.00885	0.00828	0.01167	0.01571	0.04483	0.03401	0.23777	0.53407	0.00700	0.03512	0.00643	0.00297	0.00428
11	0.01159	0.01373	0.06950	0.07363	0.02610	0.01234	0.61763	0.01575	0.01192	0.01619	0.01172	0.07275	0.00972	0.00535	0.00605	0.00178	0.00817	0.00655	0.00275	0.00677
12	0.00673	0.00500	0.00632	0.00702	0.00789	0.00460	0.00512	0.00815	0.01137	0.01493	0.15028	0.43475	0.19475	0.01453	0.00653	0.00200	0.00308	0.10753	0.00497	0.00444
13	0.00905	0.00452	0.00678	0.00678	0.00678	0.00452	0.00452	0.00678	0.00678	0.00905	0.00905	0.01583	0.00905	0.01809	0.02035	0.84848	0.00452	0.00452	0.00226	0.00226
14	0.01951	0.02300	0.01491	0.01316	0.01611	0.65765	0.01003	0.15326	0.01648	0.01631	0.00884	0.00994	0.00709	0.00552	0.00479	0.00138	0.00874	0.00359	0.00313	0.00654
15	0.00717	0.00532	0.00668	0.00634	0.00766	0.00483	0.00476	0.00944	0.01427	0.01976	0.66184	0.04075	0.16974	0.01106	0.00614	0.00166	0.00249	0.00968	0.00559	0.00483
16	0.16656	0.01715	0.01437	0.01323	0.07874	0.28514	0.00971	0.31347	0.01731	0.02289	0.00981	0.01074	0.00749	0.00556	0.00468	0.00149	0.00674	0.00389	0.00377	0.00726
17	0.03583	0.01227	0.01991	0.08653	0.64487	0.01261	0.01509	0.07802	0.01272	0.01822	0.00991	0.01281	0.00813	0.00482	0.00511	0.00156	0.00615	0.00459	0.00279	0.00805
18	0.01095	0.00932	0.00979	0.00904	0.01057	0.09820	0.00681	0.11595	0.06762	0.01532	0.01412	0.02087	0.01317	0.19112	0.37764	0.00545	0.00971	0.00564	0.00337	0.00534

[dist]
# distance from previous block
# <min> <max>
1	4

[block]
# block no. 8 follows, 47 sequences, length 19
# corresponding to MSA columns:
# 485-503
name=unknown_I
#
# <colnr> <probs for GDERKNQSTAVLIFYWHMCP>
#	G	D	E	R	K	N	Q	S	T	A	V	L	I	F	Y	W	H	M	C	P
0	0.01433	0.01054	0.01158	0.00956	0.01261	0.03918	0.00762	0.28556	0.07386	0.08855	0.08824	0.05758	0.07597	0.01115	0.09432	0.00230	0.00567	0.00611	0.00472	0.10052
1	0.00950	0.00516	0.00518	0.00513	0.00647	0.00515	0.00386	0.01233	0.04294	0.01900	0.02062	0.02239	0.08785	0.00680	0.00395	0.00129	0.00252	0.00549	0.72941	0.00495
2	0.01607	0.00810	0.01034	0.00853	0.01136	0.00763	0.00680	0.09985	0.04214	0.36669	0.30394	0.05212	0.02681	0.00835	0.00562	0.00164	0.00378	0.00708	0.00595	0.00721
3	0.01392	0.82012	0.02729	0.00891	0.01337	0.02061	0.00891	0.01559	0.01058	0.01225	0.00724	0.00835	0.00668	0.00446	0.00334	0.00111	0.00557	0.00278	0.00223	0.00668
4	0.13665	0.00903	0.01148	0.00894	0.01285	0.00820	0.00738	0.02401	0.01408	0.68378	0.01873	0.01646	0.01190	0.00623	0.00496	0.00161	0.00438	0.00491	0.00601	0.00842
5	0.05544	0.00912	0.01188	0.00929	0.01319	0.00830	0.00763	0.02519	0.08463	0.68715	0.02008	0.01751	0.01288	0.00644	0.00516	0.00163	0.00439	0.00520	0.00621	0.00868
6	0.00634	0.00518	0.00560	0.00571	0.00720	0.00444	0.00420	0.00775	0.01199	0.01486	0.14562	0.15279	0.58365	0.01328	0.00622	0.00179	0.00267	0.01130	0.00495	0.00444
7	0.01398	0.00998	0.01111	0.00976	0.01269	0.01091	0.00765	0.02475	0.53779	0.15641	0.09490	0.02223	0.04951	0.00755	0.00540	0.00173	0.00396	0.00632	0.00552	0.00788
8	0.77211	0.00957	0.00738	0.00666	0.00968	0.01102	0.00545	0.01500	0.00906	0.02298	0.00819	0.00952	0.00639	0.00495	0.00326	0.00157	0.00387	0.00302	0.08474	0.00556
9	0.00689	0.00530	0.00632	0.00646	0.00767	0.00484	0.00469	0.00898	0.03949	0.01659	0.30751	0.25205	0.28839	0.01290	0.00625	0.00181	0.00273	0.01128	0.00517	0.00467
10	0.00840	0.00611	0.00867	0.01023	0.03895	0.00609	0.00839	0.01070	0.01182	0.01546	0.02701	0.11663	0.02953	0.01418	0.00708	0.00234	0.00471	0.66412	0.00472	0.00488
11	0.01214	0.00921	0.01089	0.00799	0.01237	0.00722	0.00639	0.04026	0.01164	0.09197	0.01127	0.04507	0.00937	0.00471	0.00415	0.00094	0.00394	0.00384	0.00356	0.70308
12	0.01080	0.00926	0.01080	0.00771	0.01234	0.00694	0.00617	0.01311	0.01080	0.01697	0.00926	0.01080	0.00771	0.00386	0.00386	0.00077	0.00386	0.00309	0.00309	0.84882
13	0.01179	0.00922	0.01090	0.00784	0.01242	0.00700	0.00629	0.01408	0.01112	0.07783	0.01015	0.01135	0.00812	0.00406	0.00397	0.00084	0.00390	0.00326	0.00335	0.78253
14	0.00634	0.00453	0.00604	0.00725	0.00755	0.00423	0.00483	0.00725	0.00997	0.01329	0.02870	0.81358	0.03444	0.01632	0.00665	0.00211	0.00302	0.01480	0.00483	0.00423
15	0.00718	0.00510	0.00687	0.00797	0.00858	0.00493	0.00599	0.00856	0.01051	0.01387	0.02732	0.47860	0.03160	0.07881	0.00841	0.00245	0.00382	0.28038	0.00469	0.00435
16	0.01045	0.02694	0.79000	0.01484	0.02254	0.01209	0.01924	0.01649	0.01099	0.01649	0.00935	0.01099	0.00660	0.00495	0.00495	0.00165	0.00770	0.00385	0.00220	0.00770
17	0.00799	0.00696	0.01074	0.00984	0.01094	0.00730	0.10313	0.00951	0.01026	0.01393	0.06579	0.40942	0.10112	0.04586	0.04077	0.00240	0.12431	0.01083	0.00407	0.00484
18	0.01210	0.01487	0.08784	0.02095	0.02638	0.01289	0.68424	0.01655	0.01214	0.01668	0.01040	0.01371	0.00780	0.00441	0.00598	0.00172	0.00854	0.00587	0.00262	0.03432

[dist]
# distance from previous block
# <min> <max>
0	2

[block]
# block no. 9 follows, 47 sequences, length 10
# corresponding to MSA columns:
# 515-524
name=unknown_J
#
# <colnr> <probs for GDERKNQSTAVLIFYWHMCP>
#	G	D	E	R	K	N	Q	S	T	A	V	L	I	F	Y	W	H	M	C	P
0	0.05595	0.01346	0.03810	0.03433	0.01494	0.07788	0.00914	0.46144	0.03623	0.02563	0.01498	0.16545	0.01345	0.00798	0.00534	0.00166	0.00550	0.00642	0.00465	0.00744
1	0.01102	0.01425	0.14958	0.01917	0.11322	0.01150	0.39454	0.01481	0.01146	0.01595	0.01318	0.14846	0.01217	0.00672	0.00635	0.00179	0.03918	0.00699	0.00291	0.00676
2	0.00954	0.00891	0.01470	0.57922	0.02909	0.01095	0.03744	0.01242	0.01016	0.01334	0.01199	0.13446	0.01112	0.00725	0.00664	0.00185	0.08641	0.00621	0.00270	0.00558
3	0.00995	0.00789	0.01070	0.00978	0.01105	0.00950	0.00782	0.12432	0.01074	0.01529	0.01257	0.01778	0.01138	0.02923	0.54999	0.00635	0.14186	0.00528	0.00307	0.00546
4	0.00948	0.00710	0.00939	0.00875	0.01000	0.00813	0.00674	0.12368	0.01068	0.01496	0.01380	0.02082	0.01298	0.14265	0.53732	0.00663	0.04293	0.00569	0.00319	0.00512
5	0.04448	0.00605	0.00738	0.18383	0.01290	0.00664	0.00614	0.01253	0.01072	0.01821	0.01486	0.01773	0.01160	0.00582	0.00397	0.00135	0.00350	0.00472	0.62248	0.00509
6	0.08984	0.00843	0.01094	0.00865	0.01219	0.00757	0.00707	0.02219	0.01438	0.60875	0.13444	0.02016	0.01777	0.00695	0.00521	0.00162	0.00410	0.00567	0.00607	0.00800
7	0.00679	0.00523	0.00619	0.00609	0.00746	0.00464	0.00452	0.00864	0.01315	0.01744	0.41877	0.11133	0.34660	0.01218	0.00619	0.00173	0.00258	0.01053	0.00529	0.00464
8	0.01537	0.01058	0.01177	0.01017	0.01337	0.01157	0.00803	0.05336	0.54789	0.19815	0.02177	0.01980	0.04017	0.00709	0.00531	0.00172	0.00420	0.00586	0.00554	0.00828
9	0.00669	0.00530	0.00601	0.00583	0.00736	0.00462	0.00437	0.00850	0.01312	0.01704	0.37089	0.04522	0.46240	0.01208	0.00615	0.00171	0.00256	0.01030	0.00523	0.00462

[dist]
# distance from previous block
# <min> <max>
0	3

[block]
# block no. 10 follows, 47 sequences, length 7
# corresponding to MSA columns:
# 528-534
name=unknown_K
#
# <colnr> <probs for GDERKNQSTAVLIFYWHMCP>
#	G	D	E	R	K	N	Q	S	T	A	V	L	I	F	Y	W	H	M	C	P
0	0.01656	0.00814	0.00978	0.00797	0.01102	0.00759	0.00643	0.12062	0.01485	0.37548	0.02657	0.02502	0.19629	0.00797	0.00519	0.00158	0.00386	0.00647	0.14146	0.00715
1	0.00866	0.00668	0.00808	0.00749	0.00911	0.00678	0.00568	0.01396	0.19079	0.02109	0.60565	0.03439	0.04144	0.00982	0.00595	0.00167	0.00284	0.00860	0.00563	0.00568
2	0.00637	0.00492	0.00582	0.00637	0.00736	0.00437	0.00448	0.00760	0.01123	0.01438	0.11494	0.42231	0.34227	0.01446	0.00639	0.00192	0.00281	0.01270	0.00493	0.00437
3	0.02062	0.01326	0.01481	0.01135	0.01549	0.01418	0.00938	0.59539	0.02227	0.20770	0.01436	0.01371	0.00979	0.00630	0.00522	0.00157	0.00543	0.00482	0.00550	0.00886
4	0.02036	0.00896	0.01178	0.00889	0.01307	0.00748	0.00730	0.02245	0.01392	0.60383	0.01785	0.01607	0.01165	0.00583	0.00491	0.00141	0.00429	0.00472	0.00564	0.20958
5	0.00723	0.00511	0.00672	0.00701	0.00741	0.00537	0.00475	0.00811	0.00843	0.01157	0.01847	0.21552	0.02054	0.34970	0.29484	0.00553	0.00772	0.00859	0.00343	0.00394
6	0.00998	0.01348	0.20067	0.61578	0.03268	0.01170	0.01560	0.01407	0.01055	0.01407	0.00928	0.01319	0.00686	0.00514	0.00514	0.00171	0.00712	0.00444	0.00229	0.00624

[dist]
# distance from previous block
# <min> <max>
2	7

[block]
# block no. 11 follows, 47 sequences, length 33
# corresponding to MSA columns:
# 583,628-633,656-675,683-688
name=unknown_L
#
# <colnr> <probs for GDERKNQSTAVLIFYWHMCP>
#	G	D	E	R	K	N	Q	S	T	A	V	L	I	F	Y	W	H	M	C	P
0	0.20214	0.05598	0.48974	0.01185	0.01762	0.01155	0.01407	0.01535	0.01077	0.01813	0.07320	0.03668	0.01073	0.00571	0.00463	0.00163	0.00619	0.00436	0.00280	0.00685
1	0.01338	0.55333	0.19959	0.01071	0.01564	0.04212	0.01144	0.03994	0.01113	0.01390	0.00789	0.00926	0.00674	0.00486	0.00442	0.00131	0.04190	0.00318	0.00233	0.00692
2	0.01095	0.01039	0.01763	0.52301	0.30862	0.01186	0.01502	0.01428	0.01094	0.01466	0.00945	0.01352	0.00742	0.00500	0.00519	0.00167	0.00667	0.00463	0.00241	0.00668
3	0.11522	0.01365	0.01668	0.18139	0.06877	0.08452	0.09750	0.31831	0.01659	0.02292	0.01040	0.01224	0.00773	0.00547	0.00503	0.00161	0.00649	0.00450	0.00367	0.00732
4	0.10756	0.10118	0.01671	0.52744	0.12316	0.01270	0.01301	0.01413	0.01043	0.01480	0.00887	0.01251	0.00693	0.00501	0.00476	0.00163	0.00636	0.00421	0.00244	0.00618
5	0.01980	0.01459	0.01563	0.01198	0.01615	0.01615	0.00990	0.76713	0.02448	0.03282	0.01250	0.01250	0.00886	0.00625	0.00521	0.00156	0.00573	0.00469	0.00521	0.00886
6	0.00650	0.00482	0.00577	0.00645	0.00710	0.00441	0.00431	0.00737	0.01010	0.01298	0.03331	0.47397	0.23828	0.14788	0.00980	0.00250	0.00325	0.01256	0.00456	0.00410
7	0.00967	0.00626	0.00797	0.00729	0.00896	0.00598	0.00555	0.01322	0.08949	0.10712	0.58445	0.07212	0.04106	0.01009	0.00598	0.00167	0.00287	0.00886	0.00573	0.00565
8	0.63772	0.01291	0.08601	0.00852	0.01227	0.04718	0.00767	0.10198	0.01113	0.02330	0.00810	0.00922	0.00615	0.00503	0.00369	0.00160	0.00482	0.00316	0.00333	0.00623
9	0.01903	0.00818	0.01071	0.00867	0.01200	0.00728	0.00698	0.04136	0.03623	0.56658	0.04004	0.10017	0.10250	0.00828	0.00550	0.00168	0.00408	0.00692	0.00602	0.00781
10	0.00639	0.00517	0.00559	0.00571	0.00712	0.00446	0.00414	0.00771	0.01173	0.01454	0.12995	0.15118	0.56171	0.05226	0.00721	0.00195	0.00279	0.01116	0.00486	0.00437
11	0.00657	0.00476	0.00584	0.00660	0.00707	0.00443	0.00434	0.00735	0.00977	0.01274	0.02994	0.52718	0.15035	0.18504	0.01077	0.00268	0.00339	0.01267	0.00448	0.00403
12	0.01843	0.19891	0.01820	0.01142	0.01551	0.09405	0.00969	0.52253	0.02036	0.02616	0.01087	0.01125	0.00815	0.00576	0.00473	0.00144	0.00605	0.00412	0.00428	0.00808
13	0.01258	0.01201	0.02016	0.10904	0.67454	0.01232	0.01548	0.01623	0.04571	0.01685	0.01025	0.01328	0.00846	0.00481	0.00517	0.00158	0.00617	0.00469	0.00267	0.00800
14	0.09286	0.00580	0.00703	0.00658	0.00801	0.00560	0.00499	0.01038	0.01415	0.02113	0.70352	0.03583	0.04474	0.01006	0.00585	0.00164	0.00262	0.00875	0.00548	0.00499
15	0.00770	0.00554	0.00743	0.00754	0.00876	0.00527	0.00605	0.01014	0.01384	0.01916	0.53585	0.04537	0.04289	0.01187	0.00648	0.00189	0.00322	0.25071	0.00543	0.00488
16	0.01207	0.00922	0.01093	0.00787	0.01244	0.00701	0.00632	0.01435	0.01121	0.09486	0.01040	0.01150	0.00824	0.00412	0.00400	0.00086	0.00391	0.00330	0.00342	0.76398
17	0.02159	0.00869	0.01166	0.00911	0.01287	0.00769	0.00746	0.02426	0.05171	0.69007	0.08101	0.01949	0.01591	0.00681	0.00531	0.00162	0.00426	0.00560	0.00633	0.00852
18	0.01617	0.01103	0.01229	0.01045	0.01378	0.01208	0.00830	0.11202	0.51113	0.20228	0.02005	0.01824	0.01439	0.00683	0.00527	0.00171	0.00438	0.00560	0.00556	0.00846
19	0.00831	0.00536	0.00629	0.00603	0.00674	0.00510	0.00389	0.00911	0.01003	0.05936	0.18406	0.03594	0.11111	0.50582	0.01859	0.00374	0.00419	0.00821	0.00409	0.00401
20	0.01901	0.01420	0.01519	0.01182	0.01585	0.01578	0.00971	0.68224	0.11065	0.03155	0.01350	0.01330	0.00966	0.00634	0.00522	0.00159	0.00555	0.00483	0.00522	0.00879
21	0.01264	0.01113	0.01323	0.09131	0.10425	0.01275	0.00974	0.02491	0.61209	0.02040	0.01871	0.01813	0.01414	0.00660	0.00527	0.00174	0.00464	0.00562	0.00469	0.00800
22	0.00633	0.00520	0.00538	0.00547	0.00692	0.00446	0.00393	0.00747	0.01125	0.01356	0.04688	0.10457	0.64117	0.10406	0.00849	0.00216	0.00294	0.01089	0.00465	0.00424
23	0.01881	0.01144	0.01314	0.01049	0.01419	0.01203	0.00853	0.31211	0.19385	0.28209	0.05446	0.01712	0.01378	0.00672	0.00528	0.00163	0.00477	0.00538	0.00567	0.00853
24	0.01865	0.01532	0.01548	0.01231	0.01581	0.10559	0.01005	0.57963	0.03849	0.02798	0.01155	0.01218	0.00854	0.00649	0.00649	0.00162	0.09652	0.00455	0.00459	0.00816
25	0.00698	0.00486	0.00580	0.00628	0.00653	0.00467	0.00389	0.00744	0.00885	0.01167	0.02397	0.34860	0.08021	0.43715	0.01706	0.00363	0.00406	0.01073	0.00395	0.00368
26	0.01979	0.01298	0.01444	0.01125	0.01525	0.01398	0.00923	0.52547	0.10709	0.19274	0.01520	0.01440	0.01051	0.00638	0.00523	0.00160	0.00527	0.00494	0.00548	0.00879
27	0.01293	0.01228	0.02072	0.06907	0.72726	0.01244	0.01574	0.03614	0.01213	0.01726	0.00984	0.01293	0.00820	0.00471	0.00516	0.00156	0.00621	0.00464	0.00264	0.00815
28	0.00945	0.00658	0.00948	0.18939	0.01553	0.00682	0.00833	0.01157	0.01141	0.09050	0.02584	0.22657	0.10947	0.01185	0.00630	0.00203	0.00457	0.24467	0.00441	0.00524
29	0.00673	0.00506	0.00561	0.00583	0.00668	0.00461	0.00387	0.00754	0.01008	0.01272	0.05721	0.18933	0.34851	0.29757	0.01344	0.00298	0.00356	0.01046	0.00427	0.00394
30	0.00912	0.00499	0.00766	0.08542	0.00965	0.00522	0.00550	0.00743	0.00714	0.00947	0.00907	0.01564	0.00884	0.01682	0.01886	0.76501	0.00476	0.00453	0.00227	0.00261
31	0.01058	0.01039	0.01871	0.58962	0.11888	0.01192	0.13724	0.01416	0.01088	0.01427	0.00953	0.01380	0.00725	0.00501	0.00535	0.00172	0.00716	0.00488	0.00240	0.00627
32	0.01797	0.01485	0.01561	0.01422	0.10397	0.09214	0.01037	0.49949	0.13153	0.02742	0.01302	0.01325	0.00960	0.00610	0.00517	0.00157	0.00591	0.00473	0.00467	0.00842

[dist]
# distance from previous block
# <min> <max>
3	8

[block]
# block no. 12 follows, 47 sequences, length 63
# corresponding to MSA columns:
# 728-738,762-813
name=unknown_M
#
# <colnr> <probs for GDERKNQSTAVLIFYWHMCP>
#	G	D	E	R	K	N	Q	S	T	A	V	L	I	F	Y	W	H	M	C	P
0	0.01505	0.01257	0.01317	0.01267	0.10815	0.13308	0.00883	0.05376	0.20154	0.13179	0.04684	0.01526	0.01222	0.00576	0.00486	0.00140	0.00518	0.00467	0.00421	0.20900
