[name]
unknown

[dist]
# distance from previous block
# <min> <max>
0	35

[block]
# block no. 0 follows, 46 sequences, length 35
# corresponding to MSA columns:
# 40-74
name=unknown_A
#
# <colnr> <probs for GDERKNQSTAVLIFYWHMCP>
#	G	D	E	R	K	N	Q	S	T	A	V	L	I	F	Y	W	H	M	C	P
0	0.00852	0.00608	0.00852	0.00974	0.01095	0.00608	0.00852	0.01095	0.01217	0.01582	0.02799	0.05963	0.03042	0.01460	0.00730	0.00243	0.00487	0.74565	0.00487	0.00487
1	0.01060	0.02735	0.78682	0.01507	0.02288	0.01228	0.01953	0.01674	0.01116	0.01674	0.00949	0.01116	0.00670	0.00502	0.00502	0.00167	0.00781	0.00391	0.00223	0.00781
2	0.00763	0.00488	0.00578	0.00625	0.00668	0.00474	0.00405	0.00855	0.00958	0.01377	0.04172	0.33355	0.03933	0.29181	0.01333	0.01593	0.00366	0.01005	0.17466	0.00403
3	0.03268	0.01317	0.05390	0.03099	0.04305	0.02873	0.00964	0.40191	0.10450	0.08731	0.07188	0.01768	0.05002	0.00692	0.00532	0.00163	0.00526	0.00549	0.02188	0.00805
4	0.00699	0.00511	0.00667	0.00756	0.00835	0.00479	0.00560	0.00847	0.01135	0.01497	0.11645	0.46727	0.12514	0.01510	0.00675	0.00211	0.00335	0.17445	0.00500	0.00452
5	0.01985	0.01469	0.01573	0.01211	0.01630	0.01628	0.00999	0.73797	0.05088	0.03293	0.01300	0.01294	0.00924	0.00637	0.00529	0.00159	0.00576	0.00480	0.00529	0.00897
6	0.80107	0.05888	0.00897	0.00708	0.01043	0.01241	0.00593	0.01556	0.00910	0.02304	0.00736	0.00858	0.00579	0.00488	0.00328	0.00161	0.00418	0.00286	0.00321	0.00579
7	0.11877	0.02191	0.01405	0.01257	0.01549	0.60013	0.00958	0.08007	0.05152	0.01630	0.00908	0.01016	0.00730	0.00554	0.00466	0.00143	0.00833	0.00357	0.00312	0.00642
8	0.03689	0.01084	0.01592	0.01196	0.01622	0.01021	0.13879	0.14942	0.01613	0.47471	0.03617	0.01666	0.01218	0.00617	0.00543	0.00164	0.00542	0.00540	0.00551	0.02433
9	0.00651	0.00477	0.00612	0.00704	0.00762	0.00438	0.00480	0.00763	0.01081	0.01431	0.10191	0.64388	0.12950	0.01563	0.00664	0.00206	0.00297	0.01404	0.00499	0.00438
10	0.01238	0.01185	0.02019	0.20622	0.61294	0.01238	0.01588	0.01561	0.01171	0.01642	0.00982	0.01331	0.00807	0.00484	0.00525	0.00161	0.00645	0.00471	0.00256	0.00781
11	0.01415	0.01185	0.01252	0.01096	0.01413	0.01362	0.00861	0.13412	0.66403	0.02373	0.02024	0.01871	0.01511	0.00705	0.00537	0.00176	0.00442	0.00580	0.00537	0.00846
12	0.00738	0.00500	0.00586	0.00616	0.00624	0.00492	0.00363	0.00761	0.00829	0.01105	0.01975	0.22671	0.02312	0.61678	0.02192	0.00439	0.00462	0.00950	0.00363	0.00347
13	0.11484	0.01212	0.01217	0.01006	0.01338	0.12296	0.00808	0.09683	0.09092	0.34535	0.03424	0.01566	0.01188	0.00644	0.00547	0.00162	0.03994	0.00482	0.04551	0.00771
14	0.00998	0.00940	0.01586	0.80150	0.03641	0.01175	0.01468	0.01351	0.01057	0.01351	0.00940	0.01409	0.00705	0.00529	0.00529	0.00176	0.00705	0.00470	0.00235	0.00587
15	0.01784	0.01102	0.01216	0.00965	0.01301	0.01167	0.00786	0.42406	0.01929	0.15979	0.01539	0.01559	0.01098	0.00633	0.00484	0.00150	0.00464	0.00490	0.24163	0.00785
16	0.00678	0.00535	0.00611	0.00597	0.00748	0.00468	0.00446	0.00859	0.01321	0.01717	0.35840	0.07351	0.44467	0.01241	0.00626	0.00175	0.00261	0.01062	0.00529	0.00468
17	0.01337	0.01215	0.01140	0.01030	0.01312	0.10983	0.00796	0.02420	0.54052	0.04738	0.02440	0.02283	0.12397	0.00782	0.00542	0.00173	0.00465	0.00637	0.00502	0.00755
18	0.00968	0.00494	0.00500	0.00500	0.00613	0.00494	0.00366	0.01194	0.01081	0.01893	0.01720	0.02093	0.01402	0.07259	0.00560	0.00155	0.00268	0.00515	0.77447	0.00479
19	0.00659	0.00471	0.00631	0.00753	0.00791	0.00442	0.00517	0.00762	0.01027	0.01367	0.02905	0.75581	0.03463	0.01642	0.00679	0.00217	0.00320	0.06848	0.00490	0.00434
20	0.02237	0.00964	0.01258	0.00975	0.01369	0.00892	0.00803	0.12862	0.01615	0.63906	0.01936	0.01739	0.01252	0.00824	0.04630	0.00199	0.00519	0.00526	0.00617	0.00877
21	0.01029	0.00971	0.01641	0.72555	0.10997	0.01183	0.01483	0.01378	0.01072	0.01388	0.00945	0.01399	0.00718	0.00523	0.00528	0.00174	0.00697	0.00470	0.00238	0.00612
22	0.00680	0.00538	0.00612	0.00593	0.00748	0.00470	0.00445	0.00865	0.01335	0.01737	0.37699	0.04580	0.45372	0.01224	0.00624	0.00173	0.00260	0.01044	0.00532	0.00470
23	0.78349	0.01012	0.00814	0.00715	0.01049	0.01152	0.00589	0.01638	0.00950	0.08630	0.00847	0.00936	0.00633	0.00504	0.00344	0.00164	0.00412	0.00306	0.00354	0.00599
24	0.01956	0.01998	0.01489	0.01275	0.01594	0.45437	0.00992	0.23043	0.06008	0.07522	0.01108	0.01166	0.00841	0.00597	0.00530	0.00149	0.02771	0.00410	0.00386	0.00726
25	0.01091	0.09554	0.72130	0.01455	0.02208	0.01302	0.01863	0.01666	0.01113	0.01637	0.00930	0.01093	0.00670	0.00498	0.00488	0.00163	0.00763	0.00381	0.00223	0.00772
26	0.00652	0.00466	0.00621	0.00730	0.00769	0.00435	0.00491	0.00757	0.01051	0.01411	0.08885	0.74929	0.03615	0.01610	0.00671	0.00211	0.00302	0.01459	0.00498	0.00435
27	0.01225	0.00653	0.00856	0.00769	0.00969	0.00596	0.00588	0.01474	0.04046	0.24480	0.37727	0.16652	0.05698	0.01050	0.00602	0.00175	0.00325	0.00918	0.00583	0.00615
28	0.00656	0.00512	0.00584	0.00621	0.00735	0.00453	0.00441	0.00779	0.01137	0.01434	0.10238	0.28878	0.41403	0.07220	0.00792	0.00214	0.00301	0.02678	0.00486	0.00437
29	0.01232	0.07405	0.10556	0.02040	0.04785	0.01370	0.57800	0.01658	0.01214	0.01657	0.02429	0.01389	0.00855	0.00476	0.00615	0.00173	0.02795	0.00573	0.00265	0.00714
30	0.06254	0.00890	0.01171	0.00913	0.01295	0.00795	0.00750	0.04199	0.01506	0.66709	0.08196	0.01917	0.01564	0.00681	0.00529	0.00164	0.00435	0.00553	0.00629	0.00851
31	0.01649	0.01289	0.01570	0.01246	0.01569	0.01446	0.06458	0.50176	0.01956	0.02651	0.01354	0.09303	0.01147	0.00920	0.04487	0.00208	0.10746	0.00592	0.00456	0.00777
32	0.01328	0.01090	0.01259	0.00935	0.01383	0.00980	0.02293	0.18901	0.06988	0.02132	0.01108	0.01207	0.00871	0.00473	0.00439	0.00106	0.00448	0.00378	0.00379	0.57301
33	0.01770	0.13335	0.07303	0.01143	0.01562	0.01521	0.01012	0.37462	0.12432	0.12201	0.01373	0.01357	0.00994	0.00622	0.00544	0.00159	0.03438	0.00465	0.00468	0.00838
34	0.01242	0.01310	0.02607	0.02558	0.32658	0.01260	0.42747	0.01617	0.01219	0.01690	0.01132	0.05348	0.00950	0.00516	0.00586	0.00172	0.00757	0.00607	0.00276	0.00748

[dist]
# distance from previous block
# <min> <max>
0	33

[block]
# block no. 1 follows, 46 sequences, length 14
# corresponding to MSA columns:
# 108-121
name=unknown_B
#
# <colnr> <probs for GDERKNQSTAVLIFYWHMCP>
#	G	D	E	R	K	N	Q	S	T	A	V	L	I	F	Y	W	H	M	C	P
0	0.00669	0.00483	0.00633	0.00710	0.00770	0.00447	0.00489	0.00801	0.01139	0.01540	0.21247	0.58908	0.07198	0.01502	0.00660	0.00201	0.00291	0.01353	0.00513	0.00447
1	0.03911	0.01297	0.14206	0.20321	0.02037	0.01129	0.01144	0.13511	0.11020	0.14817	0.02893	0.05688	0.04351	0.00685	0.00533	0.00172	0.00564	0.00566	0.00420	0.00737
2	0.01024	0.00983	0.00819	0.00835	0.00920	0.19644	0.00570	0.01106	0.01060	0.01257	0.01961	0.32226	0.02225	0.27016	0.01267	0.00289	0.00533	0.02759	0.03065	0.00442
3	0.21551	0.01064	0.01353	0.08627	0.01475	0.01406	0.01005	0.01334	0.00864	0.01563	0.00782	0.01165	0.00707	0.00892	0.04252	0.00231	0.48328	0.00425	0.02406	0.00571
4	0.01568	0.01211	0.01301	0.01104	0.01443	0.01365	0.00877	0.22219	0.52468	0.07524	0.01914	0.01775	0.01405	0.00691	0.00535	0.00173	0.00464	0.00561	0.00543	0.00857
5	0.00637	0.00486	0.00586	0.00666	0.00748	0.00435	0.00460	0.00744	0.01080	0.01377	0.03768	0.54506	0.29515	0.01545	0.00657	0.00202	0.00293	0.01368	0.00491	0.00435
6	0.01651	0.02019	0.01283	0.01210	0.01423	0.60117	0.00892	0.01777	0.01380	0.01307	0.01327	0.20440	0.01366	0.00815	0.00525	0.00155	0.00796	0.00623	0.00325	0.00568
7	0.01832	0.01278	0.01423	0.01077	0.01510	0.01307	0.00885	0.49114	0.02029	0.12107	0.01289	0.01292	0.00921	0.00578	0.00496	0.00140	0.00519	0.00443	0.00492	0.21268
8	0.01728	0.01212	0.01348	0.01063	0.01413	0.01302	0.00866	0.52913	0.02178	0.08251	0.19949	0.01958	0.01922	0.00744	0.00552	0.00161	0.00492	0.00597	0.00550	0.00802
9	0.01017	0.00906	0.01404	0.55335	0.02855	0.01011	0.01193	0.01300	0.01041	0.01411	0.00938	0.01347	0.00739	0.00586	0.00602	0.06011	0.00612	0.00431	0.00254	0.21008
10	0.01736	0.01228	0.01307	0.01035	0.01381	0.01349	0.00844	0.55461	0.04819	0.02961	0.01412	0.01465	0.01035	0.00633	0.00490	0.00151	0.00494	0.00484	0.20916	0.00798
11	0.02372	0.00900	0.01227	0.00941	0.01350	0.00777	0.00777	0.02576	0.01513	0.78489	0.02086	0.01799	0.01309	0.00654	0.00532	0.00164	0.00450	0.00532	0.00654	0.00900
12	0.01150	0.00640	0.00903	0.00833	0.00991	0.00668	0.00641	0.01316	0.01000	0.19989	0.01614	0.02203	0.01403	0.14034	0.49403	0.00635	0.01054	0.00586	0.00379	0.00555
13	0.03492	0.01105	0.07325	0.01416	0.01769	0.00949	0.31801	0.01444	0.01268	0.08026	0.20066	0.13546	0.02233	0.00807	0.00628	0.00179	0.02111	0.00795	0.00406	0.00633

[dist]
# distance from previous block
# <min> <max>
0	12

[block]
# block no. 2 follows, 46 sequences, length 16
# corresponding to MSA columns:
# 134-149
name=unknown_C
#
# <colnr> <probs for GDERKNQSTAVLIFYWHMCP>
#	G	D	E	R	K	N	Q	S	T	A	V	L	I	F	Y	W	H	M	C	P
0	0.01595	0.01259	0.05249	0.01045	0.01408	0.01273	0.00884	0.44886	0.09107	0.05047	0.02037	0.03971	0.12405	0.00764	0.00535	0.00163	0.00495	0.00606	0.06491	0.00780
1	0.00734	0.00577	0.00656	0.00640	0.00805	0.00520	0.00493	0.03598	0.01347	0.01736	0.28663	0.04652	0.44970	0.01239	0.00630	0.00179	0.00292	0.07263	0.00522	0.00483
2	0.13844	0.01177	0.01208	0.01026	0.01360	0.01326	0.00820	0.23356	0.38635	0.04386	0.01871	0.01780	0.05536	0.00694	0.00509	0.00171	0.00456	0.00545	0.00505	0.00795
3	0.00752	0.00520	0.00650	0.00694	0.00727	0.00522	0.00466	0.00825	0.00895	0.01196	0.02084	0.20723	0.02379	0.45260	0.08785	0.00438	0.00544	0.11778	0.00379	0.00382
4	0.01372	0.01313	0.08056	0.02345	0.43283	0.01227	0.04934	0.01899	0.14312	0.08983	0.01316	0.01536	0.01034	0.00570	0.00586	0.00168	0.04071	0.01835	0.00346	0.00815
5	0.16456	0.01018	0.01165	0.11907	0.01589	0.01007	0.00795	0.09478	0.07497	0.06367	0.01116	0.01268	0.00864	0.01889	0.00473	0.00137	0.00466	0.00391	0.00366	0.35750
6	0.14146	0.30367	0.07494	0.01010	0.01377	0.05477	0.04742	0.09333	0.01186	0.03578	0.00997	0.01367	0.00890	0.12428	0.00789	0.00198	0.03260	0.00416	0.00302	0.00641
7	0.00815	0.00561	0.00667	0.00656	0.00692	0.00582	0.00414	0.04086	0.00867	0.01173	0.01661	0.06485	0.01847	0.61717	0.15122	0.00540	0.00655	0.00754	0.00331	0.00375
8	0.00769	0.00513	0.00577	0.00577	0.00577	0.00513	0.00320	0.00769	0.00769	0.01025	0.01666	0.03460	0.01922	0.81421	0.02691	0.00513	0.00513	0.00769	0.00320	0.00320
9	0.13744	0.69854	0.02477	0.00874	0.01308	0.01958	0.00856	0.01579	0.01048	0.01410	0.00735	0.00850	0.00663	0.00458	0.00337	0.00121	0.00542	0.00283	0.00241	0.00663
10	0.01219	0.00951	0.03896	0.00926	0.01211	0.03247	0.03727	0.06789	0.05715	0.12240	0.28504	0.03605	0.07178	0.00829	0.00608	0.00158	0.03954	0.01743	0.00487	0.13013
11	0.00943	0.00690	0.00904	0.00849	0.00973	0.00775	0.00644	0.12014	0.01074	0.01497	0.01444	0.02234	0.01379	0.18917	0.52444	0.00681	0.01113	0.00593	0.00327	0.00505
12	0.02784	0.01216	0.01430	0.06710	0.03611	0.04306	0.04815	0.17452	0.31692	0.06148	0.01791	0.01794	0.05720	0.00708	0.00639	0.00176	0.07217	0.00563	0.00458	0.00772
13	0.00771	0.00619	0.00809	0.12387	0.01228	0.00626	0.00642	0.01056	0.06455	0.01668	0.26638	0.23216	0.19538	0.01176	0.00617	0.00184	0.00347	0.01033	0.00485	0.00506
14	0.01688	0.18190	0.01747	0.01106	0.01489	0.01555	0.02489	0.43091	0.03749	0.05011	0.01284	0.06555	0.01058	0.01858	0.00568	0.00158	0.03224	0.00509	0.00440	0.04230
15	0.36375	0.00982	0.00982	0.00846	0.01152	0.01061	0.00677	0.14347	0.05410	0.15866	0.01499	0.13007	0.01273	0.00732	0.00462	0.00170	0.00425	0.00565	0.03492	0.00676

[dist]
# distance from previous block
# <min> <max>
0	34

[block]
# block no. 3 follows, 46 sequences, length 6
# corresponding to MSA columns:
# 184-189
name=unknown_D
#
# <colnr> <probs for GDERKNQSTAVLIFYWHMCP>
#	G	D	E	R	K	N	Q	S	T	A	V	L	I	F	Y	W	H	M	C	P
0	0.01595	0.05301	0.01373	0.01021	0.01424	0.10751	0.00824	0.19850	0.12067	0.09610	0.01274	0.01298	0.00960	0.00543	0.00466	0.00129	0.00524	0.00415	0.00420	0.30153
1	0.01164	0.01237	0.05652	0.01478	0.01866	0.04524	0.34763	0.06530	0.01239	0.01672	0.03605	0.05674	0.04092	0.13146	0.00901	0.00216	0.00680	0.00646	0.00325	0.10590
2	0.14209	0.00692	0.00813	0.00735	0.00954	0.00660	0.00574	0.01396	0.01319	0.19450	0.30480	0.10309	0.11795	0.00988	0.00565	0.00174	0.00336	0.03423	0.00536	0.00589
3	0.01441	0.01235	0.02357	0.08353	0.05650	0.01248	0.40960	0.01778	0.01221	0.16958	0.01205	0.01456	0.00881	0.00564	0.00752	0.00182	0.12133	0.00563	0.00337	0.00726
4	0.00950	0.00496	0.00507	0.00507	0.00609	0.00496	0.00361	0.01155	0.01052	0.01814	0.01715	0.02218	0.01449	0.14017	0.00755	0.00188	0.00291	0.00539	0.70419	0.00464
5	0.01917	0.13947	0.01770	0.01168	0.01596	0.01710	0.00989	0.64746	0.02266	0.03007	0.01186	0.01204	0.00865	0.00606	0.00499	0.00152	0.00579	0.00446	0.00482	0.00865

[dist]
# distance from previous block
# <min> <max>
0	1

[block]
# block no. 4 follows, 46 sequences, length 25
# corresponding to MSA columns:
# 191-215
name=unknown_E
#
# <colnr> <probs for GDERKNQSTAVLIFYWHMCP>
#	G	D	E	R	K	N	Q	S	T	A	V	L	I	F	Y	W	H	M	C	P
0	0.00842	0.00510	0.00684	0.00759	0.00833	0.00469	0.00523	0.00946	0.01069	0.10165	0.02819	0.72016	0.03246	0.01542	0.00658	0.00209	0.00323	0.01392	0.00509	0.00483
1	0.00668	0.00477	0.00641	0.00763	0.00804	0.00450	0.00532	0.00777	0.01036	0.01376	0.02901	0.72492	0.03445	0.01634	0.00681	0.00218	0.00327	0.09852	0.00490	0.00436
2	0.01301	0.01276	0.02257	0.03129	0.69511	0.01265	0.10145	0.01631	0.01209	0.01723	0.01003	0.01322	0.00833	0.00468	0.00535	0.00159	0.00658	0.00488	0.00262	0.00823
3	0.02043	0.01110	0.01387	0.10091	0.01710	0.01137	0.00935	0.27155	0.05382	0.40882	0.01684	0.01586	0.01117	0.00636	0.00531	0.00164	0.00522	0.00509	0.00559	0.00861
4	0.00703	0.00522	0.00655	0.00657	0.00771	0.00474	0.00479	0.00897	0.01338	0.01827	0.48368	0.20782	0.18072	0.01252	0.00635	0.00179	0.00265	0.01103	0.00546	0.00474
5	0.01092	0.00534	0.00595	0.00581	0.00723	0.00516	0.00434	0.01310	0.01140	0.10621	0.01946	0.13928	0.01674	0.00778	0.00434	0.00142	0.00279	0.00650	0.62093	0.00530
6	0.01881	0.01283	0.01612	0.01245	0.01656	0.01354	0.09517	0.38263	0.15338	0.19808	0.01586	0.01530	0.01106	0.00632	0.00542	0.00166	0.00559	0.00527	0.00529	0.00867
7	0.00725	0.00539	0.00675	0.00641	0.00776	0.00489	0.00481	0.00953	0.01442	0.01990	0.64256	0.04162	0.18657	0.01129	0.00624	0.00169	0.00253	0.00986	0.00565	0.00489
8	0.00681	0.00476	0.00603	0.00689	0.00710	0.00454	0.00440	0.00746	0.00940	0.01253	0.02544	0.58079	0.03030	0.25289	0.01272	0.00303	0.00368	0.01285	0.00440	0.00397
9	0.00998	0.00940	0.01586	0.80150	0.03641	0.01175	0.01468	0.01351	0.01057	0.01351	0.00940	0.01409	0.00705	0.00529	0.00529	0.00176	0.00705	0.00470	0.00235	0.00587
10	0.01315	0.01136	0.01195	0.01076	0.01375	0.01315	0.00837	0.02809	0.77168	0.02211	0.02152	0.01972	0.01614	0.00717	0.00538	0.00179	0.00418	0.00598	0.00538	0.00837
11	0.01138	0.00964	0.01119	0.00803	0.01271	0.00748	0.00644	0.04774	0.01160	0.01796	0.00955	0.01104	0.00788	0.00403	0.00398	0.00082	0.00400	0.00321	0.00323	0.80810
12	0.00943	0.00753	0.00878	0.00781	0.01009	0.00723	0.00606	0.01314	0.12352	0.04510	0.14122	0.09594	0.24869	0.01002	0.00642	0.00165	0.05514	0.02771	0.00466	0.16989
13	0.13605	0.01091	0.01314	0.01038	0.01413	0.01123	0.03602	0.16725	0.10237	0.34337	0.01588	0.01507	0.01088	0.00629	0.00560	0.00165	0.04419	0.00484	0.00520	0.04553
14	0.02013	0.01558	0.01468	0.01183	0.01562	0.17534	0.00952	0.41017	0.08288	0.16945	0.01402	0.01362	0.00990	0.00627	0.00519	0.00157	0.00620	0.00468	0.00500	0.00835
15	0.00682	0.00553	0.00611	0.00632	0.00780	0.00496	0.00469	0.00886	0.04800	0.01512	0.10421	0.20116	0.50026	0.01358	0.00635	0.00188	0.00291	0.04575	0.00500	0.00468
16	0.01447	0.71178	0.06199	0.00965	0.01424	0.04886	0.00963	0.05289	0.01161	0.01368	0.00774	0.00885	0.00689	0.00467	0.00361	0.00119	0.00591	0.00299	0.00243	0.00692
17	0.01141	0.01113	0.01666	0.37292	0.06043	0.03646	0.04079	0.03877	0.01034	0.01414	0.00869	0.01302	0.00727	0.00738	0.02358	0.00206	0.31167	0.00471	0.00248	0.00609
18	0.00660	0.00475	0.00622	0.00734	0.00777	0.00444	0.00502	0.00760	0.01025	0.01355	0.02983	0.69977	0.07123	0.04546	0.00749	0.00225	0.00323	0.05805	0.00484	0.00430
19	0.01732	0.01196	0.01313	0.02425	0.04136	0.06567	0.00885	0.20237	0.20375	0.20717	0.03505	0.01666	0.01279	0.00669	0.00575	0.00165	0.04301	0.00522	0.06933	0.00801
20	0.00892	0.00578	0.00727	0.00681	0.00845	0.00519	0.00522	0.01106	0.01406	0.09876	0.47964	0.06119	0.21007	0.01128	0.00621	0.00174	0.00287	0.04461	0.00562	0.00526
21	0.01333	0.01149	0.01569	0.12206	0.07493	0.04349	0.10390	0.19214	0.05007	0.04764	0.02910	0.08811	0.09965	0.00787	0.00668	0.00177	0.07459	0.00664	0.00398	0.00688
22	0.00660	0.00472	0.00632	0.00755	0.00793	0.00443	0.00519	0.00764	0.01028	0.01368	0.02905	0.75176	0.03461	0.01641	0.00679	0.00217	0.00321	0.07242	0.00490	0.00434
23	0.01244	0.00951	0.01120	0.00817	0.01269	0.00751	0.00655	0.05122	0.01200	0.08630	0.01105	0.03082	0.00900	0.00457	0.00418	0.00093	0.00404	0.00369	0.00358	0.71054
24	0.05418	0.37935	0.07019	0.01095	0.01489	0.21690	0.00993	0.10642	0.01353	0.01616	0.03423	0.01056	0.00845	0.00538	0.00457	0.00135	0.02969	0.00356	0.00291	0.00681

[dist]
# distance from previous block
# <min> <max>
0	1

[block]
# block no. 5 follows, 46 sequences, length 14
# corresponding to MSA columns:
# 217,218,223-234
name=unknown_F
#
# <colnr> <probs for GDERKNQSTAVLIFYWHMCP>
#	G	D	E	R	K	N	Q	S	T	A	V	L	I	F	Y	W	H	M	C	P
0	0.01433	0.71084	0.02724	0.01032	0.01480	0.06441	0.06662	0.01622	0.01112	0.01281	0.00765	0.00898	0.00688	0.00457	0.00369	0.00119	0.00612	0.00312	0.00232	0.00677
1	0.02333	0.00962	0.01266	0.00970	0.01381	0.00870	0.00802	0.10532	0.01618	0.70386	0.01998	0.01742	0.01264	0.00652	0.00531	0.00163	0.00464	0.00526	0.00641	0.00900
2	0.01760	0.01334	0.04622	0.01095	0.01518	0.02940	0.00921	0.42784	0.05578	0.11607	0.01377	0.03997	0.01033	0.00622	0.00506	0.00147	0.00530	0.00486	0.00484	0.16661
3	0.01308	0.01256	0.02146	0.03245	0.78123	0.01256	0.01622	0.01622	0.01204	0.01727	0.00994	0.01308	0.00837	0.00471	0.00523	0.00157	0.00628	0.00471	0.00262	0.00837
4	0.00704	0.00511	0.00665	0.00694	0.00785	0.00472	0.00500	0.00886	0.01286	0.01770	0.42858	0.33675	0.08524	0.01327	0.00646	0.00188	0.00279	0.03222	0.00539	0.00469
5	0.01228	0.01456	0.08580	0.08026	0.18176	0.01300	0.49893	0.01653	0.01215	0.01674	0.01036	0.01377	0.00792	0.00461	0.00587	0.00173	0.00816	0.00564	0.00260	0.00735
6	0.00902	0.00500	0.00682	0.00677	0.00695	0.00501	0.00446	0.02712	0.00797	0.01079	0.03029	0.05760	0.01349	0.17767	0.02008	0.57324	0.00455	0.00584	0.02446	0.00288
7	0.01362	0.00978	0.01091	0.00960	0.01244	0.01056	0.00755	0.06560	0.43545	0.13256	0.11835	0.02537	0.09237	0.00824	0.00560	0.00176	0.00399	0.02309	0.00554	0.00763
8	0.00641	0.00474	0.00600	0.00700	0.00757	0.00432	0.00475	0.00740	0.01046	0.01364	0.03348	0.67550	0.16742	0.01600	0.00666	0.00208	0.00300	0.01434	0.00491	0.00432
9	0.01329	0.16812	0.22183	0.01472	0.03406	0.11777	0.11916	0.01641	0.01115	0.03119	0.00874	0.01117	0.00715	0.00593	0.00779	0.00170	0.19629	0.00419	0.00249	0.00686
10	0.00985	0.00493	0.00493	0.00493	0.00616	0.00493	0.00370	0.01232	0.01109	0.01971	0.01725	0.01971	0.01355	0.00616	0.00370	0.00123	0.00246	0.00493	0.84356	0.00493
11	0.00837	0.00696	0.00905	0.00889	0.00967	0.03986	0.02133	0.00982	0.00977	0.01335	0.07601	0.22018	0.02176	0.11016	0.28882	0.00468	0.09375	0.03925	0.00364	0.00470
12	0.01928	0.05093	0.01589	0.01286	0.01614	0.40742	0.01017	0.32483	0.01853	0.02126	0.00993	0.01089	0.00771	0.00596	0.00553	0.00149	0.04614	0.00400	0.00374	0.00731
13	0.81093	0.01016	0.00799	0.00707	0.01038	0.01166	0.00583	0.01604	0.00930	0.06107	0.00802	0.00905	0.00609	0.00499	0.00337	0.00164	0.00411	0.00298	0.00343	0.00589

[dist]
# distance from previous block
# <min> <max>
0	17

[block]
# block no. 6 follows, 46 sequences, length 40
# corresponding to MSA columns:
# 252-291
name=unknown_G
#
# <colnr> <probs for GDERKNQSTAVLIFYWHMCP>
#	G	D	E	R	K	N	Q	S	T	A	V	L	I	F	Y	W	H	M	C	P
0	0.00875	0.00608	0.00821	0.04360	0.01097	0.00591	0.00731	0.01099	0.01263	0.05535	0.16530	0.08859	0.13605	0.01303	0.00675	0.00212	0.00412	0.40415	0.00502	0.00506
1	0.01133	0.01077	0.01828	0.46862	0.35881	0.01210	0.01535	0.01468	0.01121	0.01514	0.00963	0.01366	0.00762	0.00504	0.00526	0.00168	0.00672	0.00470	0.00246	0.00696
2	0.01308	0.01256	0.02146	0.03245	0.78123	0.01256	0.01622	0.01622	0.01204	0.01727	0.00994	0.01308	0.00837	0.00471	0.00523	0.00157	0.00628	0.00471	0.00262	0.00837
3	0.01590	0.01102	0.01224	0.01048	0.01377	0.01205	0.00833	0.11725	0.48651	0.18062	0.02135	0.02019	0.03708	0.00727	0.00542	0.00175	0.00442	0.02040	0.00558	0.00839
4	0.00773	0.00593	0.00884	0.00874	0.00964	0.00703	0.00683	0.00959	0.00848	0.01229	0.01384	0.02036	0.01294	0.03830	0.75880	0.00822	0.04926	0.00562	0.00281	0.00477
5	0.07416	0.00541	0.00747	0.04224	0.00858	0.00567	0.00518	0.01966	0.00751	0.01089	0.00929	0.01580	0.00906	0.03571	0.01855	0.71032	0.00469	0.00454	0.00244	0.00284
6	0.00625	0.00536	0.00536	0.00536	0.00714	0.00446	0.00402	0.00759	0.01205	0.01428	0.05355	0.05088	0.77909	0.01339	0.00625	0.00179	0.00268	0.01116	0.00491	0.00446
7	0.01528	0.01281	0.01275	0.01091	0.01409	0.07822	0.00861	0.22578	0.41179	0.04431	0.06937	0.01917	0.03868	0.00722	0.00539	0.00169	0.00493	0.00581	0.00518	0.00802
8	0.00985	0.00493	0.00493	0.00493	0.00616	0.00493	0.00370	0.01232	0.01109	0.01971	0.01725	0.01971	0.01355	0.00616	0.00370	0.00123	0.00246	0.00493	0.84356	0.00493
9	0.01958	0.05745	0.01575	0.01307	0.01623	0.57452	0.01012	0.19740	0.01714	0.01776	0.00921	0.01024	0.00733	0.00562	0.00483	0.00141	0.00848	0.00370	0.00331	0.00684
10	0.01263	0.00848	0.00908	0.00804	0.01017	0.09356	0.00623	0.01479	0.01472	0.20076	0.43988	0.03237	0.09362	0.00948	0.00588	0.00165	0.00382	0.02327	0.00555	0.00602
11	0.01124	0.15386	0.63700	0.01437	0.02156	0.01371	0.04516	0.01660	0.01114	0.01606	0.00919	0.01084	0.00676	0.00492	0.00481	0.00159	0.00751	0.00382	0.00225	0.00762
12	0.01232	0.05434	0.01210	0.00840	0.01270	0.00905	0.00682	0.08376	0.07276	0.03298	0.01120	0.01230	0.00895	0.00460	0.00414	0.00100	0.00414	0.00363	0.05031	0.59450
13	0.02720	0.49413	0.29019	0.01131	0.01675	0.01756	0.01274	0.01601	0.01074	0.01414	0.00807	0.00955	0.00674	0.00491	0.00457	0.00138	0.04139	0.00328	0.00227	0.00708
14	0.00677	0.00545	0.00609	0.00613	0.00773	0.00476	0.00473	0.00849	0.01271	0.01599	0.21193	0.04932	0.53377	0.01295	0.00636	0.00183	0.00288	0.09237	0.00511	0.00462
15	0.01214	0.01372	0.02980	0.02145	0.02652	0.01286	0.71988	0.01640	0.01235	0.01674	0.01172	0.05860	0.00952	0.00513	0.00627	0.00180	0.00859	0.00673	0.00280	0.00697
16	0.01368	0.05845	0.01854	0.01443	0.01661	0.12523	0.13928	0.06649	0.09928	0.01593	0.01023	0.02646	0.00878	0.00733	0.01053	0.00191	0.35222	0.00498	0.00303	0.00660
17	0.00752	0.00493	0.00658	0.00740	0.00802	0.00456	0.00508	0.00868	0.01094	0.05729	0.11189	0.68098	0.03540	0.01537	0.00661	0.00206	0.00308	0.01388	0.00510	0.00463
18	0.01956	0.01223	0.01392	0.01089	0.01470	0.01288	0.00890	0.49108	0.02100	0.22374	0.05791	0.06016	0.01374	0.00721	0.00543	0.00163	0.00514	0.00574	0.00562	0.00851
19	0.00656	0.00469	0.00624	0.00728	0.00769	0.00437	0.00492	0.00765	0.01066	0.01435	0.11216	0.72531	0.03662	0.01592	0.00669	0.00209	0.00300	0.01442	0.00501	0.00437
20	0.01357	0.68468	0.11150	0.00965	0.01455	0.01919	0.01006	0.01579	0.01080	0.01318	0.00770	0.00892	0.00683	0.00455	0.00360	0.00117	0.00580	0.00296	0.00231	0.05319
21	0.01027	0.00969	0.01637	0.73040	0.10528	0.01182	0.01482	0.01376	0.01071	0.01386	0.00945	0.01400	0.00717	0.00523	0.00528	0.00174	0.00698	0.00470	0.00237	0.00610
22	0.16753	0.02977	0.09989	0.24929	0.02190	0.11803	0.03748	0.09373	0.08357	0.01852	0.01034	0.01246	0.00785	0.00571	0.00513	0.01827	0.00652	0.00424	0.00315	0.00664
23	0.05002	0.01189	0.01709	0.37333	0.22719	0.05169	0.03158	0.09889	0.05511	0.01769	0.01046	0.01352	0.00807	0.00533	0.00518	0.00167	0.00659	0.00467	0.00298	0.00705
24	0.00738	0.00501	0.00593	0.00622	0.00632	0.00497	0.00371	0.00766	0.00830	0.01109	0.01960	0.22121	0.02285	0.60106	0.04281	0.00450	0.00487	0.00940	0.00360	0.00351
25	0.01198	0.01002	0.01150	0.00836	0.01297	0.00819	0.00672	0.09261	0.03268	0.01905	0.01007	0.01138	0.00817	0.00426	0.00410	0.00089	0.00412	0.00338	0.00342	0.73613
26	0.01990	0.01471	0.01575	0.01212	0.01632	0.01630	0.01000	0.74254	0.04624	0.03300	0.01295	0.01289	0.00920	0.00637	0.00529	0.00159	0.00577	0.00479	0.00529	0.00897
27	0.01565	0.01600	0.03372	0.15643	0.01935	0.23506	0.01120	0.20382	0.05817	0.01869	0.01033	0.01252	0.00818	0.00762	0.03613	0.00194	0.14052	0.00442	0.00337	0.00686
28	0.00695	0.00483	0.00605	0.00683	0.00704	0.00464	0.00436	0.00757	0.00927	0.01235	0.02450	0.50661	0.02905	0.31086	0.01420	0.00325	0.00387	0.02956	0.00428	0.00391
29	0.01014	0.00612	0.00797	0.00716	0.00891	0.00562	0.00549	0.01286	0.03448	0.14038	0.62453	0.03587	0.05936	0.01010	0.00607	0.00166	0.00285	0.00884	0.00590	0.00569
30	0.00756	0.00547	0.00673	0.00647	0.00790	0.00491	0.00487	0.00965	0.01390	0.03953	0.50985	0.07627	0.24818	0.01173	0.00626	0.00173	0.00267	0.02587	0.00553	0.00492
31	0.01077	0.01025	0.01703	0.56911	0.18581	0.01234	0.01470	0.01398	0.01063	0.01420	0.00927	0.01365	0.00731	0.00555	0.00644	0.00178	0.08373	0.00469	0.00240	0.00637
32	0.01096	0.00940	0.01096	0.00783	0.01253	0.00705	0.00626	0.01331	0.01096	0.01723	0.00940	0.01096	0.00783	0.00392	0.00392	0.00078	0.00392	0.00313	0.00313	0.84653
33	0.01016	0.00957	0.01617	0.75849	0.07806	0.01179	0.01477	0.01366	0.01065	0.01372	0.00943	0.01404	0.00712	0.00525	0.00528	0.00175	0.00700	0.00470	0.00236	0.00601
34	0.01444	0.68844	0.07704	0.00989	0.01446	0.09473	0.00986	0.01640	0.01118	0.01277	0.00757	0.00876	0.00678	0.00465	0.00363	0.00119	0.00617	0.00295	0.00230	0.00679
35	0.00653	0.00464	0.00611	0.00724	0.00753	0.00435	0.00478	0.00738	0.00994	0.01326	0.02823	0.75422	0.03382	0.07467	0.00822	0.00236	0.00322	0.01449	0.00478	0.00421
36	0.01983	0.01834	0.01452	0.01231	0.01558	0.38252	0.00964	0.20392	0.07250	0.15709	0.01249	0.01263	0.00915	0.00610	0.00540	0.00153	0.03043	0.00430	0.00422	0.00750
37	0.01033	0.00980	0.01670	0.71213	0.10800	0.01186	0.02949	0.01384	0.01075	0.01394	0.00947	0.01400	0.00719	0.00521	0.00530	0.00174	0.00701	0.00473	0.00238	0.00614
38	0.00644	0.00460	0.00613	0.00736	0.00767	0.00429	0.00491	0.00736	0.01012	0.01350	0.02914	0.81076	0.03497	0.01656	0.00675	0.00215	0.00307	0.01503	0.00491	0.00429
39	0.00650	0.00462	0.00612	0.00729	0.00758	0.00433	0.00483	0.00738	0.01001	0.01335	0.02859	0.77674	0.03427	0.05152	0.00763	0.00228	0.00316	0.01471	0.00483	0.00425

[dist]
# distance from previous block
# <min> <max>
0	1

[block]
# block no. 7 follows, 46 sequences, length 20
# corresponding to MSA columns:
# 293-312
name=unknown_H
#
# <colnr> <probs for GDERKNQSTAVLIFYWHMCP>
#	G	D	E	R	K	N	Q	S	T	A	V	L	I	F	Y	W	H	M	C	P
0	0.17113	0.04051	0.01336	0.00998	0.01400	0.01221	0.00830	0.30020	0.01751	0.33819	0.01488	0.01397	0.01000	0.00610	0.00487	0.00160	0.00496	0.00458	0.00533	0.00833
1	0.01916	0.02422	0.01507	0.01364	0.01617	0.73737	0.01031	0.02051	0.01449	0.01292	0.00808	0.00968	0.00682	0.00572	0.00567	0.00143	0.06646	0.00349	0.00269	0.00610
2	0.00769	0.00513	0.00577	0.00577	0.00577	0.00513	0.00320	0.00769	0.00769	0.01025	0.01666	0.03460	0.01922	0.81421	0.02691	0.00513	0.00513	0.00769	0.00320	0.00320
3	0.01248	0.01426	0.03119	0.02228	0.02763	0.01337	0.76203	0.01693	0.01248	0.01693	0.01070	0.01426	0.00802	0.00446	0.00624	0.00178	0.00891	0.00624	0.00267	0.00713
4	0.01952	0.01406	0.01520	0.01183	0.01591	0.01549	0.00972	0.63411	0.10982	0.07811	0.01420	0.01382	0.01006	0.00645	0.00530	0.00161	0.00555	0.00493	0.00538	0.00892
5	0.01827	0.01390	0.01484	0.01179	0.01570	0.01554	0.00961	0.57012	0.22132	0.03037	0.01501	0.01454	0.01087	0.00656	0.00531	0.00164	0.00539	0.00508	0.00531	0.00883
6	0.00644	0.00460	0.00613	0.00736	0.00767	0.00429	0.00491	0.00736	0.01012	0.01350	0.02914	0.81076	0.03497	0.01656	0.00675	0.00215	0.00307	0.01503	0.00491	0.00429
7	0.01275	0.01413	0.02971	0.02139	0.02639	0.01365	0.68851	0.04800	0.01275	0.01739	0.01057	0.01404	0.00800	0.00480	0.00682	0.00180	0.05331	0.00609	0.00276	0.00713
8	0.01060	0.02735	0.78682	0.01507	0.02288	0.01228	0.01953	0.01674	0.01116	0.01674	0.00949	0.01116	0.00670	0.00502	0.00502	0.00167	0.00781	0.00391	0.00223	0.00781
9	0.00644	0.00530	0.00569	0.00595	0.00749	0.00456	0.00446	0.00780	0.01179	0.01428	0.04828	0.15882	0.62039	0.01392	0.00639	0.00188	0.00289	0.06429	0.00491	0.00447
10	0.01315	0.01136	0.01195	0.01076	0.01375	0.01315	0.00837	0.02809	0.77168	0.02211	0.02152	0.01972	0.01614	0.00717	0.00538	0.00179	0.00418	0.00598	0.00538	0.00837
11	0.00662	0.00528	0.00592	0.00595	0.00741	0.00459	0.00439	0.00823	0.01265	0.01613	0.25367	0.13395	0.49052	0.01303	0.00630	0.00179	0.00267	0.01115	0.00516	0.00459
12	0.00632	0.00534	0.00538	0.00538	0.00707	0.00450	0.00397	0.00759	0.01182	0.01407	0.05163	0.05003	0.73943	0.05519	0.00733	0.00196	0.00281	0.01098	0.00482	0.00440
13	0.02357	0.00924	0.01242	0.00952	0.01361	0.00813	0.00786	0.05621	0.01553	0.75388	0.02052	0.01777	0.01292	0.00654	0.00532	0.00163	0.00455	0.00529	0.00649	0.00900
14	0.01315	0.01136	0.01195	0.01076	0.01375	0.01315	0.00837	0.02809	0.77168	0.02211	0.02152	0.01972	0.01614	0.00717	0.00538	0.00179	0.00418	0.00598	0.00538	0.00837
15	0.01282	0.27502	0.43584	0.01324	0.01936	0.10447	0.03869	0.01696	0.01151	0.01496	0.00870	0.01023	0.00678	0.00490	0.00452	0.00147	0.00737	0.00358	0.00231	0.00728
16	0.01127	0.00994	0.01332	0.04250	0.01508	0.00837	0.08878	0.04224	0.04148	0.01764	0.01121	0.05543	0.00967	0.00494	0.00449	0.00108	0.00462	0.00436	0.00332	0.61027
17	0.04575	0.01092	0.01172	0.01008	0.01315	0.04536	0.00798	0.11455	0.34418	0.17891	0.10544	0.03814	0.01842	0.00757	0.00542	0.00172	0.00448	0.02293	0.00544	0.00783
18	0.01840	0.01183	0.01322	0.01046	0.01414	0.01250	0.00851	0.42249	0.08806	0.18073	0.01600	0.04180	0.01173	0.00669	0.00515	0.00157	0.00492	0.00528	0.08659	0.03994
19	0.09606	0.02610	0.00807	0.02398	0.00949	0.00713	0.00567	0.05109	0.06120	0.03388	0.08879	0.35031	0.09220	0.09921	0.00819	0.00225	0.00374	0.02291	0.00460	0.00512

[dist]
# distance from previous block
# <min> <max>
3	7

[block]
# block no. 8 follows, 46 sequences, length 19
# corresponding to MSA columns:
# 356-374
name=unknown_I
#
# <colnr> <probs for GDERKNQSTAVLIFYWHMCP>
#	G	D	E	R	K	N	Q	S	T	A	V	L	I	F	Y	W	H	M	C	P
0	0.11863	0.12544	0.08543	0.01111	0.01535	0.06889	0.00991	0.32123	0.09156	0.08455	0.01222	0.01237	0.00896	0.00584	0.00474	0.00155	0.00576	0.00426	0.00428	0.00793
1	0.09942	0.12723	0.51684	0.01263	0.01885	0.01286	0.01518	0.01643	0.04058	0.01745	0.06680	0.01298	0.01019	0.00546	0.00473	0.00160	0.00660	0.00416	0.00273	0.00727
2	0.00886	0.00718	0.00780	0.00717	0.00938	0.00681	0.00559	0.07722	0.09322	0.01768	0.10873	0.04051	0.43242	0.02788	0.00641	0.00180	0.00340	0.06489	0.00491	0.06814
3	0.60018	0.01534	0.24064	0.00938	0.01401	0.01198	0.00985	0.01590	0.00964	0.02163	0.00800	0.00936	0.00602	0.00494	0.00379	0.00165	0.00520	0.00317	0.00296	0.00635
4	0.62747	0.00990	0.00909	0.03036	0.01177	0.01087	0.00648	0.01795	0.01052	0.20725	0.01068	0.01102	0.00754	0.00531	0.00382	0.00164	0.00427	0.00351	0.00404	0.00652
5	0.01308	0.01256	0.02146	0.03245	0.78123	0.01256	0.01622	0.01622	0.01204	0.01727	0.00994	0.01308	0.00837	0.00471	0.00523	0.00157	0.00628	0.00471	0.00262	0.00837
6	0.02349	0.00937	0.01250	0.00958	0.01368	0.00832	0.00791	0.07254	0.01575	0.73725	0.02034	0.01766	0.01283	0.00653	0.00531	0.00163	0.00458	0.00528	0.00646	0.00900
7	0.00734	0.00537	0.00688	0.00656	0.00782	0.00492	0.00490	0.00968	0.01454	0.02033	0.68886	0.06700	0.11358	0.01123	0.00625	0.00169	0.00253	0.00989	0.00571	0.00492
8	0.01069	0.02676	0.75278	0.01539	0.02309	0.01233	0.05298	0.01675	0.01122	0.01675	0.00954	0.01130	0.00676	0.00500	0.00508	0.00168	0.00786	0.00401	0.00225	0.00778
9	0.00675	0.00478	0.00628	0.00737	0.00771	0.00453	0.00500	0.00768	0.01000	0.01331	0.02761	0.66241	0.03280	0.10799	0.00911	0.00251	0.00345	0.07180	0.00471	0.00421
10	0.01007	0.00946	0.01606	0.65637	0.09971	0.01133	0.03398	0.01340	0.01072	0.01393	0.01089	0.07089	0.00918	0.00602	0.00541	0.00177	0.00675	0.00548	0.00256	0.00601
11	0.02010	0.01481	0.01587	0.01216	0.01639	0.01639	0.01005	0.76360	0.02486	0.03332	0.01269	0.01269	0.00899	0.00635	0.00529	0.00159	0.00582	0.00476	0.00529	0.00899
12	0.00757	0.00560	0.00818	0.00818	0.00901	0.00643	0.00621	0.00923	0.00840	0.01203	0.01445	0.02239	0.01392	0.13069	0.70318	0.00810	0.01310	0.00590	0.00288	0.00454
13	0.00736	0.00639	0.00632	0.00626	0.00779	0.04621	0.00463	0.00882	0.01232	0.01513	0.17205	0.07398	0.50448	0.07241	0.00776	0.00202	0.00327	0.03343	0.00482	0.00455
14	0.01413	0.81739	0.02770	0.00905	0.01357	0.02092	0.00905	0.01583	0.01074	0.01244	0.00735	0.00848	0.00678	0.00452	0.00339	0.00113	0.00565	0.00283	0.00226	0.00678
15	0.01114	0.00984	0.01265	0.07151	0.01542	0.00826	0.05292	0.01465	0.06776	0.01728	0.01038	0.01206	0.00840	0.00430	0.00427	0.00100	0.00449	0.00366	0.00321	0.66681
16	0.01492	0.01064	0.01181	0.01027	0.01338	0.01172	0.00808	0.05764	0.54791	0.15917	0.07748	0.02059	0.01780	0.00730	0.00543	0.00175	0.00418	0.00607	0.00562	0.00825
17	0.01299	0.01263	0.02079	0.09965	0.69484	0.03372	0.01593	0.01612	0.01199	0.01682	0.00985	0.01308	0.00821	0.00478	0.00523	0.00158	0.00644	0.00467	0.00260	0.00809
18	0.04215	0.48051	0.25270	0.01057	0.01574	0.01660	0.01171	0.01558	0.01118	0.01490	0.07589	0.01202	0.01052	0.00524	0.00413	0.00136	0.00597	0.00374	0.00260	0.00690

[dist]
# distance from previous block
# <min> <max>
0	4

[block]
# block no. 9 follows, 46 sequences, length 14
# corresponding to MSA columns:
# 379-392
name=unknown_J
#
# <colnr> <probs for GDERKNQSTAVLIFYWHMCP>
#	G	D	E	R	K	N	Q	S	T	A	V	L	I	F	Y	W	H	M	C	P
0	0.11789	0.01589	0.01252	0.06070	0.01509	0.31189	0.00883	0.13177	0.09546	0.01895	0.01159	0.01311	0.00915	0.00840	0.06552	0.00204	0.00726	0.00422	0.08320	0.00651
1	0.04856	0.73915	0.06999	0.00930	0.01396	0.02005	0.00950	0.01587	0.01069	0.01315	0.00747	0.00864	0.00674	0.00457	0.00348	0.00118	0.00571	0.00289	0.00230	0.00680
2	0.06033	0.05857	0.01475	0.01102	0.01492	0.01448	0.00908	0.41463	0.18926	0.13530	0.01525	0.01457	0.01088	0.00638	0.00510	0.00162	0.00517	0.00491	0.00521	0.00856
3	0.01490	0.01006	0.01248	0.14618	0.01697	0.01089	0.00904	0.23210	0.12123	0.15355	0.01852	0.19718	0.01629	0.00865	0.00564	0.00178	0.00495	0.00736	0.00492	0.00730
4	0.00644	0.00460	0.00613	0.00736	0.00767	0.00429	0.00491	0.00736	0.01012	0.01350	0.02914	0.81076	0.03497	0.01656	0.00675	0.00215	0.00307	0.01503	0.00491	0.00429
5	0.01157	0.01157	0.01619	0.01388	0.01388	0.01619	0.01157	0.01272	0.00810	0.01272	0.00694	0.01157	0.00694	0.00925	0.01735	0.00231	0.80453	0.00463	0.00231	0.00578
6	0.01315	0.01136	0.01195	0.01076	0.01375	0.01315	0.00837	0.02809	0.77168	0.02211	0.02152	0.01972	0.01614	0.00717	0.00538	0.00179	0.00418	0.00598	0.00538	0.00837
7	0.01251	0.01417	0.03069	0.02281	0.06668	0.01333	0.72338	0.01690	0.01245	0.01695	0.01066	0.01420	0.00804	0.00447	0.00619	0.00177	0.00878	0.00616	0.00267	0.00719
8	0.00644	0.00460	0.00613	0.00736	0.00767	0.00429	0.00491	0.00736	0.01012	0.01350	0.02914	0.81076	0.03497	0.01656	0.00675	0.00215	0.00307	0.01503	0.00491	0.00429
9	0.00918	0.00459	0.00689	0.00689	0.00689	0.00459	0.00459	0.00689	0.00689	0.00918	0.00918	0.01607	0.00918	0.01837	0.02066	0.84619	0.00459	0.00459	0.00230	0.00230
10	0.00632	0.00536	0.00545	0.00543	0.00718	0.00449	0.00407	0.00772	0.01221	0.01467	0.09454	0.05023	0.73786	0.01324	0.00625	0.00178	0.00267	0.01107	0.00496	0.00449
11	0.01449	0.76748	0.02690	0.00933	0.01374	0.06956	0.00912	0.01616	0.01101	0.01247	0.00740	0.00855	0.00679	0.00458	0.00348	0.00115	0.00590	0.00286	0.00229	0.00674
12	0.01096	0.00940	0.01096	0.00783	0.01253	0.00705	0.00626	0.01331	0.01096	0.01723	0.00940	0.01096	0.00783	0.00392	0.00392	0.00078	0.00392	0.00313	0.00313	0.84653
13	0.01719	0.01042	0.01266	0.01130	0.05578	0.01072	0.00863	0.22369	0.13589	0.25691	0.07910	0.04152	0.01709	0.00773	0.00555	0.00171	0.00470	0.06659	0.02483	0.00799

[dist]
# distance from previous block
# <min> <max>
0	1

[block]
# block no. 10 follows, 46 sequences, length 22
# corresponding to MSA columns:
# 396-406,408-418
name=unknown_K
#
# <colnr> <probs for GDERKNQSTAVLIFYWHMCP>
#	G	D	E	R	K	N	Q	S	T	A	V	L	I	F	Y	W	H	M	C	P
0	0.01060	0.02735	0.78682	0.01507	0.02288	0.01228	0.01953	0.01674	0.01116	0.01674	0.00949	0.01116	0.00670	0.00502	0.00502	0.00167	0.00781	0.00391	0.00223	0.00781
1	0.00758	0.00505	0.00579	0.00595	0.00602	0.00501	0.00344	0.00777	0.00810	0.01093	0.01830	0.13556	0.02112	0.68805	0.02364	0.00463	0.00478	0.00857	0.02628	0.00339
2	0.00835	0.00599	0.00866	0.00879	0.03986	0.00559	0.03968	0.01037	0.01295	0.05284	0.40105	0.29323	0.03877	0.02660	0.00672	0.00190	0.00331	0.02501	0.00521	0.00514
3	0.01239	0.01677	0.20567	0.01944	0.02505	0.01272	0.51702	0.01696	0.01212	0.05175	0.01122	0.03261	0.00856	0.00510	0.00621	0.00177	0.02878	0.00582	0.00279	0.00727
4	0.00756	0.00565	0.00840	0.00840	0.00931	0.00656	0.00649	0.00938	0.00847	0.01220	0.01425	0.02126	0.01343	0.06691	0.76629	0.00838	0.01384	0.00574	0.00285	0.00467
5	0.01359	0.02673	0.02616	0.01077	0.01357	0.13521	0.03469	0.07994	0.35210	0.03381	0.15731	0.02130	0.01979	0.04367	0.00639	0.00182	0.00515	0.00612	0.00475	0.00714
6	0.01157	0.01157	0.01619	0.01388	0.01388	0.01619	0.01157	0.01272	0.00810	0.01272	0.00694	0.01157	0.00694	0.00925	0.01735	0.00231	0.80453	0.00463	0.00231	0.00578
7	0.01573	0.01126	0.01293	0.01135	0.04858	0.05981	0.04207	0.15570	0.19598	0.18569	0.05899	0.02226	0.10791	0.03970	0.00635	0.00181	0.00496	0.00628	0.00508	0.00757
8	0.79824	0.01022	0.00805	0.00715	0.01044	0.01177	0.00588	0.01627	0.03328	0.04835	0.00825	0.00924	0.00629	0.00503	0.00340	0.00164	0.00411	0.00304	0.00344	0.00591
9	0.01493	0.55459	0.07999	0.01036	0.01479	0.16377	0.00993	0.03535	0.01193	0.01358	0.00789	0.00909	0.00689	0.00475	0.00384	0.00121	0.00646	0.00308	0.00246	0.04512
10	0.01230	0.00951	0.01121	0.00809	0.01272	0.00737	0.00650	0.03541	0.01171	0.08290	0.01046	0.01161	0.00831	0.00421	0.00407	0.00088	0.00402	0.00336	0.00348	0.75188
11	0.00791	0.00552	0.00705	0.00660	0.00801	0.00503	0.00497	0.01026	0.01464	0.04731	0.66854	0.04004	0.13229	0.01095	0.00620	0.00168	0.00259	0.00959	0.00574	0.00507
12	0.01413	0.81739	0.02770	0.00905	0.01357	0.02092	0.00905	0.01583	0.01074	0.01244	0.00735	0.00848	0.00678	0.00452	0.00339	0.00113	0.00565	0.00283	0.00226	0.00678
13	0.00734	0.00540	0.00687	0.00650	0.00781	0.00493	0.00488	0.00970	0.01463	0.02040	0.69429	0.04081	0.13453	0.01111	0.00624	0.00168	0.00252	0.00975	0.00571	0.00493
14	0.01315	0.01136	0.01195	0.01076	0.01375	0.01315	0.00837	0.02809	0.77168	0.02211	0.02152	0.01972	0.01614	0.00717	0.00538	0.00179	0.00418	0.00598	0.00538	0.00837
15	0.00769	0.00513	0.00577	0.00577	0.00577	0.00513	0.00320	0.00769	0.00769	0.01025	0.01666	0.03460	0.01922	0.81421	0.02691	0.00513	0.00513	0.00769	0.00320	0.00320
16	0.51664	0.01167	0.01078	0.00886	0.01251	0.01309	0.00731	0.26590	0.01472	0.07973	0.01008	0.01061	0.00733	0.00550	0.00409	0.00162	0.00469	0.00367	0.00417	0.00704
17	0.01273	0.00925	0.01103	0.03309	0.01288	0.00829	0.00786	0.01354	0.01675	0.02362	0.53435	0.14224	0.04631	0.01459	0.00840	0.00270	0.00478	0.08307	0.00698	0.00755
18	0.01255	0.01200	0.02020	0.03034	0.72087	0.01193	0.01527	0.01555	0.01204	0.01704	0.01334	0.01603	0.06847	0.00539	0.00531	0.00159	0.00600	0.00521	0.00280	0.00807
19	0.01038	0.02561	0.72591	0.01434	0.02155	0.01172	0.01826	0.01604	0.01089	0.01624	0.01005	0.01299	0.00767	0.06812	0.00673	0.00194	0.00760	0.00420	0.00231	0.00745
20	0.01363	0.00985	0.01125	0.01148	0.01281	0.00912	0.00790	0.11656	0.01534	0.02099	0.03027	0.64412	0.03392	0.01754	0.00852	0.00293	0.00526	0.01437	0.00650	0.00763
21	0.01265	0.01202	0.02045	0.03058	0.72105	0.01210	0.01547	0.01570	0.01176	0.01688	0.01027	0.01368	0.00875	0.00743	0.06668	0.00211	0.00689	0.00478	0.00263	0.00809

[dist]
# distance from previous block
# <min> <max>
0	13

[block]
# block no. 11 follows, 46 sequences, length 22
# corresponding to MSA columns:
# 432-438,444-458
name=unknown_L
#
# <colnr> <probs for GDERKNQSTAVLIFYWHMCP>
#	G	D	E	R	K	N	Q	S	T	A	V	L	I	F	Y	W	H	M	C	P
0	0.02372	0.00900	0.01227	0.00941	0.01350	0.00777	0.00777	0.02576	0.01513	0.78489	0.02086	0.01799	0.01309	0.00654	0.00532	0.00164	0.00450	0.00532	0.00654	0.00900
