[name]
unknown

[dist]
# distance from previous block
# <min> <max>
0	12

[block]
# block no. 0 follows, 55 sequences, length 10
# corresponding to MSA columns:
# 24-33
name=unknown_A
#
# <colnr> <probs for GDERKNQSTAVLIFYWHMCP>
#	G	D	E	R	K	N	Q	S	T	A	V	L	I	F	Y	W	H	M	C	P
0	0.06099	0.00763	0.00920	0.00789	0.01034	0.00759	0.00638	0.07859	0.11442	0.21047	0.22018	0.02378	0.02086	0.00741	0.00516	0.00149	0.02459	0.09775	0.00468	0.08057
1	0.19492	0.00978	0.01083	0.00911	0.03217	0.05778	0.02806	0.07452	0.11437	0.35894	0.03207	0.01360	0.01032	0.00539	0.00429	0.00142	0.00429	0.00421	0.00447	0.02947
2	0.00611	0.00448	0.00578	0.00664	0.00711	0.00433	0.00452	0.00782	0.06104	0.01279	0.07296	0.73096	0.03049	0.01372	0.00583	0.00184	0.00273	0.01241	0.00439	0.00405
3	0.02087	0.00792	0.01080	0.00828	0.01188	0.00684	0.00684	0.02267	0.01332	0.81071	0.01835	0.01583	0.01152	0.00576	0.00468	0.00144	0.00396	0.00468	0.00576	0.00792
4	0.01033	0.00825	0.00972	0.00697	0.01108	0.00624	0.00559	0.01238	0.00987	0.06338	0.00888	0.01002	0.00717	0.00359	0.00352	0.00073	0.00348	0.00287	0.00294	0.81300
5	0.86937	0.00900	0.00684	0.00612	0.00900	0.01044	0.00504	0.01368	0.00792	0.02087	0.00648	0.00756	0.00504	0.00432	0.00288	0.00144	0.00360	0.00252	0.00288	0.00504
6	0.00575	0.00419	0.00542	0.00624	0.00673	0.00386	0.00425	0.00675	0.00953	0.01268	0.11292	0.67174	0.10525	0.01376	0.00585	0.00181	0.00261	0.01238	0.00441	0.00386
7	0.01819	0.01275	0.01340	0.01039	0.01401	0.06160	0.00852	0.61982	0.01995	0.15576	0.01210	0.01176	0.00838	0.00557	0.00463	0.00139	0.00513	0.00420	0.00470	0.00776
8	0.00879	0.00827	0.01395	0.82532	0.03204	0.01034	0.01292	0.01189	0.00930	0.01189	0.00827	0.01240	0.00620	0.00465	0.00465	0.00155	0.00620	0.00413	0.00207	0.00517
9	0.01151	0.01105	0.01888	0.02855	0.80748	0.01105	0.01428	0.01428	0.01059	0.01520	0.00875	0.01151	0.00737	0.00415	0.00461	0.00138	0.00553	0.00415	0.00230	0.00737

[dist]
# distance from previous block
# <min> <max>
0	3

[block]
# block no. 1 follows, 55 sequences, length 128
# corresponding to MSA columns:
# 37-49,81-83,88-146,165-217
name=unknown_B
#
# <colnr> <probs for GDERKNQSTAVLIFYWHMCP>
#	G	D	E	R	K	N	Q	S	T	A	V	L	I	F	Y	W	H	M	C	P
0	0.00635	0.00475	0.00590	0.00561	0.00681	0.00429	0.00421	0.00833	0.01262	0.01736	0.64428	0.03688	0.20545	0.00999	0.00549	0.00149	0.00223	0.00871	0.00495	0.00429
1	0.00579	0.00413	0.00553	0.00661	0.00694	0.00388	0.00453	0.00668	0.00902	0.01201	0.02558	0.78267	0.03051	0.01446	0.00597	0.00191	0.00280	0.06285	0.00432	0.00381
2	0.00991	0.13394	0.68127	0.01236	0.01871	0.01168	0.01559	0.01467	0.00988	0.02751	0.01920	0.00994	0.00652	0.00445	0.00424	0.00141	0.00651	0.00340	0.00207	0.00674
3	0.01120	0.00888	0.00931	0.00825	0.01066	0.00989	0.00645	0.12744	0.46933	0.01963	0.02090	0.02001	0.11462	0.00678	0.00460	0.00148	0.00348	0.00556	0.13499	0.00654
4	0.00914	0.00863	0.01459	0.72299	0.13163	0.01043	0.01309	0.01219	0.00947	0.01231	0.00833	0.01229	0.00635	0.00459	0.00465	0.00153	0.00611	0.00414	0.00210	0.00545
5	0.01185	0.00960	0.01025	0.00915	0.01179	0.01089	0.00714	0.02369	0.71020	0.06875	0.02031	0.01864	0.05377	0.00655	0.00477	0.00157	0.00363	0.00545	0.00478	0.00723
6	0.01190	0.69878	0.16021	0.00887	0.01335	0.01710	0.00955	0.01407	0.00952	0.01160	0.00679	0.00787	0.00596	0.00406	0.00323	0.00108	0.00530	0.00265	0.00199	0.00613
7	0.01528	0.01220	0.01217	0.01011	0.01323	0.08825	0.00807	0.33141	0.35371	0.08304	0.01467	0.01392	0.01070	0.00584	0.00465	0.00146	0.00472	0.00457	0.00456	0.00744
8	0.00980	0.00851	0.02210	0.00701	0.01118	0.00628	0.00571	0.01191	0.00970	0.02634	0.00841	0.00974	0.00694	0.00349	0.00348	0.00071	0.00351	0.00279	0.00279	0.83960
9	0.01128	0.53590	0.31766	0.00993	0.01499	0.01558	0.01139	0.01423	0.00959	0.01235	0.00717	0.00834	0.00594	0.00414	0.00352	0.00117	0.00568	0.00284	0.00198	0.00631
10	0.00620	0.00454	0.00586	0.00656	0.00712	0.00437	0.00452	0.00802	0.05921	0.01352	0.15898	0.64520	0.03198	0.01319	0.00578	0.00180	0.00267	0.01190	0.00448	0.00411
11	0.00615	0.00463	0.00631	0.07877	0.00901	0.00451	0.00505	0.00751	0.01005	0.01352	0.20914	0.52300	0.08029	0.01233	0.00569	0.00174	0.00287	0.01107	0.00431	0.00406
12	0.08525	0.03788	0.01174	0.00874	0.01230	0.02573	0.00725	0.20037	0.01475	0.52464	0.01514	0.01367	0.00988	0.00553	0.00447	0.00141	0.00433	0.00429	0.00508	0.00758
13	0.01651	0.01142	0.01232	0.00960	0.01291	0.01246	0.00788	0.62880	0.01954	0.07317	0.01220	0.01238	0.00873	0.00557	0.00444	0.00135	0.00460	0.00424	0.13451	0.00737
14	0.00567	0.00405	0.00540	0.00648	0.00675	0.00378	0.00432	0.00648	0.00891	0.01188	0.02564	0.83347	0.03077	0.01457	0.00594	0.00189	0.00270	0.01323	0.00432	0.00378
15	0.16170	0.02419	0.08418	0.01222	0.07496	0.28694	0.06383	0.08124	0.02718	0.11942	0.00943	0.01028	0.00703	0.00481	0.00432	0.00136	0.01398	0.00358	0.00309	0.00625
16	0.06780	0.00978	0.01065	0.00913	0.01206	0.01080	0.00724	0.09160	0.52231	0.17981	0.01735	0.01589	0.01253	0.00601	0.00460	0.00153	0.00386	0.00488	0.00482	0.00738
17	0.00567	0.00405	0.00540	0.00648	0.00675	0.00378	0.00432	0.00648	0.00891	0.01188	0.02564	0.83347	0.03077	0.01457	0.00594	0.00189	0.00270	0.01323	0.00432	0.00378
18	0.01768	0.01303	0.01396	0.01070	0.01443	0.01443	0.00884	0.79197	0.02187	0.02932	0.01117	0.01117	0.00791	0.00558	0.00465	0.00140	0.00512	0.00419	0.00465	0.00791
19	0.06312	0.13952	0.09358	0.00972	0.01327	0.01318	0.00867	0.21035	0.36109	0.02019	0.01332	0.01299	0.01002	0.00547	0.00431	0.00143	0.00455	0.00423	0.00391	0.00710
20	0.00664	0.00446	0.00511	0.00523	0.00527	0.00443	0.00299	0.00673	0.00701	0.00935	0.01591	0.12216	0.01850	0.74263	0.02165	0.00421	0.00430	0.00750	0.00299	0.00293
21	0.00665	0.00495	0.00732	0.00732	0.00810	0.00573	0.00562	0.00821	0.00743	0.01068	0.01260	0.01907	0.01197	0.08703	0.76639	0.00728	0.01194	0.00510	0.00251	0.00407
22	0.06590	0.13643	0.08595	0.00897	0.01231	0.05906	0.00792	0.05327	0.28980	0.06607	0.08109	0.01447	0.01260	0.00553	0.00424	0.00134	0.00438	0.00433	0.00373	0.08263
23	0.01060	0.29038	0.42920	0.01242	0.01794	0.01349	0.12598	0.01445	0.00983	0.01347	0.00785	0.00945	0.00609	0.00425	0.00424	0.00134	0.01709	0.00343	0.00203	0.00647
24	0.01738	0.02217	0.01318	0.01199	0.01438	0.81783	0.00899	0.01858	0.01318	0.01139	0.00719	0.00839	0.00599	0.00479	0.00419	0.00120	0.00839	0.00300	0.00240	0.00539
25	0.06294	0.01071	0.01099	0.00955	0.01239	0.02617	0.00753	0.16647	0.59472	0.02123	0.01656	0.01548	0.01235	0.00603	0.00460	0.00153	0.00403	0.00486	0.00457	0.00729
26	0.01139	0.00845	0.01121	0.00822	0.01214	0.00677	0.07306	0.02382	0.01045	0.13607	0.01076	0.04990	0.00875	0.00439	0.00394	0.00094	0.00389	0.00380	0.00328	0.60878
27	0.01401	0.01010	0.01818	0.03946	0.01755	0.01010	0.33232	0.01660	0.01109	0.28862	0.02515	0.02801	0.00943	0.00554	0.00676	0.00159	0.14006	0.00509	0.00355	0.01681
28	0.02940	0.00969	0.05805	0.00894	0.01271	0.00838	0.00773	0.13496	0.03968	0.61479	0.01659	0.01475	0.01067	0.00566	0.00464	0.00144	0.00429	0.00453	0.00531	0.00780
29	0.00879	0.00827	0.01395	0.82532	0.03204	0.01034	0.01292	0.01189	0.00930	0.01189	0.00827	0.01240	0.00620	0.00465	0.00465	0.00155	0.00620	0.00413	0.00207	0.00517
30	0.00879	0.00827	0.01395	0.82532	0.03204	0.01034	0.01292	0.01189	0.00930	0.01189	0.00827	0.01240	0.00620	0.00465	0.00465	0.00155	0.00620	0.00413	0.00207	0.00517
31	0.22924	0.01718	0.01250	0.06384	0.01477	0.49597	0.05393	0.03651	0.01171	0.01445	0.00731	0.00876	0.00588	0.00464	0.00398	0.00131	0.00694	0.00313	0.00255	0.00541
32	0.00567	0.00405	0.00540	0.00648	0.00675	0.00378	0.00432	0.00648	0.00891	0.01188	0.02564	0.83347	0.03077	0.01457	0.00594	0.00189	0.00270	0.01323	0.00432	0.00378
33	0.00925	0.00880	0.01505	0.68474	0.14823	0.01048	0.03339	0.01232	0.00954	0.01246	0.00837	0.01227	0.00640	0.00456	0.00467	0.00153	0.00614	0.00417	0.00211	0.00553
34	0.01725	0.01247	0.01346	0.01046	0.01407	0.01375	0.00859	0.67671	0.09792	0.06872	0.01230	0.01202	0.00872	0.00567	0.00466	0.00142	0.00492	0.00432	0.00472	0.00786
35	0.01371	0.01044	0.01127	0.00962	0.01257	0.01174	0.00763	0.18607	0.56362	0.09386	0.01725	0.01592	0.01263	0.00611	0.00471	0.00153	0.00401	0.00498	0.00481	0.00753
36	0.00561	0.00472	0.00487	0.00483	0.00635	0.00398	0.00363	0.00690	0.01088	0.01322	0.12804	0.04370	0.72428	0.01154	0.00550	0.00156	0.00234	0.00967	0.00441	0.00398
37	0.00965	0.10893	0.73037	0.01271	0.01928	0.01160	0.01623	0.01465	0.00978	0.01434	0.00815	0.00958	0.00590	0.00437	0.00427	0.00142	0.00668	0.00334	0.00197	0.00678
38	0.01199	0.01268	0.01725	0.16285	0.38852	0.16522	0.09243	0.01490	0.03585	0.01388	0.00900	0.02501	0.00746	0.00464	0.00482	0.00142	0.01907	0.00425	0.00239	0.00640
39	0.00972	0.00897	0.01483	0.70074	0.02998	0.01079	0.06314	0.08120	0.01053	0.01363	0.00860	0.01230	0.00641	0.00469	0.00471	0.00154	0.00621	0.00423	0.00231	0.00548
40	0.45855	0.00987	0.00956	0.00780	0.01103	0.01080	0.00643	0.23349	0.01288	0.17428	0.01016	0.01026	0.00716	0.00496	0.00372	0.00142	0.00408	0.00342	0.01375	0.00639
41	0.00573	0.00409	0.00545	0.00644	0.00676	0.00382	0.00432	0.00663	0.00918	0.01232	0.07634	0.78151	0.03162	0.01425	0.00591	0.00186	0.00267	0.01291	0.00437	0.00382
42	0.01492	0.15348	0.08695	0.06379	0.01595	0.01288	0.07851	0.29026	0.06532	0.14676	0.01137	0.01175	0.00818	0.00510	0.00454	0.00139	0.01393	0.00409	0.00374	0.00710
43	0.00686	0.00498	0.00527	0.00507	0.00679	0.00418	0.00384	0.00809	0.01081	0.08327	0.04413	0.05870	0.71904	0.01131	0.00543	0.00157	0.00251	0.00943	0.00445	0.00428
44	0.01769	0.02091	0.01297	0.01166	0.01416	0.74597	0.00880	0.01894	0.01320	0.08221	0.00818	0.00905	0.00648	0.00488	0.00424	0.00122	0.00800	0.00315	0.00269	0.00562
45	0.02138	0.02414	0.27776	0.20800	0.01902	0.01065	0.01201	0.05659	0.07988	0.01459	0.02164	0.08627	0.02579	0.00632	0.00609	0.00160	0.11468	0.00494	0.00271	0.00592
46	0.01101	0.11681	0.32912	0.06974	0.01849	0.01186	0.13920	0.01448	0.00983	0.08405	0.00921	0.02796	0.00716	0.00517	0.00606	0.00152	0.12546	0.00411	0.00243	0.00632
47	0.00677	0.00451	0.00507	0.00507	0.00507	0.00451	0.00282	0.00677	0.00677	0.00902	0.01466	0.03044	0.01691	0.83650	0.02368	0.00451	0.00451	0.00677	0.00282	0.00282
48	0.00567	0.00410	0.00536	0.00635	0.00672	0.00380	0.00426	0.00652	0.00908	0.01201	0.03660	0.76858	0.08516	0.01432	0.00590	0.00186	0.00267	0.01293	0.00433	0.00380
49	0.07151	0.18501	0.13819	0.12058	0.01645	0.02075	0.09460	0.04787	0.02102	0.10142	0.01177	0.12929	0.01042	0.00599	0.00442	0.00144	0.00524	0.00509	0.00300	0.00596
50	0.09508	0.00942	0.06281	0.00858	0.01233	0.00794	0.00749	0.07452	0.01320	0.63495	0.01615	0.01439	0.01033	0.00553	0.00450	0.00144	0.00420	0.00437	0.00518	0.00759
51	0.01741	0.01096	0.01241	0.00973	0.01311	0.01159	0.00794	0.53083	0.01859	0.22233	0.01424	0.08519	0.01083	0.00642	0.00477	0.00145	0.00462	0.00511	0.00490	0.00755
52	0.06426	0.12632	0.30708	0.02161	0.01558	0.02705	0.08923	0.03732	0.04359	0.04477	0.01159	0.13864	0.01049	0.00620	0.00490	0.00150	0.03585	0.00515	0.00279	0.00607
53	0.17157	0.00956	0.01147	0.00894	0.01247	0.00952	0.05588	0.15118	0.09731	0.28252	0.01299	0.01258	0.00905	0.00507	0.00422	0.00135	0.00423	0.00404	0.00428	0.13177
54	0.01615	0.00710	0.00943	0.00763	0.01044	0.00638	0.00615	0.01869	0.05689	0.53341	0.25018	0.02149	0.02121	0.00689	0.00492	0.00145	0.00342	0.00581	0.00551	0.00685
55	0.00940	0.01014	0.02034	0.01514	0.01857	0.00968	0.52388	0.01235	0.01050	0.01397	0.01796	0.09138	0.16361	0.00663	0.00609	0.00162	0.05336	0.00693	0.00289	0.00553
56	0.08603	0.01109	0.09354	0.09877	0.31354	0.00992	0.15701	0.01295	0.01006	0.01480	0.01239	0.09478	0.05348	0.00566	0.00479	0.00151	0.00553	0.00540	0.00262	0.00614
57	0.01950	0.00812	0.01077	0.00846	0.01186	0.00733	0.00701	0.08565	0.01386	0.68064	0.03125	0.01814	0.01275	0.00627	0.00480	0.00148	0.00405	0.05488	0.00556	0.00762
58	0.00567	0.00405	0.00540	0.00648	0.00675	0.00378	0.00432	0.00648	0.00891	0.01188	0.02564	0.83347	0.03077	0.01457	0.00594	0.00189	0.00270	0.01323	0.00432	0.00378
59	0.01307	0.77007	0.02329	0.00806	0.01199	0.03440	0.00791	0.01458	0.00977	0.06112	0.00723	0.00801	0.00632	0.00411	0.00312	0.00103	0.00498	0.00264	0.00223	0.00608
60	0.01125	0.05785	0.06931	0.37045	0.03449	0.00972	0.04031	0.04293	0.04184	0.14127	0.11224	0.01553	0.01232	0.00546	0.00467	0.00147	0.00518	0.00472	0.01308	0.00593
61	0.00658	0.00476	0.00622	0.00585	0.00695	0.00439	0.00439	0.00878	0.01317	0.01866	0.80503	0.03475	0.04390	0.00951	0.00549	0.00146	0.00219	0.00841	0.00512	0.00439
62	0.00998	0.08721	0.52543	0.01396	0.01957	0.01192	0.16545	0.01439	0.00978	0.01414	0.00820	0.01019	0.00614	0.00462	0.00547	0.00150	0.07966	0.00381	0.00205	0.00653
63	0.13866	0.06228	0.28580	0.07665	0.02595	0.02794	0.02180	0.02645	0.01048	0.20470	0.01123	0.05361	0.00849	0.00533	0.00449	0.00146	0.02090	0.00416	0.00319	0.00645
64	0.08652	0.07359	0.53877	0.01287	0.01872	0.01164	0.10864	0.06901	0.01061	0.01607	0.00839	0.00989	0.00610	0.00440	0.00434	0.00145	0.00646	0.00360	0.00228	0.00665
65	0.00643	0.00455	0.00597	0.00608	0.00693	0.00420	0.00438	0.00813	0.01166	0.02617	0.51406	0.31008	0.05137	0.01125	0.00563	0.00161	0.00239	0.01005	0.00484	0.00422
66	0.02576	0.28839	0.08961	0.01051	0.01373	0.34855	0.00933	0.03091	0.01126	0.05330	0.00761	0.00879	0.00629	0.00483	0.00474	0.00124	0.07380	0.00306	0.00242	0.00587
67	0.23155	0.00951	0.04009	0.00825	0.01165	0.00908	0.00700	0.15587	0.01320	0.40267	0.02777	0.04159	0.01028	0.00569	0.00427	0.00145	0.00411	0.00437	0.00464	0.00695
68	0.00565	0.00411	0.00534	0.00633	0.00671	0.00379	0.00425	0.00649	0.00905	0.01193	0.02748	0.76612	0.09693	0.01434	0.00590	0.00186	0.00267	0.01293	0.00432	0.00379
69	0.09249	0.03469	0.01070	0.00838	0.01137	0.06414	0.00676	0.13132	0.04446	0.39460	0.06989	0.06661	0.01353	0.02369	0.00496	0.00150	0.00423	0.00509	0.00476	0.00680
70	0.04284	0.19976	0.27873	0.01057	0.03125	0.02179	0.03094	0.07423	0.01125	0.16365	0.01150	0.08350	0.00935	0.00554	0.00427	0.00139	0.00530	0.00441	0.00315	0.00658
71	0.06607	0.00719	0.00755	0.00644	0.00855	0.00755	0.00513	0.21402	0.01309	0.09096	0.01388	0.01500	0.01042	0.00542	0.00372	0.00122	0.00318	0.00421	0.51078	0.00562
72	0.00862	0.00431	0.00448	0.00448	0.00547	0.00431	0.00332	0.01045	0.00945	0.01659	0.01460	0.01708	0.01161	0.00630	0.00447	0.07170	0.00232	0.00431	0.79198	0.00415
73	0.04177	0.42099	0.11222	0.13419	0.08106	0.03761	0.01023	0.04167	0.05620	0.01338	0.00806	0.00955	0.00663	0.00437	0.00373	0.00124	0.00541	0.00322	0.00232	0.00617
74	0.01267	0.01033	0.01604	0.26196	0.27911	0.02394	0.06949	0.11112	0.03954	0.11439	0.01047	0.01250	0.00779	0.00474	0.00470	0.00146	0.00564	0.00433	0.00304	0.00673
75	0.00711	0.00508	0.00560	0.00550	0.00719	0.00436	0.00432	0.00846	0.01086	0.08345	0.04180	0.04316	0.63906	0.01138	0.00554	0.00163	0.00274	0.10400	0.00444	0.00432
76	0.07315	0.01067	0.09732	0.00995	0.01390	0.00886	0.07746	0.08705	0.05905	0.49071	0.01514	0.01405	0.00995	0.00538	0.00461	0.00146	0.00467	0.00447	0.00471	0.00744
77	0.04225	0.08578	0.12742	0.01722	0.32683	0.06113	0.02117	0.01478	0.01070	0.11044	0.04358	0.04945	0.01036	0.00545	0.00488	0.00143	0.03405	0.02359	0.00292	0.00658
78	0.01723	0.00834	0.01049	0.00834	0.01146	0.00798	0.00678	0.13416	0.08418	0.49523	0.14647	0.01839	0.01654	0.00640	0.00481	0.00145	0.00382	0.00527	0.00540	0.00729
79	0.00579	0.00414	0.00550	0.00640	0.00677	0.00386	0.00433	0.00677	0.00945	0.01275	0.12574	0.73089	0.03246	0.01392	0.00588	0.00183	0.00263	0.01261	0.00442	0.00386
80	0.04853	0.06546	0.01379	0.01030	0.01372	0.18977	0.03041	0.33236	0.01625	0.21663	0.01155	0.01139	0.00813	0.00526	0.00441	0.00134	0.00557	0.00392	0.00413	0.00709
81	0.11567	0.01247	0.01292	0.01115	0.06320	0.06013	0.00852	0.49807	0.10234	0.05274	0.01133	0.01144	0.00823	0.00539	0.00443	0.00141	0.00496	0.00405	0.00422	0.00734
82	0.01168	0.00721	0.00765	0.00668	0.00869	0.00768	0.00525	0.17275	0.13761	0.06648	0.01514	0.01600	0.01144	0.00561	0.00386	0.00125	0.00311	0.00447	0.50166	0.00575
83	0.01459	0.01311	0.03493	0.18935	0.11999	0.14419	0.01048	0.29817	0.05132	0.06333	0.01026	0.01153	0.00759	0.00508	0.00457	0.00141	0.00586	0.00403	0.00342	0.00678
84	0.01826	0.01065	0.09607	0.00931	0.01319	0.00894	0.00831	0.14770	0.08771	0.52500	0.01618	0.01458	0.01058	0.00564	0.00465	0.00145	0.00443	0.00452	0.00508	0.00775
85	0.01500	0.01125	0.01289	0.06140	0.01475	0.01247	0.03063	0.41779	0.25572	0.07538	0.03444	0.01408	0.01086	0.00581	0.00472	0.00147	0.00468	0.00469	0.00453	0.00744
86	0.06316	0.01017	0.01075	0.00929	0.01215	0.01149	0.00735	0.14526	0.56247	0.07244	0.01751	0.01626	0.02855	0.00615	0.00462	0.00153	0.00390	0.00498	0.00467	0.00728
87	0.57827	0.00922	0.00852	0.00714	0.01026	0.01012	0.00588	0.09805	0.03041	0.18891	0.00980	0.00994	0.00694	0.00481	0.00349	0.00144	0.00384	0.00322	0.00372	0.00601
88	0.08952	0.57589	0.04063	0.00845	0.01225	0.07775	0.00801	0.06925	0.01071	0.05998	0.00760	0.00835	0.00635	0.00430	0.00332	0.00112	0.00511	0.00280	0.00251	0.00612
89	0.00561	0.00450	0.00503	0.00543	0.00654	0.00392	0.00392	0.00669	0.01002	0.01237	0.03908	0.31694	0.51629	0.01278	0.00568	0.00170	0.00253	0.03278	0.00432	0.00389
90	0.00566	0.00449	0.00510	0.00543	0.00651	0.00392	0.00389	0.00682	0.01027	0.01293	0.11480	0.31573	0.46297	0.01252	0.00565	0.00167	0.00246	0.01085	0.00440	0.00392
91	0.02834	0.06354	0.02435	0.00985	0.01316	0.05096	0.00824	0.38104	0.05093	0.22524	0.03500	0.01281	0.00974	0.00577	0.00522	0.00143	0.05836	0.00428	0.00445	0.00731
92	0.01197	0.12482	0.18067	0.00999	0.01378	0.01202	0.00949	0.03068	0.45973	0.07521	0.01489	0.01425	0.01107	0.00555	0.00443	0.00146	0.00456	0.00445	0.00386	0.00712
93	0.01199	0.00989	0.01087	0.00964	0.01209	0.01153	0.00758	0.02340	0.68299	0.06497	0.01776	0.01663	0.01333	0.00644	0.00566	0.00161	0.07673	0.00512	0.00455	0.00719
94	0.01039	0.12233	0.59406	0.08424	0.01966	0.01145	0.01502	0.01488	0.00995	0.06394	0.00874	0.01014	0.00628	0.00447	0.00428	0.00142	0.00640	0.00346	0.00221	0.00668
95	0.08544	0.00875	0.01406	0.63358	0.14597	0.01045	0.01242	0.01240	0.00937	0.01318	0.00818	0.01184	0.00627	0.00455	0.00449	0.00152	0.00587	0.00399	0.00217	0.00549
96	0.00578	0.00411	0.00543	0.00644	0.00671	0.00386	0.00430	0.00657	0.00881	0.01174	0.02493	0.76516	0.02981	0.06609	0.00706	0.00206	0.00285	0.03034	0.00422	0.00373
97	0.06223	0.01164	0.01808	0.11462	0.43396	0.07117	0.13487	0.04184	0.01103	0.04321	0.00897	0.01145	0.00711	0.00433	0.00462	0.00142	0.00600	0.00420	0.00253	0.00670
98	0.01052	0.01149	0.02094	0.18453	0.02286	0.06185	0.44380	0.01359	0.01020	0.01345	0.00960	0.05990	0.00809	0.00524	0.00640	0.00161	0.10250	0.00534	0.00237	0.00571
99	0.01112	0.12472	0.54117	0.01275	0.01857	0.06221	0.08336	0.01540	0.01032	0.06584	0.00878	0.01007	0.00638	0.00443	0.00434	0.00140	0.00663	0.00355	0.00228	0.00668
100	0.00671	0.00441	0.00585	0.00659	0.00703	0.00419	0.00446	0.00753	0.00899	0.05835	0.02411	0.71576	0.02825	0.07075	0.00725	0.00205	0.01736	0.01212	0.00426	0.00398
101	0.01136	0.10309	0.56445	0.01250	0.01843	0.03206	0.06510	0.01573	0.01037	0.11073	0.00941	0.01045	0.00666	0.00452	0.00437	0.00142	0.00643	0.00361	0.00246	0.00683
102	0.01125	0.00748	0.00884	0.00852	0.05925	0.05084	0.00615	0.03565	0.05640	0.19933	0.27515	0.04898	0.16589	0.00832	0.00538	0.00150	0.02454	0.01627	0.00465	0.00563
103	0.01153	0.00883	0.00951	0.00836	0.01083	0.02053	0.00654	0.09152	0.43108	0.08928	0.12303	0.02272	0.13143	0.00738	0.00492	0.00153	0.00352	0.00614	0.00477	0.00656
104	0.01047	0.01324	0.21642	0.08316	0.03652	0.01091	0.01824	0.01984	0.46288	0.01709	0.01558	0.03844	0.02475	0.00593	0.00470	0.00155	0.00476	0.00497	0.00368	0.00687
105	0.01109	0.01271	0.07347	0.09733	0.02344	0.01171	0.56890	0.06065	0.06264	0.01573	0.00995	0.01260	0.00742	0.00428	0.00524	0.00155	0.00719	0.00514	0.00259	0.00637
106	0.00923	0.00874	0.01470	0.68412	0.14833	0.01055	0.01305	0.01223	0.00944	0.01237	0.00829	0.01221	0.00637	0.00467	0.00492	0.00154	0.02751	0.00413	0.00210	0.00550
107	0.01262	0.01226	0.02387	0.01814	0.07120	0.01184	0.57597	0.13471	0.01277	0.06365	0.01016	0.01246	0.00747	0.00430	0.00526	0.00152	0.00705	0.00516	0.00290	0.00669
108	0.07039	0.05086	0.47586	0.01321	0.06720	0.01040	0.09355	0.01455	0.01034	0.06193	0.07945	0.01252	0.00974	0.00486	0.00449	0.00145	0.00600	0.00410	0.00259	0.00652
109	0.00675	0.00531	0.00589	0.00596	0.00734	0.00491	0.00446	0.07639	0.01116	0.01395	0.03680	0.25246	0.47958	0.01204	0.00560	0.00168	0.00281	0.05830	0.00435	0.00426
110	0.00720	0.00483	0.00626	0.00602	0.00716	0.00441	0.00447	0.00910	0.01237	0.06287	0.59471	0.15515	0.08735	0.01020	0.00551	0.00153	0.00238	0.00901	0.00499	0.00447
111	0.08226	0.01362	0.12226	0.01020	0.01412	0.06993	0.00919	0.36491	0.04560	0.20373	0.01207	0.01180	0.00833	0.00534	0.00446	0.00141	0.00516	0.00402	0.00424	0.00735
112	0.00988	0.00728	0.00948	0.06104	0.01115	0.04514	0.10601	0.04548	0.06001	0.03657	0.01490	0.10829	0.01279	0.01501	0.01402	0.00144	0.00393	0.00551	0.42704	0.00504
113	0.00677	0.00451	0.00507	0.00507	0.00507	0.00451	0.00282	0.00677	0.00677	0.00902	0.01466	0.03044	0.01691	0.83650	0.02368	0.00451	0.00451	0.00677	0.00282	0.00282
114	0.00569	0.00406	0.00541	0.00647	0.00675	0.00379	0.00432	0.00652	0.00899	0.01201	0.04146	0.81726	0.03104	0.01447	0.00593	0.00188	0.00269	0.01313	0.00433	0.00379
115	0.00951	0.06911	0.11437	0.46469	0.02534	0.03161	0.10335	0.01268	0.00982	0.01291	0.05814	0.01295	0.00860	0.00496	0.00512	0.00151	0.04319	0.00433	0.00228	0.00552
116	0.01242	0.52572	0.09252	0.01034	0.01445	0.07279	0.10548	0.03732	0.06556	0.01292	0.00806	0.00916	0.00673	0.00428	0.00368	0.00117	0.00565	0.00322	0.00233	0.00620
117	0.00665	0.00498	0.00748	0.00748	0.00831	0.00582	0.00582	0.00831	0.00748	0.01080	0.01246	0.01828	0.01163	0.03489	0.81807	0.00748	0.01246	0.00498	0.00249	0.00415
118	0.01098	0.01255	0.02745	0.01961	0.02431	0.01176	0.79059	0.01490	0.01098	0.01490	0.00941	0.01255	0.00706	0.00392	0.00549	0.00157	0.00784	0.00549	0.00235	0.00627
119	0.00566	0.00406	0.00538	0.00644	0.00674	0.00378	0.00430	0.00648	0.00894	0.01189	0.02608	0.81746	0.04649	0.01452	0.00593	0.00188	0.00269	0.01316	0.00432	0.00378
120	0.01572	0.01204	0.01298	0.03122	0.01422	0.01351	0.00853	0.55360	0.24277	0.02607	0.01331	0.01296	0.00966	0.00577	0.00468	0.00145	0.00474	0.00449	0.00461	0.00769
121	0.01314	0.06593	0.01212	0.00908	0.01252	0.31753	0.00715	0.05019	0.01155	0.01410	0.00788	0.00910	0.00654	0.00409	0.00376	0.00094	0.00551	0.00290	0.00266	0.44333
122	0.01115	0.07221	0.61078	0.01256	0.01868	0.01120	0.04434	0.06595	0.01094	0.08598	0.00934	0.01040	0.00657	0.00457	0.00441	0.00144	0.00642	0.00361	0.00249	0.00696
123	0.00933	0.02406	0.81240	0.01326	0.02014	0.01080	0.01719	0.01473	0.00982	0.01473	0.00835	0.00982	0.00589	0.00442	0.00442	0.00147	0.00688	0.00344	0.00196	0.00688
124	0.00725	0.00563	0.00749	0.00654	0.00841	0.00492	0.07369	0.00896	0.01144	0.06618	0.22762	0.03758	0.49655	0.01014	0.00544	0.00154	0.00291	0.00876	0.00444	0.00451
125	0.01654	0.01410	0.01232	0.01130	0.06423	0.32200	0.00834	0.09510	0.04654	0.23926	0.01344	0.01353	0.04883	0.00647	0.02623	0.00154	0.04583	0.00421	0.00374	0.00644
126	0.01961	0.00764	0.01039	0.00806	0.01144	0.00662	0.00662	0.02144	0.01330	0.74053	0.08805	0.01751	0.01438	0.00609	0.00475	0.00144	0.00380	0.00501	0.00570	0.00760
127	0.00567	0.00405	0.00540	0.00648	0.00675	0.00378	0.00432	0.00648	0.00891	0.01188	0.02564	0.83347	0.03077	0.01457	0.00594	0.00189	0.00270	0.01323	0.00432	0.00378

[dist]
# distance from previous block
# <min> <max>
2	3

[block]
# block no. 2 follows, 55 sequences, length 37
# corresponding to MSA columns:
# 221,229-254,256-265
name=unknown_C
#
# <colnr> <probs for GDERKNQSTAVLIFYWHMCP>
#	G	D	E	R	K	N	Q	S	T	A	V	L	I	F	Y	W	H	M	C	P
0	0.05044	0.12017	0.66608	0.01217	0.01839	0.01157	0.01529	0.01444	0.00967	0.01452	0.00834	0.02391	0.00630	0.00454	0.00420	0.00142	0.00642	0.00345	0.00205	0.00663
1	0.01088	0.39704	0.39189	0.01131	0.01669	0.01436	0.07123	0.01438	0.00974	0.01301	0.00757	0.00895	0.00602	0.00418	0.00384	0.00126	0.00608	0.00316	0.00201	0.00641
2	0.00583	0.00430	0.00547	0.00616	0.00679	0.00394	0.00430	0.00695	0.00988	0.01307	0.14656	0.56048	0.15919	0.01330	0.00581	0.00178	0.00262	0.03520	0.00444	0.00391
3	0.15693	0.26119	0.01542	0.00959	0.01268	0.33356	0.00795	0.09362	0.04435	0.01494	0.00774	0.00862	0.00636	0.00461	0.00369	0.00121	0.00606	0.00298	0.00268	0.00584
4	0.00974	0.09973	0.56846	0.01183	0.01787	0.01076	0.03983	0.01413	0.00979	0.01445	0.00819	0.00965	0.00612	0.00419	0.00414	0.00129	0.00612	0.00329	0.00212	0.15829
5	0.01661	0.09212	0.02669	0.01301	0.10570	0.49921	0.00934	0.04940	0.01287	0.11966	0.00898	0.00980	0.00697	0.00480	0.00422	0.00125	0.00700	0.00336	0.00288	0.00614
6	0.00677	0.00451	0.00507	0.00507	0.00507	0.00451	0.00282	0.00677	0.00677	0.00902	0.01466	0.03044	0.01691	0.83650	0.02368	0.00451	0.00451	0.00677	0.00282	0.00282
7	0.00677	0.00451	0.00507	0.00507	0.00507	0.00451	0.00282	0.00677	0.00677	0.00902	0.01466	0.03044	0.01691	0.83650	0.02368	0.00451	0.00451	0.00677	0.00282	0.00282
8	0.11546	0.01096	0.01774	0.02342	0.56982	0.01110	0.08674	0.05637	0.01100	0.04061	0.00896	0.01125	0.00721	0.00427	0.00449	0.00141	0.00545	0.00410	0.00261	0.00703
9	0.02087	0.00792	0.01080	0.00828	0.01188	0.00684	0.00684	0.02267	0.01332	0.81071	0.01835	0.01583	0.01152	0.00576	0.00468	0.00144	0.00396	0.00468	0.00576	0.00792
10	0.00567	0.00405	0.00540	0.00648	0.00675	0.00378	0.00432	0.00648	0.00891	0.01188	0.02564	0.83347	0.03077	0.01457	0.00594	0.00189	0.00270	0.01323	0.00432	0.00378
11	0.01642	0.00970	0.01248	0.00983	0.01301	0.00982	0.06458	0.30894	0.02782	0.31411	0.02724	0.09594	0.01261	0.02068	0.00537	0.00155	0.01575	0.02224	0.00479	0.00712
12	0.00987	0.00975	0.01418	0.19435	0.01666	0.01337	0.01079	0.01135	0.00761	0.01135	0.00659	0.01068	0.00613	0.00736	0.01289	0.00193	0.64391	0.00409	0.00204	0.00511
13	0.00658	0.00476	0.00622	0.00585	0.00695	0.00439	0.00439	0.00878	0.01317	0.01866	0.80503	0.03475	0.04390	0.00951	0.00549	0.00146	0.00219	0.00841	0.00512	0.00439
14	0.01053	0.01158	0.02419	0.18655	0.04619	0.01150	0.59496	0.01419	0.01055	0.01422	0.00910	0.01245	0.00687	0.00416	0.00547	0.00157	0.02244	0.00515	0.00229	0.00605
15	0.01128	0.02028	0.60871	0.01305	0.04475	0.01028	0.03871	0.01633	0.04261	0.13489	0.01033	0.01117	0.00716	0.00467	0.00451	0.00147	0.00629	0.00378	0.00267	0.00705
16	0.00550	0.00471	0.00471	0.00471	0.00628	0.00393	0.00353	0.00668	0.01060	0.01257	0.04713	0.04477	0.80560	0.01178	0.00550	0.00157	0.00236	0.00982	0.00432	0.00393
17	0.01018	0.01018	0.01425	0.01221	0.01221	0.01425	0.01018	0.01120	0.00712	0.01120	0.00611	0.01018	0.00611	0.00814	0.01527	0.00204	0.82799	0.00407	0.00204	0.00509
18	0.08084	0.15569	0.01342	0.00849	0.01210	0.01049	0.00724	0.14654	0.03070	0.46640	0.01422	0.01302	0.00953	0.00532	0.00424	0.00136	0.00430	0.00407	0.00468	0.00735
19	0.01738	0.02217	0.01318	0.01199	0.01438	0.81783	0.00899	0.01858	0.01318	0.01139	0.00719	0.00839	0.00599	0.00479	0.00419	0.00120	0.00839	0.00300	0.00240	0.00539
20	0.00867	0.00434	0.00434	0.00434	0.00542	0.00434	0.00325	0.01084	0.00976	0.01734	0.01518	0.01734	0.01192	0.00542	0.00325	0.00108	0.00217	0.00434	0.86233	0.00434
21	0.01096	0.01048	0.01788	0.19150	0.64890	0.01091	0.01400	0.01379	0.01033	0.01452	0.00865	0.01170	0.00713	0.00425	0.00461	0.00142	0.00566	0.00414	0.00225	0.00692
22	0.00816	0.00623	0.00918	0.00792	0.00976	0.00580	0.10792	0.01080	0.05824	0.07382	0.31863	0.13535	0.19938	0.00951	0.00546	0.00157	0.00328	0.01961	0.00449	0.00489
23	0.00567	0.00405	0.00540	0.00648	0.00675	0.00378	0.00432	0.00648	0.00891	0.01188	0.02564	0.83347	0.03077	0.01457	0.00594	0.00189	0.00270	0.01323	0.00432	0.00378
24	0.00583	0.00417	0.00558	0.00661	0.00697	0.00391	0.00455	0.00678	0.00918	0.01225	0.05137	0.74995	0.03091	0.01428	0.00596	0.00189	0.00280	0.06882	0.00434	0.00384
25	0.00885	0.00805	0.01338	0.74447	0.05040	0.00992	0.01225	0.01187	0.00937	0.01237	0.00879	0.01274	0.00665	0.00469	0.00455	0.00151	0.00589	0.00415	0.06494	0.00516
26	0.07455	0.01006	0.01041	0.00928	0.01198	0.01162	0.00726	0.06031	0.70439	0.02003	0.01766	0.01635	0.01323	0.00613	0.00459	0.00156	0.00374	0.00501	0.00459	0.00722
27	0.01024	0.01035	0.01521	0.01275	0.01310	0.01407	0.06721	0.01147	0.00741	0.01147	0.00635	0.01035	0.00618	0.00783	0.01455	0.00200	0.76805	0.00417	0.00206	0.00518
28	0.01020	0.01024	0.01458	0.01240	0.01252	0.01419	0.02999	0.01129	0.00722	0.01129	0.00619	0.01024	0.00613	0.00804	0.01502	0.00202	0.80717	0.00411	0.00204	0.00512
29	0.01098	0.01255	0.02745	0.01961	0.02431	0.01176	0.79059	0.01490	0.01098	0.01490	0.00941	0.01255	0.00706	0.00392	0.00549	0.00157	0.00784	0.00549	0.00235	0.00627
30	0.00971	0.00876	0.01395	0.74081	0.03021	0.01076	0.01250	0.09282	0.01061	0.01369	0.00857	0.01228	0.00638	0.00475	0.00465	0.00153	0.00609	0.00414	0.00234	0.00545
31	0.02054	0.00845	0.01112	0.00853	0.01214	0.00763	0.00705	0.10249	0.01420	0.72964	0.01761	0.01535	0.01114	0.00574	0.00468	0.00144	0.00408	0.00463	0.00564	0.00792
32	0.78037	0.00910	0.00722	0.00647	0.00932	0.01055	0.00528	0.01482	0.09000	0.02073	0.00777	0.00857	0.00599	0.00453	0.00307	0.00145	0.00361	0.00280	0.00307	0.00528
33	0.00586	0.00418	0.00562	0.00669	0.00705	0.00394	0.00465	0.00681	0.00909	0.01209	0.02554	0.75244	0.03035	0.01440	0.00599	0.00192	0.00286	0.09238	0.00431	0.00383
34	0.00906	0.02204	0.72864	0.01241	0.01857	0.01015	0.01570	0.01391	0.00950	0.01414	0.00900	0.01196	0.00704	0.09075	0.00642	0.00179	0.00663	0.00378	0.00205	0.00645
35	0.00688	0.00593	0.00621	0.00705	0.00754	0.08824	0.00480	0.00773	0.00935	0.01182	0.02373	0.74787	0.02820	0.01356	0.00576	0.00182	0.00329	0.01216	0.00412	0.00395
36	0.00729	0.00529	0.00721	0.00817	0.00929	0.00521	0.00709	0.00933	0.01070	0.01378	0.02697	0.05168	0.10758	0.01274	0.00633	0.00208	0.00408	0.69666	0.00429	0.00425

[dist]
# distance from previous block
# <min> <max>
1	10

[block]
# block no. 3 follows, 55 sequences, length 6
# corresponding to MSA columns:
# 276-281
name=unknown_D
#
# <colnr> <probs for GDERKNQSTAVLIFYWHMCP>
#	G	D	E	R	K	N	Q	S	T	A	V	L	I	F	Y	W	H	M	C	P
0	0.00679	0.00528	0.00757	0.00761	0.00818	0.00615	0.00576	0.00809	0.00775	0.01101	0.01509	0.21546	0.01595	0.06832	0.49559	0.00540	0.09603	0.00697	0.00290	0.00409
1	0.00867	0.01939	0.61717	0.01147	0.01694	0.00925	0.01409	0.01329	0.01063	0.01568	0.20128	0.01586	0.01510	0.00565	0.00468	0.00147	0.00574	0.00464	0.00273	0.00627
2	0.00839	0.00748	0.01182	0.57382	0.02422	0.00918	0.01030	0.01060	0.00855	0.01115	0.00968	0.01663	0.00879	0.20633	0.00995	0.00230	0.05922	0.00477	0.00225	0.00459
3	0.00567	0.00405	0.00540	0.00648	0.00675	0.00378	0.00432	0.00648	0.00891	0.01188	0.02564	0.83347	0.03077	0.01457	0.00594	0.00189	0.00270	0.01323	0.00432	0.00378
4	0.01215	0.00682	0.00735	0.00630	0.00828	0.00704	0.00499	0.20126	0.01307	0.10424	0.01454	0.01569	0.01091	0.00550	0.00374	0.00120	0.00307	0.00434	0.56394	0.00558
5	0.00879	0.00827	0.01395	0.82532	0.03204	0.01034	0.01292	0.01189	0.00930	0.01189	0.00827	0.01240	0.00620	0.00465	0.00465	0.00155	0.00620	0.00413	0.00207	0.00517

[dist]
# distance from previous block
# <min> <max>
0	19

[block]
# block no. 4 follows, 55 sequences, length 29
# corresponding to MSA columns:
# 301-318,322-332
name=unknown_E
#
# <colnr> <probs for GDERKNQSTAVLIFYWHMCP>
#	G	D	E	R	K	N	Q	S	T	A	V	L	I	F	Y	W	H	M	C	P
0	0.00808	0.00404	0.00606	0.00606	0.00606	0.00404	0.00404	0.00606	0.00606	0.00808	0.00808	0.01414	0.00808	0.01616	0.01818	0.86465	0.00404	0.00404	0.00202	0.00202
1	0.00658	0.00476	0.00622	0.00585	0.00695	0.00439	0.00439	0.00878	0.01317	0.01866	0.80503	0.03475	0.04390	0.00951	0.00549	0.00146	0.00219	0.00841	0.00512	0.00439
2	0.01071	0.01199	0.02554	0.11280	0.02490	0.01166	0.68021	0.01446	0.01069	0.01446	0.00919	0.01247	0.00693	0.00412	0.00565	0.00158	0.02893	0.00530	0.00231	0.00612
3	0.07501	0.00876	0.01110	0.10327	0.01401	0.03750	0.04080	0.07492	0.07088	0.35493	0.11386	0.01767	0.04440	0.00614	0.00470	0.00146	0.00430	0.00511	0.00457	0.00660
4	0.00941	0.02127	0.65397	0.10791	0.02187	0.01083	0.08162	0.01442	0.00986	0.01442	0.00843	0.01035	0.00603	0.00440	0.00454	0.00149	0.00688	0.00369	0.00201	0.00663
5	0.01009	0.00475	0.00508	0.00479	0.00617	0.00463	0.00367	0.01221	0.01017	0.10929	0.01554	0.01717	0.01188	0.00546	0.00342	0.00113	0.00238	0.00438	0.76305	0.00475
6	0.01087	0.00892	0.01482	0.53197	0.22305	0.01011	0.01255	0.01373	0.01009	0.10529	0.00956	0.01258	0.00711	0.00465	0.00464	0.00150	0.00577	0.00420	0.00255	0.00604
7	0.11222	0.01277	0.04864	0.14653	0.25690	0.14522	0.03008	0.07718	0.06665	0.04653	0.00942	0.01118	0.00729	0.00469	0.00437	0.00141	0.00578	0.00387	0.00282	0.00643
8	0.00565	0.00410	0.00534	0.00633	0.00671	0.00379	0.00425	0.00649	0.00905	0.01193	0.02744	0.76726	0.09581	0.01434	0.00590	0.00186	0.00267	0.01294	0.00432	0.00379
9	0.63541	0.00916	0.00821	0.00693	0.01002	0.01012	0.00571	0.08502	0.01017	0.16844	0.00911	0.00942	0.00650	0.00470	0.00337	0.00144	0.00380	0.00307	0.00357	0.00583
10	0.01124	0.52509	0.32810	0.01000	0.01510	0.01548	0.01152	0.01424	0.00960	0.01241	0.00719	0.00837	0.00594	0.00415	0.00354	0.00118	0.00571	0.00285	0.00198	0.00632
11	0.04646	0.01186	0.06680	0.00955	0.01237	0.12987	0.00800	0.08192	0.24560	0.15864	0.06735	0.01534	0.01256	0.00840	0.07325	0.00197	0.03482	0.00465	0.00404	0.00654
12	0.01236	0.81842	0.04457	0.00810	0.01215	0.01821	0.00820	0.01395	0.00946	0.01104	0.00652	0.00752	0.00597	0.00399	0.00302	0.00101	0.00502	0.00251	0.00199	0.00599
13	0.07717	0.01576	0.01191	0.01035	0.01303	0.43422	0.00804	0.01952	0.07480	0.23516	0.01113	0.01120	0.00812	0.00531	0.00480	0.00135	0.04474	0.00366	0.00353	0.00621
14	0.00919	0.00778	0.00915	0.00684	0.01053	0.00592	0.00537	0.01111	0.00956	0.01478	0.01028	0.10513	0.00966	0.00474	0.00373	0.00083	0.00336	0.00397	0.00294	0.76514
15	0.00959	0.08083	0.73801	0.01304	0.01966	0.01136	0.03551	0.01468	0.00982	0.01447	0.00824	0.00972	0.00593	0.00438	0.00435	0.00144	0.00677	0.00342	0.00198	0.00680
16	0.00654	0.00475	0.00616	0.00581	0.00692	0.00437	0.00436	0.00870	0.01307	0.01842	0.77602	0.03513	0.07305	0.00960	0.00549	0.00147	0.00220	0.00847	0.00509	0.00437
17	0.19049	0.15115	0.08093	0.00931	0.01314	0.04778	0.00839	0.34923	0.01469	0.02153	0.00881	0.00947	0.00667	0.00478	0.00389	0.00129	0.00495	0.00335	0.00339	0.06677
18	0.03181	0.26652	0.32989	0.00970	0.01484	0.01182	0.01084	0.01362	0.00961	0.01386	0.00771	0.00900	0.00617	0.00401	0.00368	0.00111	0.00526	0.00294	0.00222	0.24539
19	0.10726	0.00516	0.00620	0.00669	0.00763	0.00509	0.00472	0.00932	0.03736	0.08025	0.02257	0.63998	0.02558	0.01235	0.00543	0.00179	0.00294	0.01098	0.00429	0.00440
20	0.00567	0.00405	0.00540	0.00648	0.00675	0.00378	0.00432	0.00648	0.00891	0.01188	0.02564	0.83347	0.03077	0.01457	0.00594	0.00189	0.00270	0.01323	0.00432	0.00378
21	0.01217	0.01039	0.01748	0.13083	0.42707	0.01061	0.11090	0.01611	0.09409	0.10736	0.01096	0.01288	0.00837	0.00460	0.00475	0.00146	0.00553	0.00449	0.00293	0.00700
22	0.01205	0.00957	0.01239	0.16274	0.07561	0.02255	0.04232	0.02005	0.41451	0.11609	0.01626	0.01686	0.02841	0.00591	0.00478	0.00155	0.00456	0.02294	0.00403	0.00680
23	0.02087	0.00792	0.01080	0.00828	0.01188	0.00684	0.00684	0.02267	0.01332	0.81071	0.01835	0.01583	0.01152	0.00576	0.00468	0.00144	0.00396	0.00468	0.00576	0.00792
24	0.00870	0.00553	0.00712	0.00650	0.00801	0.00518	0.00506	0.04688	0.01333	0.10558	0.60147	0.03315	0.06308	0.00923	0.00543	0.00151	0.00268	0.06157	0.00508	0.00492
25	0.01227	0.00815	0.01262	0.47832	0.02344	0.00912	0.02665	0.01563	0.06571	0.23492	0.01262	0.04449	0.00928	0.00545	0.00470	0.00153	0.00523	0.00474	0.01908	0.00604
26	0.01358	0.00640	0.00760	0.00642	0.00856	0.00618	0.00507	0.08518	0.01187	0.29415	0.01581	0.01690	0.01164	0.04538	0.03237	0.00161	0.00352	0.00458	0.41736	0.00583
27	0.00567	0.00405	0.00540	0.00648	0.00675	0.00378	0.00432	0.00648	0.00891	0.01188	0.02564	0.83347	0.03077	0.01457	0.00594	0.00189	0.00270	0.01323	0.00432	0.00378
28	0.01067	0.01044	0.01660	0.35333	0.45359	0.04845	0.01348	0.01350	0.01019	0.01367	0.00848	0.01173	0.00683	0.00438	0.00461	0.00144	0.00594	0.00409	0.00221	0.00638

[dist]
# distance from previous block
# <min> <max>
0	8

[block]
# block no. 5 follows, 55 sequences, length 31
# corresponding to MSA columns:
# 341-371
name=unknown_F
#
# <colnr> <probs for GDERKNQSTAVLIFYWHMCP>
#	G	D	E	R	K	N	Q	S	T	A	V	L	I	F	Y	W	H	M	C	P
0	0.01066	0.15275	0.57970	0.01248	0.01852	0.01224	0.05449	0.06656	0.01068	0.02845	0.00846	0.00977	0.00619	0.00442	0.00427	0.00140	0.00646	0.00346	0.00223	0.00679
1	0.00889	0.00838	0.01415	0.79353	0.06298	0.01036	0.01297	0.01198	0.00935	0.01202	0.00829	0.01237	0.00625	0.00463	0.00465	0.00154	0.00617	0.00413	0.00208	0.00526
2	0.01002	0.00849	0.00985	0.00707	0.01118	0.00658	0.00567	0.04803	0.01022	0.01582	0.00840	0.00972	0.00694	0.00354	0.00350	0.00072	0.00352	0.00282	0.00284	0.82505
3	0.00719	0.00491	0.00645	0.00606	0.00725	0.00453	0.00461	0.00937	0.01308	0.05007	0.74251	0.03470	0.04192	0.00949	0.00549	0.00149	0.00235	0.03890	0.00511	0.00453
4	0.00567	0.00405	0.00540	0.00648	0.00675	0.00378	0.00432	0.00648	0.00891	0.01188	0.02564	0.83347	0.03077	0.01457	0.00594	0.00189	0.00270	0.01323	0.00432	0.00378
5	0.00690	0.00485	0.00571	0.00567	0.00570	0.00510	0.00344	0.00704	0.00697	0.00941	0.01504	0.09871	0.01739	0.71003	0.02158	0.00412	0.05925	0.00715	0.00290	0.00305
6	0.01225	0.01080	0.01775	0.07961	0.67225	0.02545	0.01344	0.01492	0.01079	0.08388	0.00952	0.01189	0.00763	0.00433	0.00461	0.00139	0.00549	0.00417	0.00259	0.00723
7	0.00673	0.00496	0.00735	0.00735	0.00819	0.00576	0.00571	0.00841	0.00757	0.01106	0.01257	0.01824	0.01164	0.03372	0.78556	0.00722	0.01205	0.00496	0.03680	0.00416
8	0.00867	0.00434	0.00434	0.00434	0.00542	0.00434	0.00325	0.01084	0.00976	0.01734	0.01518	0.01734	0.01192	0.00542	0.00325	0.00108	0.00217	0.00434	0.86233	0.00434
9	0.01839	0.00772	0.01022	0.00818	0.01141	0.00690	0.00676	0.05071	0.02792	0.64297	0.02054	0.02079	0.06568	0.00678	0.00488	0.00151	0.00392	0.07190	0.00547	0.00733
10	0.00960	0.09474	0.74408	0.01280	0.01942	0.01146	0.01639	0.01466	0.00979	0.01440	0.00819	0.00962	0.00590	0.00438	0.00430	0.00143	0.00671	0.00336	0.00197	0.00680
11	0.00933	0.02406	0.81240	0.01326	0.02014	0.01080	0.01719	0.01473	0.00982	0.01473	0.00835	0.00982	0.00589	0.00442	0.00442	0.00147	0.00688	0.00344	0.00196	0.00688
12	0.00656	0.00475	0.00618	0.00582	0.00693	0.00438	0.00437	0.00872	0.01310	0.01849	0.78479	0.03502	0.06424	0.00957	0.00549	0.00147	0.00220	0.00845	0.00510	0.00438
13	0.12277	0.00839	0.01053	0.00818	0.01170	0.00778	0.00675	0.07287	0.01324	0.66356	0.01645	0.01453	0.01050	0.00557	0.00446	0.00144	0.00399	0.00439	0.00534	0.00757
14	0.01550	0.01853	0.01416	0.06653	0.01590	0.56206	0.05966	0.05706	0.05098	0.01294	0.00809	0.00966	0.00658	0.00513	0.00532	0.00135	0.07887	0.00350	0.00257	0.00563
15	0.01120	0.00650	0.00849	0.00835	0.01017	0.00642	0.00689	0.01468	0.12529	0.21441	0.02236	0.14123	0.02165	0.01035	0.00568	0.00185	0.00391	0.37027	0.00472	0.00557
16	0.00879	0.00827	0.01395	0.82532	0.03204	0.01034	0.01292	0.01189	0.00930	0.01189	0.00827	0.01240	0.00620	0.00465	0.00465	0.00155	0.00620	0.00413	0.00207	0.00517
17	0.01018	0.01018	0.01425	0.01221	0.01221	0.01425	0.01018	0.01120	0.00712	0.01120	0.00611	0.01018	0.00611	0.00814	0.01527	0.00204	0.82799	0.00407	0.00204	0.00509
18	0.05978	0.01774	0.01264	0.01123	0.01343	0.53767	0.00867	0.01801	0.06271	0.08166	0.00872	0.00983	0.00697	0.00544	0.00581	0.00138	0.12641	0.00342	0.00281	0.00568
19	0.09428	0.00826	0.01061	0.00821	0.01175	0.00752	0.00678	0.05936	0.01326	0.70417	0.01697	0.01489	0.01078	0.00562	0.00452	0.00144	0.00398	0.00447	0.00545	0.00767
20	0.00567	0.00405	0.00540	0.00648	0.00675	0.00378	0.00432	0.00648	0.00891	0.01188	0.02564	0.83347	0.03077	0.01457	0.00594	0.00189	0.00270	0.01323	0.00432	0.00378
21	0.00677	0.00451	0.00507	0.00507	0.00507	0.00451	0.00282	0.00677	0.00677	0.00902	0.01466	0.03044	0.01691	0.83650	0.02368	0.00451	0.00451	0.00677	0.00282	0.00282
22	0.00934	0.00934	0.01734	0.62313	0.03010	0.01069	0.20808	0.01264	0.00972	0.01264	0.00856	0.01244	0.00642	0.00447	0.00486	0.00155	0.00661	0.00447	0.00214	0.00545
23	0.00879	0.00827	0.01395	0.82532	0.03204	0.01034	0.01292	0.01189	0.00930	0.01189	0.00827	0.01240	0.00620	0.00465	0.00465	0.00155	0.00620	0.00413	0.00207	0.00517
24	0.00677	0.00451	0.00507	0.00507	0.00507	0.00451	0.00282	0.00677	0.00677	0.00902	0.01466	0.03044	0.01691	0.83650	0.02368	0.00451	0.00451	0.00677	0.00282	0.00282
