[name]
unknown

[dist]
# distance from previous block
# <min> <max>
5	232

[block]
# block no. 0 follows, 53 sequences, length 22
# corresponding to MSA columns:
# 271-292
name=unknown_A
#
# <colnr> <probs for GDERKNQSTAVLIFYWHMCP>
#	G	D	E	R	K	N	Q	S	T	A	V	L	I	F	Y	W	H	M	C	P
0	0.01309	0.02981	0.08802	0.01009	0.04958	0.00927	0.01925	0.11952	0.13462	0.16776	0.07842	0.05022	0.01357	0.00728	0.03927	0.00164	0.00471	0.00501	0.00413	0.15476
1	0.01476	0.07441	0.10796	0.01110	0.06462	0.05113	0.02261	0.16101	0.04492	0.22034	0.05612	0.03459	0.05348	0.00620	0.00513	0.00146	0.03595	0.00493	0.00408	0.02520
2	0.05304	0.01073	0.09884	0.05018	0.01439	0.01843	0.07622	0.11621	0.06974	0.19127	0.06334	0.10695	0.04121	0.00686	0.00506	0.00153	0.01550	0.00586	0.00413	0.05053
3	0.19273	0.04199	0.18941	0.04725	0.01549	0.02656	0.07738	0.07805	0.01158	0.15230	0.04715	0.01220	0.00905	0.00497	0.00429	0.00142	0.00521	0.00397	0.00337	0.07562
4	0.05484	0.00984	0.01195	0.00934	0.01272	0.00976	0.04796	0.27862	0.03880	0.18958	0.03319	0.08494	0.01194	0.02667	0.00515	0.00146	0.00442	0.00516	0.00440	0.15925
5	0.06677	0.00799	0.00937	0.02782	0.04762	0.04488	0.01897	0.09098	0.04666	0.08607	0.21421	0.21819	0.02338	0.00867	0.00511	0.00154	0.00375	0.00751	0.00434	0.06617
6	0.01671	0.07992	0.08489	0.01121	0.01534	0.01425	0.04042	0.56866	0.03967	0.06473	0.01134	0.01151	0.00810	0.00546	0.00466	0.00142	0.00542	0.00420	0.00428	0.00779
7	0.00582	0.00416	0.00555	0.00666	0.00693	0.00388	0.00444	0.00666	0.00915	0.01220	0.02634	0.82891	0.03161	0.01497	0.00610	0.00194	0.00277	0.01359	0.00444	0.00388
8	0.81939	0.00918	0.00725	0.00641	0.00941	0.01052	0.00528	0.01456	0.00844	0.06453	0.00733	0.00823	0.00554	0.00452	0.00306	0.00148	0.00372	0.00271	0.00312	0.00534
9	0.01180	0.13083	0.16708	0.02668	0.01430	0.01280	0.02985	0.01427	0.02899	0.11144	0.00932	0.01212	0.00776	0.04549	0.02389	0.00193	0.33862	0.00412	0.00267	0.00604
10	0.00917	0.00857	0.09317	0.15996	0.01443	0.00727	0.00800	0.06754	0.02723	0.07159	0.08497	0.23062	0.14628	0.00912	0.00526	0.00162	0.00413	0.00790	0.00389	0.03929
11	0.01077	0.00856	0.00972	0.04666	0.01193	0.00954	0.00698	0.03241	0.49215	0.05517	0.13764	0.12132	0.02071	0.00792	0.00513	0.00163	0.00358	0.00681	0.00479	0.00657
12	0.00915	0.00862	0.01455	0.78666	0.06586	0.01065	0.01333	0.01232	0.00961	0.01236	0.00852	0.01270	0.00642	0.00476	0.00478	0.00159	0.00634	0.00425	0.00213	0.00541
13	0.04980	0.02797	0.01235	0.02606	0.08033	0.02294	0.04364	0.08330	0.02226	0.17347	0.06467	0.01336	0.01071	0.00485	0.00426	0.00116	0.00429	0.00405	0.00371	0.34681
14	0.01218	0.64868	0.11645	0.00960	0.01378	0.01742	0.04029	0.01425	0.00965	0.01188	0.00697	0.00836	0.00618	0.00444	0.00423	0.00118	0.06330	0.00291	0.00206	0.00619
15	0.00693	0.00466	0.00532	0.00528	0.00538	0.00462	0.00304	0.00713	0.00753	0.01013	0.08372	0.03167	0.01980	0.76007	0.02269	0.00436	0.00443	0.00710	0.00310	0.00304
16	0.01012	0.00884	0.02750	0.07027	0.01322	0.00682	0.00655	0.01239	0.00998	0.03468	0.00875	0.01029	0.00712	0.00372	0.00369	0.00081	0.00385	0.00300	0.00283	0.75557
17	0.00575	0.00485	0.00498	0.00494	0.00652	0.00408	0.00371	0.00705	0.01112	0.01346	0.11416	0.04510	0.73419	0.01190	0.00565	0.00160	0.00241	0.00996	0.00451	0.00408
18	0.00582	0.00416	0.00555	0.00666	0.00693	0.00388	0.00444	0.00666	0.00915	0.01220	0.02634	0.82891	0.03161	0.01497	0.00610	0.00194	0.00277	0.01359	0.00444	0.00388
19	0.01138	0.17206	0.05994	0.04475	0.01388	0.08571	0.01031	0.01286	0.00861	0.01171	0.00701	0.02399	0.00667	0.00699	0.01100	0.00175	0.49981	0.00390	0.00215	0.00551
20	0.01128	0.01289	0.02820	0.02015	0.02498	0.01209	0.78485	0.01531	0.01128	0.01531	0.00967	0.01289	0.00725	0.00403	0.00564	0.00161	0.00806	0.00564	0.00242	0.00645
21	0.00989	0.06367	0.48965	0.01367	0.09239	0.01073	0.03322	0.03408	0.05678	0.01560	0.05319	0.08371	0.01112	0.00581	0.00473	0.00152	0.00598	0.00488	0.00269	0.00669

[dist]
# distance from previous block
# <min> <max>
1	3

[block]
# block no. 1 follows, 53 sequences, length 29
# corresponding to MSA columns:
# 297-325
name=unknown_B
#
# <colnr> <probs for GDERKNQSTAVLIFYWHMCP>
#	G	D	E	R	K	N	Q	S	T	A	V	L	I	F	Y	W	H	M	C	P
0	0.03959	0.11897	0.03481	0.01141	0.01416	0.56634	0.00909	0.04872	0.04788	0.01309	0.00811	0.00933	0.00672	0.00571	0.02316	0.00142	0.02984	0.00324	0.00261	0.00580
1	0.79647	0.01019	0.05027	0.00681	0.01001	0.01086	0.00595	0.03530	0.00863	0.02134	0.00689	0.00799	0.00530	0.00448	0.00309	0.00148	0.00392	0.00269	0.00296	0.00536
2	0.01461	0.01123	0.01289	0.07837	0.08645	0.07353	0.00892	0.32344	0.01519	0.10100	0.01242	0.06745	0.01039	0.06665	0.01908	0.00183	0.06367	0.00506	0.02117	0.00665
3	0.01146	0.05693	0.01740	0.13335	0.44038	0.05356	0.04299	0.01411	0.01062	0.01467	0.00865	0.01126	0.00715	0.00422	0.00445	0.00130	0.00562	0.00391	0.00240	0.15557
4	0.00582	0.00416	0.00555	0.00666	0.00693	0.00388	0.00444	0.00666	0.00915	0.01220	0.02634	0.82891	0.03161	0.01497	0.00610	0.00194	0.00277	0.01359	0.00444	0.00388
5	0.00682	0.00492	0.00646	0.00616	0.00729	0.00456	0.00468	0.00907	0.01339	0.01891	0.75803	0.03668	0.04415	0.00996	0.00569	0.00154	0.00237	0.04960	0.00522	0.00450
6	0.00683	0.00512	0.00768	0.00768	0.00853	0.00597	0.00597	0.00853	0.00768	0.01110	0.01280	0.01878	0.01195	0.03585	0.81308	0.00768	0.01280	0.00512	0.00256	0.00427
7	0.00603	0.00429	0.00554	0.00646	0.00676	0.00404	0.00429	0.00680	0.00895	0.01187	0.02546	0.66977	0.05471	0.12892	0.00865	0.00231	0.00307	0.03412	0.00422	0.00376
8	0.01278	0.83490	0.02505	0.00818	0.01227	0.01891	0.00818	0.01431	0.00971	0.01125	0.00664	0.00767	0.00613	0.00409	0.00307	0.00102	0.00511	0.00256	0.00204	0.00613
9	0.01789	0.02166	0.01364	0.01216	0.01478	0.71786	0.00922	0.11039	0.01461	0.01389	0.00787	0.00896	0.00639	0.00502	0.00437	0.00126	0.00822	0.00322	0.00274	0.00585
10	0.13648	0.00829	0.01054	0.00820	0.01180	0.00753	0.00677	0.02203	0.01292	0.69870	0.01719	0.01511	0.01092	0.00571	0.00455	0.00148	0.00402	0.00450	0.00551	0.00773
11	0.02144	0.00813	0.01109	0.00850	0.01220	0.00702	0.00702	0.02329	0.01368	0.80552	0.01886	0.01627	0.01183	0.00592	0.00481	0.00148	0.00407	0.00481	0.00592	0.00813
12	0.01217	0.01041	0.01097	0.00978	0.01254	0.01202	0.00763	0.05952	0.75899	0.02045	0.01910	0.01755	0.01430	0.00645	0.00486	0.00161	0.00385	0.00535	0.00486	0.00759
13	0.01817	0.01339	0.01434	0.01100	0.01482	0.01482	0.00908	0.78627	0.02247	0.03012	0.01148	0.01148	0.00813	0.00574	0.00478	0.00143	0.00526	0.00430	0.00478	0.00813
14	0.01128	0.01289	0.02820	0.02015	0.02498	0.01209	0.78485	0.01531	0.01128	0.01531	0.00967	0.01289	0.00725	0.00403	0.00564	0.00161	0.00806	0.00564	0.00242	0.00645
15	0.01183	0.01136	0.01940	0.02934	0.80221	0.01136	0.01467	0.01467	0.01088	0.01562	0.00899	0.01183	0.00757	0.00426	0.00473	0.00142	0.00568	0.00426	0.00237	0.00757
16	0.00991	0.00850	0.00991	0.00708	0.01133	0.00637	0.00566	0.01203	0.00991	0.01557	0.00850	0.00991	0.00708	0.00354	0.00354	0.00071	0.00354	0.00283	0.00283	0.86124
17	0.01334	0.01121	0.02692	0.12997	0.01536	0.10658	0.00853	0.17690	0.15747	0.09990	0.04695	0.01756	0.07853	0.02521	0.03921	0.00184	0.02900	0.00514	0.00397	0.00643
18	0.01699	0.00999	0.04442	0.01003	0.01351	0.00929	0.06939	0.17385	0.03248	0.40136	0.05051	0.03229	0.01217	0.00694	0.02832	0.00167	0.03556	0.00503	0.02240	0.02381
19	0.00676	0.00489	0.00639	0.00601	0.00714	0.00451	0.00451	0.00902	0.01353	0.01917	0.79969	0.03570	0.04510	0.00977	0.00564	0.00150	0.00225	0.00864	0.00526	0.00451
20	0.00610	0.00447	0.00577	0.00661	0.00724	0.00415	0.00472	0.00726	0.00996	0.01309	0.08845	0.56330	0.14142	0.01395	0.00606	0.00189	0.00288	0.10417	0.00450	0.00401
21	0.02683	0.23793	0.06987	0.05986	0.34123	0.09741	0.07336	0.01498	0.01071	0.01388	0.00815	0.01031	0.00681	0.00431	0.00427	0.00132	0.00611	0.00371	0.00227	0.00669
22	0.01886	0.00855	0.01119	0.00939	0.04232	0.00800	0.00730	0.05025	0.12081	0.59496	0.04600	0.01686	0.01310	0.00605	0.00481	0.00149	0.00403	0.00498	0.02323	0.00783
23	0.00640	0.00484	0.00651	0.00727	0.00765	0.00495	0.00520	0.00741	0.00932	0.01256	0.05093	0.65624	0.04330	0.01404	0.00693	0.00195	0.07242	0.07375	0.00426	0.00406
24	0.01199	0.17196	0.04148	0.12566	0.05430	0.08742	0.29546	0.05877	0.01140	0.01443	0.00959	0.02722	0.00806	0.00501	0.00508	0.00148	0.02697	0.03503	0.00254	0.00615
25	0.01385	0.19166	0.22006	0.03469	0.02976	0.33386	0.01105	0.01654	0.02583	0.03414	0.00844	0.01025	0.00691	0.03769	0.00495	0.00142	0.00699	0.00338	0.00240	0.00609
26	0.00695	0.00508	0.00750	0.00750	0.00836	0.00589	0.00582	0.00868	0.00782	0.01148	0.01296	0.01872	0.01197	0.03411	0.76664	0.00730	0.01220	0.00508	0.05165	0.00428
27	0.00683	0.00512	0.00768	0.00768	0.00853	0.00597	0.00597	0.00853	0.00768	0.01110	0.01280	0.01878	0.01195	0.03585	0.81308	0.00768	0.01280	0.00512	0.00256	0.00427
28	0.05638	0.01772	0.43242	0.12459	0.07194	0.01097	0.06898	0.04545	0.04718	0.02819	0.01010	0.01312	0.00777	0.00506	0.00470	0.00156	0.00638	0.03829	0.00254	0.00667

[dist]
# distance from previous block
# <min> <max>
0	2

[block]
# block no. 2 follows, 53 sequences, length 101
# corresponding to MSA columns:
# 328-428
name=unknown_C
#
# <colnr> <probs for GDERKNQSTAVLIFYWHMCP>
#	G	D	E	R	K	N	Q	S	T	A	V	L	I	F	Y	W	H	M	C	P
0	0.20591	0.03790	0.08484	0.00839	0.01156	0.00967	0.00738	0.15045	0.03492	0.20547	0.03178	0.01645	0.01110	0.11466	0.00693	0.00190	0.00451	0.03055	0.01931	0.00631
1	0.00711	0.00534	0.00773	0.00764	0.00859	0.00614	0.00594	0.03029	0.00820	0.01166	0.01402	0.01969	0.03885	0.04620	0.75092	0.00725	0.01211	0.00530	0.00269	0.00435
2	0.01785	0.02278	0.01354	0.01231	0.01478	0.81284	0.00924	0.01909	0.01354	0.01170	0.00739	0.00862	0.00616	0.00493	0.00431	0.00123	0.00862	0.00308	0.00246	0.00554
3	0.01871	0.01252	0.01380	0.01058	0.01439	0.01353	0.00874	0.65974	0.02101	0.15871	0.01270	0.01227	0.00874	0.00577	0.00479	0.00144	0.00506	0.00439	0.00497	0.00813
4	0.01785	0.02278	0.01354	0.01231	0.01478	0.81284	0.00924	0.01909	0.01354	0.01170	0.00739	0.00862	0.00616	0.00493	0.00431	0.00123	0.00862	0.00308	0.00246	0.00554
5	0.00676	0.00489	0.00639	0.00601	0.00714	0.00451	0.00451	0.00902	0.01353	0.01917	0.79969	0.03570	0.04510	0.00977	0.00564	0.00150	0.00225	0.00864	0.00526	0.00451
6	0.01046	0.01046	0.01464	0.01255	0.01255	0.01464	0.01046	0.01150	0.00732	0.01150	0.00627	0.01046	0.00627	0.00837	0.01569	0.00209	0.82328	0.00418	0.00209	0.00523
7	0.00903	0.00850	0.01434	0.82054	0.03292	0.01062	0.01327	0.01221	0.00956	0.01221	0.00850	0.01274	0.00637	0.00478	0.00478	0.00159	0.00637	0.00425	0.00212	0.00531
8	0.84721	0.00922	0.00711	0.00633	0.00931	0.01064	0.00522	0.01425	0.00826	0.03870	0.00692	0.00795	0.00532	0.00447	0.00300	0.00148	0.00371	0.00264	0.00302	0.00524
9	0.00625	0.00511	0.00555	0.00542	0.00695	0.00453	0.00410	0.00830	0.04668	0.01487	0.24155	0.04218	0.55795	0.01126	0.00562	0.00159	0.00247	0.02063	0.00467	0.00432
10	0.01046	0.01046	0.01464	0.01255	0.01255	0.01464	0.01046	0.01150	0.00732	0.01150	0.00627	0.01046	0.00627	0.00837	0.01569	0.00209	0.82328	0.00418	0.00209	0.00523
11	0.01154	0.00718	0.00923	0.00877	0.04499	0.02162	0.00633	0.07111	0.04521	0.18304	0.02572	0.01998	0.01302	0.19561	0.29795	0.00438	0.01987	0.00536	0.00364	0.00542
12	0.00582	0.00416	0.00555	0.00666	0.00693	0.00388	0.00444	0.00666	0.00915	0.01220	0.02634	0.82891	0.03161	0.01497	0.00610	0.00194	0.00277	0.01359	0.00444	0.00388
13	0.01817	0.01339	0.01434	0.01100	0.01482	0.01482	0.00908	0.78627	0.02247	0.03012	0.01148	0.01148	0.00813	0.00574	0.00478	0.00143	0.00526	0.00430	0.00478	0.00813
14	0.04942	0.00871	0.01163	0.00893	0.01259	0.00794	0.02893	0.09045	0.01420	0.67186	0.03303	0.01584	0.01181	0.00587	0.00478	0.00148	0.00424	0.00479	0.00560	0.00791
15	0.01112	0.01090	0.03535	0.16184	0.61942	0.01096	0.01419	0.01405	0.01065	0.01497	0.00963	0.01383	0.00823	0.00475	0.00482	0.00149	0.00577	0.03859	0.00241	0.00704
16	0.02130	0.00837	0.01124	0.00861	0.01232	0.00737	0.00712	0.05723	0.01407	0.77103	0.01853	0.01606	0.01167	0.00591	0.00481	0.00148	0.00412	0.00478	0.00587	0.00813
17	0.01189	0.01027	0.01081	0.00973	0.01243	0.01189	0.00757	0.02540	0.79357	0.01999	0.01945	0.01783	0.01459	0.00648	0.00486	0.00162	0.00378	0.00540	0.00486	0.00757
18	0.01305	0.65391	0.05453	0.00919	0.01325	0.04887	0.04461	0.01521	0.03216	0.04806	0.00820	0.00969	0.00713	0.00448	0.00350	0.00114	0.00537	0.01904	0.00238	0.00626
19	0.01371	0.01853	0.50066	0.01216	0.01798	0.00975	0.04815	0.01793	0.01137	0.28511	0.01214	0.01233	0.00808	0.00499	0.00468	0.00151	0.00608	0.00406	0.00337	0.00740
20	0.00684	0.00507	0.00741	0.00741	0.00818	0.00583	0.00564	0.00836	0.00760	0.01090	0.01305	0.02013	0.01254	0.12196	0.72777	0.00735	0.01192	0.00532	0.00260	0.00412
21	0.00959	0.02472	0.80726	0.01362	0.02069	0.01110	0.01766	0.01514	0.01009	0.01514	0.00858	0.01009	0.00605	0.00454	0.00454	0.00151	0.00706	0.00353	0.00202	0.00706
22	0.04718	0.04804	0.08176	0.02324	0.04702	0.04205	0.02479	0.14161	0.01226	0.05832	0.03728	0.32151	0.05330	0.00943	0.00521	0.00165	0.00437	0.03144	0.00394	0.00562
23	0.02133	0.00831	0.01120	0.00859	0.01229	0.00729	0.00709	0.04884	0.01397	0.77956	0.01861	0.01611	0.01171	0.00591	0.00481	0.00148	0.00411	0.00479	0.00588	0.00813
24	0.00903	0.00850	0.01434	0.82054	0.03292	0.01062	0.01327	0.01221	0.00956	0.01221	0.00850	0.01274	0.00637	0.00478	0.00478	0.00159	0.00637	0.00425	0.00212	0.00531
25	0.01173	0.01130	0.06363	0.16549	0.29232	0.03407	0.08706	0.04923	0.05212	0.07298	0.03953	0.01531	0.05559	0.00540	0.00514	0.00151	0.02300	0.00490	0.00302	0.00666
26	0.01170	0.01123	0.01918	0.06453	0.76799	0.01132	0.01461	0.01456	0.01082	0.01546	0.00897	0.01187	0.00752	0.00428	0.00473	0.00143	0.00571	0.00426	0.00236	0.00747
27	0.00656	0.00488	0.00611	0.00580	0.00702	0.00442	0.00435	0.00863	0.01306	0.01804	0.66479	0.03755	0.18070	0.01019	0.00564	0.00152	0.00228	0.00890	0.00511	0.00442
28	0.02115	0.00857	0.02297	0.00867	0.01242	0.00737	0.00726	0.05137	0.01395	0.76519	0.01843	0.01600	0.01161	0.00589	0.00480	0.00148	0.00416	0.00477	0.00582	0.00812
29	0.05821	0.07121	0.03091	0.09119	0.11275	0.17502	0.02484	0.05975	0.07729	0.23425	0.01207	0.01246	0.00870	0.00517	0.00449	0.00141	0.00566	0.00407	0.00368	0.00687
30	0.00691	0.00462	0.00522	0.00526	0.00527	0.00461	0.00295	0.00694	0.00702	0.00936	0.01543	0.05750	0.01784	0.80516	0.02373	0.00455	0.00457	0.00717	0.00295	0.00293
31	0.00595	0.00485	0.00526	0.00516	0.00664	0.00416	0.00387	0.00744	0.01161	0.01460	0.25161	0.04321	0.59603	0.01147	0.00565	0.00158	0.00238	0.00970	0.00466	0.00416
32	0.07927	0.02144	0.01310	0.01188	0.01431	0.73160	0.00898	0.01850	0.01297	0.01240	0.00730	0.00861	0.00609	0.00499	0.00454	0.00127	0.03167	0.00307	0.00249	0.00551
33	0.02130	0.00837	0.01124	0.00862	0.01232	0.00737	0.00712	0.05751	0.01407	0.77074	0.01853	0.01605	0.01167	0.00591	0.00481	0.00148	0.00412	0.00478	0.00586	0.00813
34	0.04723	0.02922	0.03251	0.03806	0.07963	0.01187	0.00896	0.40996	0.01691	0.13952	0.01175	0.01247	0.00854	0.00533	0.00454	0.00136	0.00490	0.01602	0.00421	0.11702
35	0.02467	0.32648	0.18507	0.01089	0.03216	0.06591	0.02696	0.11456	0.13964	0.01624	0.00992	0.01059	0.00779	0.00485	0.00406	0.00132	0.00560	0.00359	0.00290	0.00680
36	0.02919	0.13529	0.01506	0.03290	0.01404	0.01369	0.00858	0.43526	0.01675	0.08608	0.01059	0.01124	0.00790	0.00618	0.02449	0.00152	0.06454	0.00394	0.00395	0.07881
37	0.05789	0.00917	0.01471	0.58679	0.08071	0.01074	0.05059	0.04675	0.02359	0.06020	0.00940	0.01265	0.00696	0.00482	0.00472	0.00156	0.00604	0.00428	0.00258	0.00583
38	0.00990	0.07612	0.70901	0.01367	0.02041	0.01166	0.06424	0.01509	0.01014	0.01490	0.00852	0.01011	0.00613	0.00448	0.00451	0.00149	0.00700	0.00360	0.00204	0.00697
39	0.00578	0.00485	0.00502	0.00498	0.00654	0.00409	0.00373	0.00711	0.01120	0.01364	0.13644	0.04479	0.71179	0.01183	0.00565	0.00160	0.00240	0.00992	0.00453	0.00409
40	0.00653	0.00488	0.00606	0.00577	0.00700	0.00441	0.00432	0.00856	0.01297	0.01784	0.64087	0.03788	0.20474	0.01026	0.00564	0.00153	0.00229	0.00895	0.00509	0.00441
41	0.00685	0.00466	0.00526	0.00526	0.00541	0.00463	0.00305	0.00699	0.00726	0.00959	0.01741	0.03195	0.07411	0.74714	0.04802	0.00451	0.00473	0.00712	0.00300	0.00302
42	0.01168	0.01005	0.01063	0.00958	0.01222	0.01159	0.00744	0.02475	0.76252	0.01996	0.05051	0.01854	0.01580	0.00662	0.00489	0.00162	0.00372	0.00553	0.00488	0.00744
43	0.00926	0.00874	0.01476	0.75393	0.09768	0.01068	0.01339	0.01242	0.00967	0.01250	0.00854	0.01267	0.00647	0.00473	0.00477	0.00158	0.00631	0.00425	0.00214	0.00550
44	0.05588	0.02217	0.01325	0.01204	0.01453	0.77686	0.00905	0.01886	0.01330	0.01213	0.00736	0.00858	0.00611	0.00490	0.00425	0.00124	0.00840	0.00306	0.00248	0.00552
45	0.02144	0.00813	0.01109	0.00850	0.01220	0.00702	0.00702	0.02329	0.01368	0.80552	0.01886	0.01627	0.01183	0.00592	0.00481	0.00148	0.00407	0.00481	0.00592	0.00813
46	0.01278	0.01071	0.01131	0.00991	0.01277	0.01230	0.00778	0.13344	0.68408	0.02143	0.01832	0.01693	0.01367	0.00638	0.00485	0.00159	0.00399	0.00525	0.00485	0.00765
47	0.00959	0.02472	0.80726	0.01362	0.02069	0.01110	0.01766	0.01514	0.01009	0.01514	0.00858	0.01009	0.00605	0.00454	0.00454	0.00151	0.00706	0.00353	0.00202	0.00706
48	0.07405	0.00820	0.01084	0.00837	0.01202	0.00726	0.00691	0.02272	0.01333	0.75667	0.01810	0.01574	0.01142	0.00582	0.00469	0.00148	0.00404	0.00467	0.00573	0.00795
49	0.00567	0.00484	0.00488	0.00487	0.00647	0.00405	0.00365	0.00691	0.01095	0.01305	0.06533	0.04577	0.78328	0.01205	0.00565	0.00161	0.00242	0.01005	0.00446	0.00405
50	0.01785	0.02278	0.01354	0.01231	0.01478	0.81284	0.00924	0.01909	0.01354	0.01170	0.00739	0.00862	0.00616	0.00493	0.00431	0.00123	0.00862	0.00308	0.00246	0.00554
51	0.00582	0.00416	0.00555	0.00666	0.00693	0.00388	0.00444	0.00666	0.00915	0.01220	0.02634	0.82891	0.03161	0.01497	0.00610	0.00194	0.00277	0.01359	0.00444	0.00388
52	0.00676	0.00489	0.00639	0.00601	0.00714	0.00451	0.00451	0.00902	0.01353	0.01917	0.79969	0.03570	0.04510	0.00977	0.00564	0.00150	0.00225	0.00864	0.00526	0.00451
53	0.02131	0.00834	0.01122	0.00860	0.01231	0.00734	0.00711	0.05366	0.01403	0.77466	0.01856	0.01608	0.01168	0.00591	0.00481	0.00148	0.00411	0.00479	0.00587	0.00813
54	0.00915	0.00880	0.00906	0.00873	0.00985	0.16490	0.00672	0.01069	0.00880	0.01119	0.01153	0.01674	0.01071	0.04766	0.60271	0.00611	0.04488	0.00472	0.00253	0.00452
55	0.01623	0.01242	0.01325	0.01060	0.01408	0.01391	0.00861	0.55082	0.26109	0.02699	0.01394	0.01344	0.01013	0.00597	0.00481	0.00149	0.00480	0.00464	0.00481	0.00795
56	0.00830	0.00415	0.00623	0.00623	0.00623	0.00415	0.00415	0.00623	0.00623	0.00830	0.00830	0.01453	0.00830	0.01660	0.01868	0.86094	0.00415	0.00415	0.00208	0.00208
57	0.82823	0.00919	0.00721	0.00638	0.00937	0.01056	0.00526	0.01446	0.00838	0.05632	0.00720	0.00814	0.00547	0.00450	0.00304	0.00148	0.00371	0.00269	0.00309	0.00531
58	0.00747	0.02809	0.00678	0.00698	0.00779	0.00492	0.00499	0.00891	0.03589	0.06932	0.02549	0.63028	0.05395	0.02829	0.00623	0.00193	0.00309	0.06076	0.00446	0.00439
59	0.01639	0.01211	0.01392	0.01148	0.04066	0.06494	0.06264	0.39557	0.10840	0.14415	0.03581	0.04792	0.01126	0.00613	0.00490	0.00148	0.00515	0.00503	0.00456	0.00748
60	0.01703	0.02137	0.01370	0.01230	0.01480	0.72783	0.03369	0.01887	0.04498	0.01213	0.00813	0.00947	0.00673	0.00600	0.03145	0.00148	0.00854	0.00332	0.00256	0.00561
61	0.00582	0.00426	0.00547	0.00642	0.00688	0.00391	0.00434	0.00672	0.00944	0.01240	0.04126	0.71935	0.12712	0.01454	0.00604	0.00189	0.00272	0.01308	0.00445	0.00391
62	0.06473	0.01174	0.04493	0.10025	0.59172	0.02842	0.05992	0.01455	0.01064	0.01554	0.00879	0.01160	0.00721	0.00433	0.00466	0.00145	0.00587	0.00419	0.00237	0.00708
63	0.01271	0.03419	0.08172	0.04640	0.02762	0.00931	0.09362	0.11596	0.02967	0.12198	0.01083	0.02239	0.00822	0.00458	0.00431	0.00117	0.00483	0.00393	0.00339	0.36318
64	0.70767	0.04128	0.08960	0.01866	0.02299	0.01096	0.00681	0.01403	0.00847	0.02005	0.00724	0.02182	0.00580	0.00461	0.00323	0.00147	0.00414	0.00292	0.00283	0.00542
65	0.01278	0.83490	0.02505	0.00818	0.01227	0.01891	0.00818	0.01431	0.00971	0.01125	0.00664	0.00767	0.00613	0.00409	0.00307	0.00102	0.00511	0.00256	0.00204	0.00613
66	0.00962	0.02446	0.78990	0.01377	0.02078	0.01112	0.03475	0.01514	0.01012	0.01514	0.00860	0.01015	0.00608	0.00453	0.00457	0.00152	0.00709	0.00358	0.00203	0.00705
67	0.00599	0.00486	0.00531	0.00520	0.00666	0.00418	0.00390	0.00751	0.01169	0.01481	0.27635	0.04287	0.57115	0.01140	0.00565	0.00158	0.00237	0.00965	0.00469	0.00418
68	0.00605	0.00473	0.00547	0.00555	0.00677	0.00416	0.00406	0.00753	0.01145	0.01483	0.29068	0.18227	0.41569	0.01185	0.00573	0.00164	0.00243	0.01024	0.00471	0.00416
69	0.00624	0.00457	0.00591	0.00683	0.00729	0.00442	0.00464	0.00793	0.05942	0.01294	0.05232	0.74999	0.03099	0.01425	0.00601	0.00191	0.00282	0.01290	0.00449	0.00414
70	0.01364	0.01114	0.01179	0.01008	0.01310	0.01271	0.00799	0.23729	0.57884	0.02281	0.01723	0.01606	0.01279	0.00628	0.00484	0.00157	0.00419	0.00510	0.00484	0.00772
71	0.00669	0.00522	0.00699	0.00638	0.00778	0.00473	0.03930	0.00875	0.01273	0.01740	0.57431	0.05143	0.22004	0.01015	0.00565	0.00154	0.00256	0.00894	0.00493	0.00447
72	0.01977	0.00775	0.01056	0.00839	0.01174	0.00674	0.00688	0.02157	0.01325	0.71638	0.01965	0.07292	0.01387	0.00686	0.00497	0.00154	0.00399	0.03972	0.00575	0.00768
73	0.00959	0.02472	0.80726	0.01362	0.02069	0.01110	0.01766	0.01514	0.01009	0.01514	0.00858	0.01009	0.00605	0.00454	0.00454	0.00151	0.00706	0.00353	0.00202	0.00706
74	0.01046	0.01046	0.01464	0.01255	0.01255	0.01464	0.01046	0.01150	0.00732	0.01150	0.00627	0.01046	0.00627	0.00837	0.01569	0.00209	0.82328	0.00418	0.00209	0.00523
75	0.01046	0.01046	0.01464	0.01255	0.01255	0.01464	0.01046	0.01150	0.00732	0.01150	0.00627	0.01046	0.00627	0.00837	0.01569	0.00209	0.82328	0.00418	0.00209	0.00523
76	0.01841	0.01301	0.01411	0.01082	0.01463	0.01426	0.00893	0.73082	0.02183	0.08648	0.01201	0.01182	0.00840	0.00575	0.00478	0.00144	0.00517	0.00434	0.00486	0.00813
77	0.01932	0.01305	0.01160	0.00962	0.01274	0.28190	0.00761	0.04403	0.01367	0.46132	0.01452	0.01361	0.00981	0.00555	0.00454	0.00137	0.00554	0.00418	0.05900	0.00702
78	0.00571	0.00471	0.00501	0.00521	0.00656	0.00402	0.00380	0.00687	0.01063	0.01292	0.06101	0.19286	0.63903	0.01259	0.00573	0.00167	0.00248	0.01071	0.00446	0.00402
79	0.00676	0.00489	0.00639	0.00601	0.00714	0.00451	0.00451	0.00902	0.01353	0.01917	0.79969	0.03570	0.04510	0.00977	0.00564	0.00150	0.00225	0.00864	0.00526	0.00451
80	0.00991	0.00850	0.00991	0.00708	0.01133	0.00637	0.00566	0.01203	0.00991	0.01557	0.00850	0.00991	0.00708	0.00354	0.00354	0.00071	0.00354	0.00283	0.00283	0.86124
81	0.00830	0.00415	0.00623	0.00623	0.00623	0.00415	0.00415	0.00623	0.00623	0.00830	0.00830	0.01453	0.00830	0.01660	0.01868	0.86094	0.00415	0.00415	0.00208	0.00208
82	0.01128	0.01289	0.02820	0.02015	0.02498	0.01209	0.78485	0.01531	0.01128	0.01531	0.00967	0.01289	0.00725	0.00403	0.00564	0.00161	0.00806	0.00564	0.00242	0.00645
83	0.00590	0.00442	0.00529	0.00593	0.00659	0.00402	0.00401	0.00675	0.00944	0.01209	0.03187	0.49620	0.26731	0.10729	0.00804	0.00215	0.00288	0.01175	0.00426	0.00382
84	0.00693	0.00485	0.00631	0.00612	0.00720	0.00445	0.00452	0.00891	0.01276	0.03663	0.63215	0.15725	0.07274	0.01057	0.00569	0.00157	0.00238	0.00937	0.00512	0.00448
85	0.02042	0.00897	0.01146	0.00882	0.01245	0.00836	0.00728	0.16227	0.01516	0.63696	0.01740	0.01545	0.01117	0.00587	0.00475	0.00146	0.00422	0.00470	0.03483	0.00801
86	0.01179	0.01539	0.21167	0.01853	0.10164	0.02588	0.45318	0.01585	0.01117	0.07267	0.00997	0.01228	0.00731	0.00433	0.00520	0.00155	0.00730	0.00489	0.00257	0.00681
87	0.01108	0.01059	0.01805	0.24081	0.59659	0.01116	0.01430	0.01401	0.01053	0.01471	0.00886	0.01207	0.00725	0.00440	0.00474	0.00147	0.00586	0.00426	0.00230	0.00697
88	0.01123	0.00965	0.01067	0.03562	0.03466	0.01102	0.00761	0.02287	0.66044	0.01953	0.10510	0.01948	0.01751	0.00673	0.00494	0.00160	0.00375	0.00569	0.00475	0.00716
89	0.84747	0.00923	0.00718	0.02369	0.00975	0.01072	0.00535	0.01401	0.00816	0.02125	0.00669	0.00787	0.00520	0.00444	0.00300	0.00148	0.00375	0.00262	0.00294	0.00518
90	0.01988	0.00774	0.01048	0.00820	0.01159	0.00673	0.00671	0.02172	0.01341	0.71897	0.05372	0.04300	0.01395	0.00636	0.00484	0.00148	0.00388	0.00524	0.03438	0.00771
91	0.00837	0.00699	0.02574	0.00754	0.02195	0.01877	0.01748	0.06836	0.09535	0.01875	0.48815	0.06701	0.11822	0.00925	0.00546	0.00154	0.00303	0.00804	0.00485	0.00517
92	0.00582	0.00419	0.00551	0.00657	0.00691	0.00389	0.00440	0.00666	0.00923	0.01223	0.02733	0.79379	0.06609	0.01485	0.00608	0.00193	0.00276	0.01343	0.00444	0.00389
93	0.01113	0.01064	0.01813	0.22722	0.60981	0.01117	0.01432	0.01405	0.01055	0.01476	0.00887	0.01206	0.00727	0.00439	0.00474	0.00146	0.00585	0.00426	0.00231	0.00701
94	0.00743	0.00556	0.00705	0.00675	0.00692	0.00633	0.00458	0.00791	0.00715	0.00995	0.01336	0.02584	0.01472	0.55779	0.17777	0.00487	0.12362	0.00619	0.00271	0.00350
95	0.00809	0.00530	0.00687	0.00629	0.00767	0.00490	0.00478	0.02633	0.01361	0.07911	0.69580	0.04613	0.05759	0.00952	0.00556	0.00151	0.00247	0.00837	0.00527	0.00484
96	0.24155	0.07479	0.07996	0.06907	0.04072	0.13234	0.00886	0.11421	0.13608	0.01844	0.01074	0.01194	0.02108	0.00525	0.00413	0.00145	0.00529	0.01459	0.00323	0.00628
97	0.00582	0.00416	0.00555	0.00666	0.00693	0.00388	0.00444	0.00666	0.00915	0.01220	0.02634	0.82891	0.03161	0.01497	0.00610	0.00194	0.00277	0.01359	0.00444	0.00388
98	0.02745	0.07834	0.01275	0.01077	0.03984	0.18333	0.00817	0.02262	0.52515	0.01740	0.01529	0.01469	0.01172	0.00585	0.00457	0.00148	0.00498	0.00460	0.00401	0.00698
99	0.06885	0.06976	0.33184	0.01628	0.21382	0.01118	0.06592	0.01519	0.03231	0.04240	0.00915	0.01081	0.00699	0.00441	0.00439	0.00139	0.00592	0.00376	0.00248	0.08315
100	0.05321	0.45743	0.19938	0.01019	0.01454	0.06157	0.02687	0.03931	0.02337	0.01349	0.00753	0.00885	0.00631	0.00461	0.00438	0.00127	0.05605	0.00308	0.00225	0.00630

[dist]
# distance from previous block
# <min> <max>
0	1

[block]
# block no. 3 follows, 53 sequences, length 12
# corresponding to MSA columns:
# 430-441
name=unknown_D
#
# <colnr> <probs for GDERKNQSTAVLIFYWHMCP>
#	G	D	E	R	K	N	Q	S	T	A	V	L	I	F	Y	W	H	M	C	P
0	0.08045	0.10173	0.48530	0.01245	0.01813	0.03635	0.06253	0.08586	0.04472	0.01674	0.00899	0.01025	0.00662	0.00466	0.00436	0.00146	0.00640	0.00363	0.00251	0.00685
1	0.06258	0.00885	0.09510	0.00859	0.01119	0.00723	0.08153	0.04710	0.05473	0.05013	0.35378	0.04749	0.13592	0.00826	0.00525	0.00154	0.00375	0.00722	0.00434	0.00541
2	0.00891	0.00716	0.00850	0.00680	0.00989	0.00562	0.00524	0.01070	0.01010	0.03565	0.05074	0.17837	0.07792	0.00686	0.00435	0.00108	0.00325	0.00589	0.00347	0.55951
3	0.01329	0.75257	0.02388	0.00860	0.01252	0.09939	0.00829	0.01480	0.01010	0.01129	0.00672	0.00776	0.00614	0.00417	0.00319	0.00104	0.00547	0.00261	0.00209	0.00607
4	0.00665	0.00507	0.00621	0.00645	0.00761	0.00474	0.00494	0.00880	0.04371	0.01529	0.27607	0.19016	0.24919	0.01187	0.00587	0.00174	0.00284	0.14372	0.00471	0.00437
5	0.09830	0.21030	0.28932	0.01230	0.07166	0.06846	0.05837	0.02628	0.01063	0.04416	0.04528	0.02700	0.00872	0.00491	0.00419	0.00138	0.00589	0.00385	0.00258	0.00642
6	0.01186	0.04465	0.11908	0.01928	0.25413	0.04973	0.24067	0.01502	0.01087	0.05980	0.01042	0.02755	0.00868	0.00525	0.00579	0.00156	0.06473	0.04161	0.00265	0.00667
7	0.00614	0.00432	0.00559	0.00649	0.00675	0.00411	0.00430	0.00688	0.00882	0.01174	0.02410	0.63413	0.02863	0.17369	0.00967	0.00248	0.00322	0.05109	0.00414	0.00372
8	0.01158	0.01017	0.01659	0.28763	0.39744	0.01091	0.03195	0.07578	0.01144	0.05061	0.01020	0.04604	0.00839	0.00506	0.00483	0.00151	0.00574	0.00470	0.00272	0.00671
9	0.14713	0.10630	0.29654	0.03565	0.04003	0.05176	0.02467	0.09356	0.04508	0.10186	0.00989	0.01070	0.00720	0.00483	0.00422	0.00143	0.00571	0.00363	0.00303	0.00678
10	0.00800	0.00553	0.00712	0.00757	0.00862	0.00544	0.00587	0.04628	0.03673	0.04600	0.09247	0.32843	0.05538	0.05600	0.00702	0.00207	0.00357	0.26883	0.00450	0.00456
11	0.00615	0.00448	0.00556	0.00620	0.00677	0.00417	0.00426	0.00709	0.00948	0.01241	0.07690	0.46557	0.16171	0.14774	0.00901	0.00231	0.00309	0.05902	0.00423	0.00382

[dist]
# distance from previous block
# <min> <max>
0	1

[block]
# block no. 4 follows, 53 sequences, length 132
# corresponding to MSA columns:
# 443-574
name=unknown_E
#
# <colnr> <probs for GDERKNQSTAVLIFYWHMCP>
#	G	D	E	R	K	N	Q	S	T	A	V	L	I	F	Y	W	H	M	C	P
0	0.01714	0.01427	0.04011	0.01103	0.01466	0.09424	0.00917	0.61498	0.07119	0.02668	0.01186	0.03162	0.00886	0.00589	0.00476	0.00144	0.00550	0.00445	0.00445	0.00769
1	0.05190	0.01338	0.09420	0.17646	0.16116	0.13634	0.02160	0.07357	0.04890	0.01591	0.02380	0.01156	0.00784	0.00471	0.00443	0.00134	0.00584	0.00385	0.00276	0.14046
2	0.01163	0.01131	0.01753	0.26595	0.46392	0.05914	0.03548	0.05061	0.01120	0.01503	0.00888	0.01193	0.00714	0.00452	0.00475	0.00147	0.00611	0.00423	0.00241	0.00676
3	0.01172	0.01009	0.01066	0.00960	0.01225	0.01164	0.00746	0.02485	0.76771	0.01997	0.04532	0.01843	0.01560	0.00659	0.00489	0.00162	0.00373	0.00551	0.00488	0.00746
4	0.01145	0.01127	0.03218	0.12175	0.68523	0.01128	0.02804	0.01440	0.01072	0.01520	0.00894	0.01193	0.00740	0.00432	0.00475	0.00144	0.00582	0.00427	0.00233	0.00728
5	0.00586	0.00435	0.00548	0.00636	0.00694	0.00397	0.00439	0.00682	0.00958	0.01243	0.03092	0.63624	0.19201	0.01431	0.00603	0.00188	0.00276	0.04130	0.00444	0.00393
6	0.00657	0.00482	0.00615	0.00594	0.00705	0.00441	0.00441	0.00859	0.01289	0.01792	0.65491	0.10045	0.12720	0.01045	0.00568	0.00155	0.00231	0.00920	0.00510	0.00441
7	0.01120	0.00716	0.00870	0.00744	0.00952	0.00710	0.00584	0.14745	0.06026	0.13748	0.48836	0.02775	0.04518	0.00835	0.00532	0.00150	0.00314	0.00716	0.00524	0.00585
8	0.00730	0.00558	0.00682	0.00679	0.00800	0.00552	0.00506	0.01087	0.13281	0.01692	0.39863	0.21985	0.09712	0.01084	0.00568	0.00167	0.00273	0.04815	0.00490	0.00479
9	0.01057	0.00930	0.01284	0.01100	0.01153	0.01218	0.00905	0.01185	0.00872	0.06654	0.12308	0.01500	0.01259	0.02743	0.01334	0.00198	0.60576	0.00490	0.00285	0.02949
10	0.01046	0.01046	0.01464	0.01255	0.01255	0.01464	0.01046	0.01150	0.00732	0.01150	0.00627	0.01046	0.00627	0.00837	0.01569	0.00209	0.82328	0.00418	0.00209	0.00523
11	0.00670	0.00488	0.00629	0.00594	0.00710	0.00448	0.00446	0.00889	0.01337	0.01878	0.75297	0.03634	0.09206	0.00992	0.00564	0.00151	0.00227	0.00873	0.00521	0.00448
12	0.01823	0.01330	0.01429	0.01095	0.01478	0.01469	0.00905	0.77317	0.02232	0.04344	0.01160	0.01156	0.00819	0.00574	0.00478	0.00144	0.00524	0.00431	0.00480	0.00813
13	0.01785	0.02278	0.01354	0.01231	0.01478	0.81284	0.00924	0.01909	0.01354	0.01170	0.00739	0.00862	0.00616	0.00493	0.00431	0.00123	0.00862	0.00308	0.00246	0.00554
14	0.00821	0.00603	0.00754	0.00727	0.00873	0.00607	0.00573	0.01243	0.15076	0.03767	0.49314	0.03559	0.03550	0.00976	0.00567	0.00166	0.00298	0.15510	0.00504	0.00512
15	0.00603	0.00437	0.00573	0.00676	0.00712	0.00416	0.00455	0.00731	0.03635	0.01247	0.02610	0.80078	0.03102	0.01468	0.00606	0.00193	0.00281	0.01330	0.00445	0.00401
16	0.54063	0.00882	0.00859	0.00714	0.01038	0.00930	0.00589	0.01761	0.01027	0.32339	0.01135	0.01104	0.00774	0.00501	0.00367	0.00148	0.00384	0.00344	0.00410	0.00632
17	0.04527	0.01104	0.01165	0.00922	0.01234	0.01212	0.00753	0.56792	0.01890	0.02678	0.01233	0.01291	0.00904	0.00565	0.00436	0.00136	0.00446	0.00428	0.21574	0.00712
18	0.00861	0.00699	0.06140	0.00715	0.00897	0.00583	0.00600	0.05089	0.02573	0.06912	0.42478	0.05590	0.09424	0.05596	0.00659	0.00176	0.00326	0.08511	0.01670	0.00500
19	0.00743	0.00593	0.00653	0.00723	0.00781	0.06919	0.00498	0.00833	0.00963	0.03962	0.02444	0.69023	0.04382	0.02709	0.00638	0.00191	0.01891	0.01208	0.00426	0.00418
20	0.01060	0.12590	0.01209	0.00727	0.01148	0.00817	0.00605	0.01263	0.00998	0.03435	0.00849	0.00975	0.00706	0.00368	0.00350	0.00077	0.00378	0.00284	0.00280	0.71882
21	0.00771	0.00556	0.00633	0.00615	0.00786	0.00507	0.00482	0.01011	0.06640	0.07447	0.14966	0.04132	0.47517	0.01105	0.00565	0.00167	0.00288	0.10870	0.00469	0.00471
22	0.03331	0.10369	0.34922	0.05855	0.07782	0.01127	0.07890	0.04148	0.01106	0.13771	0.01020	0.01143	0.00736	0.00516	0.01726	0.00153	0.00618	0.00391	0.00284	0.03113
23	0.01129	0.32935	0.36756	0.04038	0.01644	0.01339	0.01230	0.01468	0.00995	0.06179	0.00881	0.01035	0.00693	0.00699	0.06919	0.00183	0.00658	0.00339	0.00232	0.00649
24	0.00596	0.00485	0.00527	0.00517	0.00665	0.00417	0.00388	0.00746	0.01163	0.01465	0.25687	0.04314	0.59073	0.01146	0.00565	0.00158	0.00237	0.00969	0.00467	0.00417
25	0.01058	0.00595	0.00756	0.00664	0.00857	0.00541	0.00516	0.01308	0.04796	0.21914	0.45633	0.03144	0.14496	0.00898	0.00539	0.00152	0.00281	0.00773	0.00529	0.00550
26	0.04297	0.01181	0.13414	0.05748	0.01560	0.01048	0.11432	0.10949	0.10506	0.06833	0.09215	0.06277	0.03951	0.00675	0.00617	0.00162	0.09489	0.00561	0.01457	0.00630
27	0.02248	0.00530	0.00816	0.00757	0.00836	0.00524	0.06744	0.02114	0.00805	0.03353	0.01265	0.13590	0.01277	0.01434	0.03611	0.49789	0.00440	0.03382	0.06151	0.00333
28	0.02012	0.00933	0.01170	0.00901	0.01264	0.00889	0.00743	0.21440	0.01581	0.58182	0.03004	0.01542	0.01147	0.00593	0.00478	0.00146	0.00430	0.00474	0.02272	0.00800
29	0.01079	0.01098	0.01486	0.14258	0.07260	0.06392	0.01113	0.01232	0.00832	0.01192	0.00689	0.01080	0.00638	0.00728	0.01245	0.00191	0.58315	0.00413	0.00214	0.00543
30	0.11485	0.26958	0.07783	0.12108	0.08306	0.05128	0.00976	0.07385	0.02417	0.11898	0.00946	0.01054	0.00721	0.00472	0.00399	0.00134	0.00533	0.00351	0.00297	0.00651
31	0.00720	0.00528	0.00693	0.00644	0.00753	0.00519	0.00489	0.00929	0.01283	0.03079	0.68466	0.03374	0.06537	0.02412	0.02300	0.00172	0.05324	0.00825	0.00495	0.00456
32	0.85140	0.00930	0.00738	0.00652	0.00951	0.01075	0.01830	0.01407	0.00819	0.02134	0.00671	0.00785	0.00521	0.00443	0.00300	0.00148	0.00377	0.00264	0.00295	0.00520
33	0.02144	0.00813	0.01109	0.00850	0.01220	0.00702	0.00702	0.02329	0.01368	0.80552	0.01886	0.01627	0.01183	0.00592	0.00481	0.00148	0.00407	0.00481	0.00592	0.00813
34	0.01160	0.01112	0.01899	0.09403	0.73931	0.01130	0.01455	0.01447	0.01077	0.01534	0.00895	0.01190	0.00747	0.00430	0.00474	0.00143	0.00573	0.00426	0.00235	0.00739
35	0.00660	0.00480	0.00621	0.00603	0.00708	0.00441	0.00446	0.00864	0.01289	0.01804	0.67195	0.12928	0.08071	0.01050	0.00569	0.00156	0.00232	0.00930	0.00512	0.00441
36	0.00582	0.00416	0.00555	0.00666	0.00693	0.00388	0.00444	0.00666	0.00915	0.01220	0.02634	0.82891	0.03161	0.01497	0.00610	0.00194	0.00277	0.01359	0.00444	0.00388
37	0.00648	0.00469	0.00612	0.00614	0.00706	0.00433	0.00446	0.00833	0.01230	0.01715	0.57389	0.24302	0.06569	0.01120	0.00576	0.00162	0.00240	0.00998	0.00502	0.00433
38	0.01278	0.83490	0.02505	0.00818	0.01227	0.01891	0.00818	0.01431	0.00971	0.01125	0.00664	0.00767	0.00613	0.00409	0.00307	0.00102	0.00511	0.00256	0.00204	0.00613
39	0.01997	0.00770	0.01031	0.00803	0.01142	0.00672	0.00659	0.02187	0.01325	0.71310	0.01847	0.01645	0.01188	0.00588	0.00463	0.00144	0.00385	0.00477	0.10596	0.00770
40	0.00891	0.00445	0.00445	0.00445	0.00557	0.00445	0.00334	0.01114	0.01002	0.01782	0.01559	0.01782	0.01225	0.00557	0.00334	0.00111	0.00223	0.00445	0.85856	0.00445
41	0.01128	0.01289	0.02820	0.02015	0.02498	0.01209	0.78485	0.01531	0.01128	0.01531	0.00967	0.01289	0.00725	0.00403	0.00564	0.00161	0.00806	0.00564	0.00242	0.00645
42	0.01817	0.01339	0.01434	0.01100	0.01482	0.01482	0.00908	0.78627	0.02247	0.03012	0.01148	0.01148	0.00813	0.00574	0.00478	0.00143	0.00526	0.00430	0.00478	0.00813
43	0.00671	0.00486	0.00633	0.00601	0.00712	0.00448	0.00449	0.00890	0.01333	0.01881	0.75891	0.06340	0.05866	0.01000	0.00565	0.00152	0.00228	0.00884	0.00522	0.00448
44	0.00991	0.00850	0.00991	0.00708	0.01133	0.00637	0.00566	0.01203	0.00991	0.01557	0.00850	0.00991	0.00708	0.00354	0.00354	0.00071	0.00354	0.00283	0.00283	0.86124
45	0.01073	0.01091	0.01460	0.01254	0.01263	0.04394	0.01041	0.01178	0.00755	0.01151	0.00632	0.01039	0.00627	0.00824	0.01527	0.00206	0.79337	0.00414	0.00211	0.00524
46	0.00815	0.00584	0.00796	0.00885	0.01006	0.00590	0.00769	0.04646	0.01150	0.01500	0.02468	0.07093	0.02669	0.01289	0.00650	0.00216	0.00440	0.71534	0.00442	0.00456
47	0.00965	0.00706	0.00852	0.00706	0.00965	0.00623	0.00554	0.04854	0.05594	0.07141	0.33395	0.03703	0.04822	0.00726	0.00481	0.00126	0.00313	0.03061	0.00436	0.29978
48	0.00672	0.00485	0.00635	0.00604	0.00713	0.00448	0.00451	0.00891	0.01332	0.01884	0.76320	0.07313	0.04446	0.01002	0.00566	0.00152	0.00228	0.00888	0.00522	0.00448
49	0.01306	0.78916	0.02440	0.00841	0.01241	0.06363	0.00824	0.01458	0.00993	0.01127	0.00669	0.00772	0.00614	0.00414	0.00314	0.00103	0.00531	0.00259	0.00207	0.00610
50	0.00676	0.00489	0.00639	0.00601	0.00714	0.00451	0.00451	0.00902	0.01353	0.01917	0.79969	0.03570	0.04510	0.00977	0.00564	0.00150	0.00225	0.00864	0.00526	0.00451
51	0.01123	0.01219	0.02523	0.04302	0.10912	0.01170	0.61560	0.01549	0.04806	0.01556	0.01022	0.01317	0.00778	0.00424	0.00540	0.00157	0.00735	0.00540	0.03115	0.00652
52	0.13867	0.05295	0.03373	0.03982	0.18763	0.11200	0.02200	0.14629	0.13716	0.06790	0.01101	0.01181	0.00837	0.00508	0.00438	0.00143	0.00535	0.00401	0.00345	0.00692
53	0.00582	0.00416	0.00555	0.00666	0.00693	0.00388	0.00444	0.00666	0.00915	0.01220	0.02634	0.82891	0.03161	0.01497	0.00610	0.00194	0.00277	0.01359	0.00444	0.00388
54	0.34119	0.35863	0.01583	0.00819	0.01155	0.15712	0.00719	0.01522	0.00986	0.02928	0.00700	0.00803	0.00587	0.00440	0.00328	0.00124	0.00518	0.00270	0.00254	0.00570
55	0.03817	0.00779	0.01025	0.00811	0.01136	0.00697	0.00660	0.02082	0.05314	0.61401	0.13620	0.01896	0.01675	0.00645	0.00487	0.00148	0.00376	0.00533	0.00564	0.02334
56	0.01278	0.83490	0.02505	0.00818	0.01227	0.01891	0.00818	0.01431	0.00971	0.01125	0.00664	0.00767	0.00613	0.00409	0.00307	0.00102	0.00511	0.00256	0.00204	0.00613
57	0.00728	0.00452	0.00546	0.00546	0.00546	0.00452	0.00320	0.00678	0.00678	0.00903	0.01342	0.02723	0.01518	0.63475	0.02296	0.21180	0.00452	0.00627	0.00270	0.00270
58	0.00579	0.00431	0.00540	0.00627	0.00683	0.00391	0.00426	0.00670	0.00952	0.01235	0.03106	0.66179	0.19569	0.01436	0.00600	0.00187	0.00270	0.01284	0.00444	0.00391
59	0.00676	0.00489	0.00639	0.00601	0.00714	0.00451	0.00451	0.00902	0.01353	0.01917	0.79969	0.03570	0.04510	0.00977	0.00564	0.00150	0.00225	0.00864	0.00526	0.00451
60	0.10521	0.00814	0.01052	0.00819	0.01171	0.00733	0.00672	0.02190	0.01293	0.70459	0.01753	0.01585	0.01133	0.02938	0.00518	0.00157	0.00405	0.00465	0.00553	0.00769
61	0.01817	0.01339	0.01434	0.01100	0.01482	0.01482	0.00908	0.78627	0.02247	0.03012	0.01148	0.01148	0.00813	0.00574	0.00478	0.00143	0.00526	0.00430	0.00478	0.00813
62	0.09980	0.01299	0.01364	0.01054	0.01428	0.01443	0.00871	0.71190	0.02109	0.02929	0.01101	0.01112	0.00784	0.00561	0.00461	0.00144	0.00511	0.00414	0.00461	0.00784
63	0.01046	0.01046	0.01464	0.01255	0.01255	0.01464	0.01046	0.01150	0.00732	0.01150	0.00627	0.01046	0.00627	0.00837	0.01569	0.00209	0.82328	0.00418	0.00209	0.00523
64	0.01183	0.01136	0.01940	0.02934	0.80221	0.01136	0.01467	0.01467	0.01088	0.01562	0.00899	0.01183	0.00757	0.00426	0.00473	0.00142	0.00568	0.00426	0.00237	0.00757
65	0.00764	0.00543	0.00750	0.00851	0.00952	0.00543	0.00731	0.00966	0.01068	0.01390	0.02448	0.05209	0.02669	0.07922	0.00803	0.00240	0.00442	0.70852	0.00428	0.00428
66	0.00888	0.00448	0.00455	0.00458	0.00569	0.00448	0.00346	0.01110	0.01005	0.01772	0.01587	0.01884	0.01268	0.00578	0.00343	0.00114	0.00229	0.02612	0.83439	0.00445
67	0.86579	0.00924	0.00702	0.00629	0.00924	0.01072	0.00518	0.01405	0.00813	0.02144	0.00666	0.00776	0.00518	0.00444	0.00296	0.00148	0.00370	0.00259	0.00296	0.00518
68	0.00991	0.00850	0.00991	0.00708	0.01133	0.00637	0.00566	0.01203	0.00991	0.01557	0.00850	0.00991	0.00708	0.00354	0.00354	0.00071	0.00354	0.00283	0.00283	0.86124
69	0.01239	0.01052	0.01109	0.00983	0.01262	0.01212	0.00769	0.08674	0.73141	0.02081	0.01881	0.01732	0.01407	0.00642	0.00486	0.00161	0.00390	0.00532	0.00486	0.00761
70	0.86579	0.00924	0.00702	0.00629	0.00924	0.01072	0.00518	0.01405	0.00813	0.02144	0.00666	0.00776	0.00518	0.00444	0.00296	0.00148	0.00370	0.00259	0.00296	0.00518
71	0.00617	0.00488	0.00556	0.00545	0.00686	0.00428	0.00413	0.00783	0.01194	0.01543	0.34332	0.04225	0.47348	0.01123	0.00568	0.00159	0.00243	0.03850	0.00476	0.00424
72	0.86579	0.00924	0.00702	0.00629	0.00924	0.01072	0.00518	0.01405	0.00813	0.02144	0.00666	0.00776	0.00518	0.00444	0.00296	0.00148	0.00370	0.00259	0.00296	0.00518
