[name]
unknown

[dist]
# distance from previous block
# <min> <max>
0	39

[block]
# block no. 0 follows, 44 sequences, length 100
# corresponding to MSA columns:
# 42-64,68-109,111-145
name=unknown_A
#
# <colnr> <probs for GDERKNQSTAVLIFYWHMCP>
#	G	D	E	R	K	N	Q	S	T	A	V	L	I	F	Y	W	H	M	C	P
0	0.12486	0.01169	0.03412	0.23090	0.04698	0.09805	0.02555	0.06024	0.02849	0.07059	0.03546	0.06323	0.01287	0.04860	0.00721	0.03979	0.00615	0.04537	0.00360	0.00623
1	0.10968	0.01105	0.01392	0.27585	0.03776	0.04594	0.02406	0.11880	0.04628	0.08710	0.01474	0.03213	0.05869	0.00721	0.00651	0.03395	0.04535	0.00533	0.00374	0.02193
2	0.06949	0.00989	0.01523	0.42793	0.10266	0.01143	0.03415	0.02905	0.04764	0.01638	0.01339	0.03842	0.01186	0.00712	0.00589	0.00188	0.02328	0.10763	0.00317	0.02352
3	0.06375	0.02840	0.01649	0.15777	0.13528	0.02846	0.06237	0.12391	0.13284	0.12236	0.02854	0.01641	0.01138	0.00616	0.00538	0.00171	0.00591	0.01932	0.00419	0.02938
4	0.01181	0.01223	0.04084	0.41212	0.19185	0.04905	0.06511	0.01509	0.01133	0.01503	0.00993	0.01464	0.00808	0.00593	0.00696	0.00183	0.09942	0.01942	0.00257	0.00674
5	0.02646	0.01335	0.10538	0.09859	0.12910	0.02698	0.09916	0.03605	0.14260	0.13446	0.05210	0.02950	0.02453	0.00642	0.00581	0.00173	0.02284	0.00567	0.00406	0.03520
6	0.01617	0.01148	0.01869	0.12718	0.46241	0.01145	0.01406	0.01914	0.01312	0.23212	0.01336	0.01506	0.00983	0.00547	0.00543	0.00166	0.00606	0.00503	0.00381	0.00848
7	0.05686	0.12239	0.12372	0.03508	0.06902	0.01199	0.01061	0.05065	0.09606	0.28066	0.03202	0.03283	0.01210	0.00628	0.00507	0.00162	0.00539	0.00503	0.00458	0.03807
8	0.01341	0.50508	0.21365	0.08172	0.01859	0.01827	0.01262	0.03790	0.01154	0.01466	0.00847	0.01015	0.00707	0.00502	0.00445	0.00140	0.02290	0.00346	0.00243	0.00722
9	0.01068	0.00661	0.00830	0.00809	0.00982	0.00612	0.00592	0.01338	0.07967	0.14573	0.07973	0.43304	0.08718	0.01287	0.00630	0.00193	0.00351	0.01139	0.00533	0.06442
10	0.01872	0.01007	0.02901	0.01009	0.01362	0.00955	0.00829	0.06432	0.17842	0.42045	0.04995	0.07540	0.01710	0.00796	0.00589	0.00177	0.01944	0.02692	0.00596	0.02705
11	0.08248	0.06866	0.07060	0.01067	0.01484	0.02682	0.00931	0.10793	0.20342	0.32191	0.01756	0.01626	0.01216	0.00647	0.00516	0.00168	0.00512	0.00507	0.00533	0.00855
12	0.01015	0.00711	0.00847	0.00780	0.00978	0.00702	0.00598	0.03082	0.13818	0.08769	0.31703	0.06538	0.20382	0.01295	0.06093	0.00228	0.00403	0.00906	0.00551	0.00601
13	0.00680	0.00486	0.00648	0.00759	0.00802	0.00454	0.00517	0.00794	0.01094	0.01470	0.09667	0.71572	0.03731	0.01649	0.00693	0.00218	0.00316	0.03485	0.00514	0.00451
14	0.08573	0.00991	0.01532	0.66945	0.03348	0.01222	0.01385	0.01517	0.06361	0.01550	0.01038	0.01443	0.00780	0.00555	0.00527	0.00181	0.00679	0.00477	0.00273	0.00622
15	0.01282	0.01357	0.07356	0.04639	0.61552	0.03342	0.01572	0.01602	0.01222	0.01721	0.01194	0.08441	0.01090	0.00601	0.00551	0.00168	0.00640	0.00572	0.00288	0.00810
16	0.02075	0.01335	0.01491	0.01160	0.01575	0.01429	0.00953	0.50516	0.08942	0.20764	0.01597	0.01516	0.01102	0.00667	0.00544	0.00166	0.00546	0.00516	0.02193	0.00913
17	0.00960	0.00684	0.07659	0.00786	0.00858	0.00545	0.00612	0.00802	0.00750	0.01017	0.00950	0.01612	0.00924	0.01770	0.01986	0.76591	0.00503	0.00467	0.00236	0.00288
18	0.00830	0.00595	0.00848	0.06308	0.01085	0.00670	0.00663	0.01040	0.00985	0.01455	0.08289	0.02330	0.01697	0.07327	0.50851	0.00638	0.01078	0.00614	0.12204	0.00492
19	0.01090	0.01205	0.08439	0.28420	0.02267	0.01374	0.01320	0.01351	0.01002	0.01438	0.06203	0.01500	0.01041	0.00847	0.02690	0.00221	0.38207	0.00511	0.00266	0.00610
20	0.00701	0.00481	0.00628	0.00743	0.00785	0.00453	0.00504	0.00814	0.01058	0.01455	0.02892	0.71552	0.03395	0.01606	0.00669	0.00214	0.00315	0.03283	0.07999	0.00450
21	0.01058	0.00998	0.01687	0.72682	0.10378	0.01219	0.01528	0.01418	0.01104	0.01428	0.00974	0.01444	0.00739	0.00540	0.00545	0.00180	0.00720	0.00485	0.00245	0.00629
22	0.00697	0.00519	0.00723	0.07840	0.01057	0.00512	0.00597	0.00816	0.01048	0.01392	0.02822	0.73380	0.03347	0.01603	0.00682	0.00218	0.00353	0.01454	0.00482	0.00457
23	0.01984	0.01643	0.08502	0.01281	0.01751	0.01653	0.01124	0.68979	0.02436	0.03282	0.01279	0.01295	0.00906	0.00642	0.00543	0.00164	0.00618	0.00483	0.00517	0.00916
24	0.01117	0.07867	0.01006	0.00752	0.00964	0.00709	0.00598	0.01354	0.01496	0.15110	0.54615	0.03448	0.06853	0.00991	0.00600	0.00167	0.00323	0.00854	0.00576	0.00600
25	0.01035	0.01135	0.08501	0.72521	0.03629	0.01216	0.01559	0.01423	0.01096	0.01423	0.00970	0.01426	0.00723	0.00543	0.00543	0.00181	0.00734	0.00477	0.00241	0.00624
26	0.01238	0.15868	0.01755	0.01238	0.01347	0.03874	0.01052	0.01383	0.00935	0.01372	0.00846	0.01232	0.00793	0.00912	0.03514	0.00221	0.53419	0.00445	0.07951	0.00605
27	0.01197	0.01008	0.01166	0.00839	0.01320	0.00794	0.00673	0.06580	0.01231	0.01893	0.00993	0.01143	0.00816	0.00421	0.00414	0.00087	0.00418	0.00335	0.00339	0.78334
28	0.02016	0.02886	0.01446	0.01117	0.01516	0.01331	0.00913	0.35458	0.16453	0.26766	0.01749	0.01656	0.01219	0.02180	0.00586	0.00175	0.00522	0.00535	0.00578	0.00899
29	0.01030	0.00969	0.01635	0.79530	0.03755	0.01211	0.01514	0.01393	0.01090	0.01393	0.00969	0.01453	0.00727	0.00545	0.00545	0.00182	0.00727	0.00484	0.00242	0.00606
30	0.00857	0.00576	0.00756	0.00700	0.00844	0.00529	0.00529	0.01112	0.01544	0.06066	0.73305	0.03959	0.04949	0.01092	0.00638	0.00171	0.00268	0.00963	0.00604	0.00536
31	0.01208	0.00987	0.01218	0.09677	0.01587	0.00830	0.00772	0.03517	0.01180	0.05307	0.01028	0.01207	0.00825	0.00450	0.00458	0.00102	0.02025	0.00359	0.00335	0.66926
32	0.01369	0.01141	0.01226	0.01065	0.01404	0.01256	0.00833	0.03955	0.62186	0.04503	0.02023	0.01887	0.01520	0.00688	0.00533	0.00169	0.00431	0.00570	0.00525	0.12714
33	0.00947	0.00473	0.00710	0.00710	0.00710	0.00473	0.00473	0.00710	0.00710	0.00947	0.00947	0.01657	0.00947	0.01894	0.02131	0.84138	0.00473	0.00473	0.00237	0.00237
34	0.01458	0.81168	0.02857	0.00933	0.01399	0.02157	0.00933	0.01632	0.01108	0.01283	0.00758	0.00875	0.00700	0.00466	0.00350	0.00117	0.00583	0.00292	0.00233	0.00700
35	0.02446	0.00928	0.01265	0.00970	0.01392	0.00801	0.00801	0.02657	0.01560	0.77817	0.02151	0.01856	0.01350	0.00675	0.00548	0.00169	0.00464	0.00548	0.00675	0.00928
36	0.00679	0.00554	0.00600	0.00588	0.00757	0.00475	0.00441	0.00849	0.01324	0.01665	0.24829	0.04930	0.57793	0.01309	0.00644	0.00181	0.00271	0.01106	0.00532	0.00475
37	0.00768	0.00558	0.00726	0.00704	0.00831	0.00516	0.00534	0.01011	0.01485	0.02075	0.64918	0.07565	0.08799	0.01182	0.00653	0.00180	0.00278	0.06124	0.00584	0.00508
38	0.00664	0.00474	0.00633	0.00759	0.00791	0.00443	0.00506	0.00759	0.01044	0.01392	0.03005	0.80485	0.03606	0.01708	0.00696	0.00221	0.00316	0.01550	0.00506	0.00443
39	0.01356	0.01171	0.01233	0.01109	0.01418	0.01356	0.00863	0.02897	0.76455	0.02281	0.02219	0.02034	0.01664	0.00740	0.00555	0.00185	0.00431	0.00616	0.00555	0.00863
40	0.02446	0.00928	0.01265	0.00970	0.01392	0.00801	0.00801	0.02657	0.01560	0.77817	0.02151	0.01856	0.01350	0.00675	0.00548	0.00169	0.00464	0.00548	0.00675	0.00928
41	0.02446	0.00928	0.01265	0.00970	0.01392	0.00801	0.00801	0.02657	0.01560	0.77817	0.02151	0.01856	0.01350	0.00675	0.00548	0.00169	0.00464	0.00548	0.00675	0.00928
42	0.02072	0.01527	0.01636	0.01254	0.01691	0.01691	0.01036	0.75622	0.02563	0.03436	0.01309	0.01309	0.00927	0.00654	0.00545	0.00164	0.00600	0.00491	0.00545	0.00927
43	0.01130	0.00969	0.01130	0.00807	0.01292	0.00727	0.00646	0.01373	0.01130	0.01776	0.00969	0.01130	0.00807	0.00404	0.00404	0.00081	0.00404	0.00323	0.00323	0.84173
44	0.01239	0.09607	0.59036	0.01525	0.02250	0.01324	0.08548	0.01785	0.01188	0.07025	0.01052	0.01205	0.00750	0.00519	0.00516	0.00168	0.00772	0.00425	0.00266	0.00798
45	0.01287	0.01471	0.03217	0.02298	0.02849	0.01379	0.75460	0.01746	0.01287	0.01746	0.01103	0.01471	0.00827	0.00460	0.00643	0.00184	0.00919	0.00643	0.00276	0.00735
46	0.02446	0.00928	0.01265	0.00970	0.01392	0.00801	0.00801	0.02657	0.01560	0.77817	0.02151	0.01856	0.01350	0.00675	0.00548	0.00169	0.00464	0.00548	0.00675	0.00928
47	0.01578	0.03417	0.16024	0.03279	0.08988	0.06657	0.27701	0.01959	0.01320	0.19522	0.01280	0.01437	0.00912	0.00545	0.00601	0.00173	0.02931	0.00527	0.00358	0.00790
48	0.00664	0.00474	0.00633	0.00759	0.00791	0.00443	0.00506	0.00759	0.01044	0.01392	0.03005	0.80485	0.03606	0.01708	0.00696	0.00221	0.00316	0.01550	0.00506	0.00443
49	0.00780	0.00581	0.00859	0.00859	0.00951	0.00672	0.00661	0.00963	0.00871	0.01253	0.01476	0.02226	0.01400	0.08642	0.74177	0.00856	0.01405	0.00596	0.00294	0.00477
50	0.03143	0.16351	0.35913	0.01516	0.02101	0.15183	0.13358	0.01782	0.01224	0.01588	0.00925	0.01119	0.00715	0.00516	0.00527	0.00160	0.02483	0.00412	0.00249	0.00736
51	0.00948	0.00578	0.00856	0.10113	0.01129	0.00618	0.00635	0.02873	0.00863	0.01148	0.01283	0.14227	0.01340	0.01648	0.01661	0.56461	0.02341	0.00648	0.00289	0.00341
52	0.01266	0.01427	0.03059	0.07689	0.02870	0.01376	0.68038	0.01708	0.01259	0.01708	0.01082	0.01461	0.00817	0.00480	0.00671	0.00185	0.03281	0.00627	0.00272	0.00722
53	0.00664	0.00474	0.00633	0.00759	0.00791	0.00443	0.00506	0.00759	0.01044	0.01392	0.03005	0.80485	0.03606	0.01708	0.00696	0.00221	0.00316	0.01550	0.00506	0.00443
54	0.03074	0.01793	0.22607	0.13214	0.15758	0.12099	0.03529	0.03435	0.04248	0.13272	0.01199	0.01356	0.00874	0.00556	0.00529	0.00167	0.00716	0.00459	0.00336	0.00780
55	0.01048	0.01004	0.01746	0.74113	0.03691	0.01223	0.06700	0.01418	0.01104	0.01418	0.00978	0.01455	0.00734	0.00539	0.00552	0.00182	0.00740	0.00496	0.00245	0.00615
56	0.04613	0.00931	0.01253	0.00963	0.01383	0.00812	0.00796	0.02629	0.01544	0.75831	0.02114	0.01830	0.01330	0.00670	0.00543	0.00169	0.00463	0.00542	0.00666	0.00919
57	0.01269	0.01207	0.02048	0.16357	0.61394	0.01247	0.01595	0.01597	0.01228	0.01732	0.04343	0.01486	0.01027	0.00523	0.00545	0.00166	0.00644	0.00507	0.00280	0.00804
58	0.01131	0.01017	0.01715	0.61156	0.03326	0.01199	0.08074	0.05133	0.01205	0.03516	0.01163	0.01788	0.00931	0.00614	0.00569	0.00186	0.00715	0.05641	0.00290	0.00634
59	0.00854	0.00648	0.00846	0.00888	0.01000	0.00667	0.00711	0.03270	0.02420	0.01666	0.13043	0.22352	0.10943	0.02949	0.00816	0.00227	0.05969	0.29727	0.00497	0.00507
60	0.82546	0.01051	0.00813	0.00724	0.01063	0.01212	0.00596	0.01630	0.00944	0.04412	0.00795	0.00911	0.00610	0.00510	0.00343	0.00169	0.00423	0.00302	0.00346	0.00599
61	0.01029	0.00946	0.01525	0.66942	0.03327	0.01159	0.01379	0.01466	0.06417	0.01526	0.07905	0.01730	0.01190	0.00610	0.00555	0.00181	0.00664	0.00539	0.00296	0.00615
62	0.00665	0.00549	0.00558	0.00558	0.00716	0.00470	0.00402	0.00784	0.01179	0.01414	0.04982	0.05008	0.66518	0.12681	0.00947	0.00233	0.00312	0.01100	0.00481	0.00442
63	0.02181	0.00996	0.01280	0.00971	0.01405	0.00880	0.00799	0.09921	0.01589	0.57084	0.01861	0.01675	0.01213	0.00626	0.00523	0.00153	0.00467	0.00504	0.00601	0.15272
64	0.01633	0.09170	0.02737	0.09780	0.07019	0.01174	0.00977	0.12050	0.05429	0.20610	0.01351	0.01408	0.00983	0.00562	0.00514	0.00144	0.02016	0.00447	0.00428	0.21567
65	0.01981	0.03857	0.06963	0.01226	0.01679	0.01557	0.01065	0.55720	0.07015	0.11262	0.01419	0.01391	0.00997	0.00647	0.00539	0.00165	0.00588	0.00493	0.00529	0.00908
66	0.01356	0.01171	0.01233	0.01109	0.01418	0.01356	0.00863	0.02897	0.76455	0.02281	0.02219	0.02034	0.01664	0.00740	0.00555	0.00185	0.00431	0.00616	0.00555	0.00863
67	0.00939	0.00632	0.00768	0.00717	0.00895	0.00587	0.00543	0.01246	0.07057	0.09311	0.40875	0.09670	0.22364	0.01154	0.00631	0.00179	0.00299	0.00999	0.00574	0.00562
68	0.01490	0.01019	0.01143	0.00999	0.01308	0.01095	0.00785	0.02523	0.48027	0.18755	0.07757	0.02427	0.08631	0.00809	0.00568	0.00180	0.00412	0.00675	0.00580	0.00816
69	0.00662	0.00484	0.00623	0.00734	0.00784	0.00445	0.00495	0.00762	0.01068	0.01401	0.03306	0.71482	0.12414	0.01669	0.00690	0.00217	0.00311	0.01502	0.00506	0.00445
70	0.02355	0.00927	0.01250	0.00964	0.01372	0.00812	0.00794	0.04626	0.01588	0.72106	0.05721	0.01946	0.01520	0.00695	0.00553	0.00169	0.00458	0.00568	0.00668	0.00908
71	0.00807	0.00565	0.00740	0.00692	0.00827	0.00521	0.00521	0.01064	0.01544	0.03801	0.75551	0.04025	0.05063	0.01105	0.00641	0.00171	0.00262	0.00977	0.00602	0.00523
72	0.01130	0.00969	0.01130	0.00807	0.01292	0.00727	0.00646	0.01373	0.01130	0.01776	0.00969	0.01130	0.00807	0.00404	0.00404	0.00081	0.00404	0.00323	0.00323	0.84173
73	0.01450	0.79473	0.04484	0.00946	0.01420	0.02138	0.00956	0.01634	0.01109	0.01292	0.00763	0.00881	0.00699	0.00468	0.00353	0.00118	0.00588	0.00294	0.00233	0.00702
74	0.01130	0.00969	0.01130	0.00807	0.01292	0.00727	0.00646	0.01373	0.01130	0.01776	0.00969	0.01130	0.00807	0.00404	0.00404	0.00081	0.00404	0.00323	0.00323	0.84173
75	0.08817	0.33672	0.15845	0.01128	0.01520	0.08589	0.01111	0.01572	0.01093	0.01486	0.00995	0.07911	0.00944	0.00669	0.00637	0.00161	0.12458	0.00455	0.00271	0.00665
76	0.63788	0.01076	0.00952	0.00807	0.01167	0.01196	0.00665	0.08429	0.01178	0.14885	0.01037	0.01083	0.00745	0.00547	0.00391	0.00168	0.00445	0.00354	0.00411	0.00676
77	0.01615	0.01183	0.02077	0.07158	0.07303	0.02819	0.29371	0.01934	0.01314	0.25231	0.01432	0.01600	0.01021	0.00649	0.02137	0.00190	0.05859	0.00565	0.05779	0.00764
78	0.01030	0.00969	0.01635	0.79530	0.03755	0.01211	0.01514	0.01393	0.01090	0.01393	0.00969	0.01453	0.00727	0.00545	0.00545	0.00182	0.00727	0.00484	0.00242	0.00606
79	0.00644	0.00552	0.00552	0.00552	0.00736	0.00460	0.00414	0.00782	0.01243	0.01473	0.05523	0.05247	0.77218	0.01381	0.00644	0.00184	0.00276	0.01151	0.00506	0.00460
80	0.84691	0.01054	0.00801	0.00717	0.01054	0.01223	0.00590	0.01603	0.00928	0.02446	0.00759	0.00886	0.00590	0.00506	0.00337	0.00169	0.00422	0.00295	0.00337	0.00590
81	0.02072	0.01527	0.01636	0.01254	0.01691	0.01691	0.01036	0.75622	0.02563	0.03436	0.01309	0.01309	0.00927	0.00654	0.00545	0.00164	0.00600	0.00491	0.00545	0.00927
82	0.84691	0.01054	0.00801	0.00717	0.01054	0.01223	0.00590	0.01603	0.00928	0.02446	0.00759	0.00886	0.00590	0.00506	0.00337	0.00169	0.00422	0.00295	0.00337	0.00590
83	0.04242	0.00931	0.01255	0.00964	0.01384	0.00810	0.00797	0.02634	0.01547	0.76172	0.02120	0.01834	0.01333	0.00671	0.00544	0.00169	0.00463	0.00543	0.00667	0.00920
84	0.02446	0.00928	0.01265	0.00970	0.01392	0.00801	0.00801	0.02657	0.01560	0.77817	0.02151	0.01856	0.01350	0.00675	0.00548	0.00169	0.00464	0.00548	0.00675	0.00928
85	0.01356	0.01171	0.01233	0.01109	0.01418	0.01356	0.00863	0.02897	0.76455	0.02281	0.02219	0.02034	0.01664	0.00740	0.00555	0.00185	0.00431	0.00616	0.00555	0.00863
86	0.00790	0.00512	0.00675	0.00762	0.00831	0.00470	0.00522	0.00898	0.01099	0.06770	0.04397	0.69849	0.07148	0.01609	0.00682	0.00215	0.00324	0.01450	0.00520	0.00479
87	0.01650	0.01947	0.01582	0.01401	0.01556	0.43625	0.01103	0.01783	0.01227	0.01336	0.00803	0.01093	0.00720	0.00735	0.01058	0.00183	0.35491	0.00409	0.01684	0.00614
88	0.02446	0.00928	0.01265	0.00970	0.01392	0.00801	0.00801	0.02657	0.01560	0.77817	0.02151	0.01856	0.01350	0.00675	0.00548	0.00169	0.00464	0.00548	0.00675	0.00928
89	0.00668	0.00539	0.00596	0.00612	0.00759	0.00466	0.00447	0.00818	0.01254	0.01573	0.16589	0.18978	0.51996	0.01398	0.00654	0.00189	0.00281	0.01198	0.00521	0.00466
90	0.01275	0.00892	0.01257	0.15074	0.01649	0.01041	0.00946	0.06642	0.01163	0.14585	0.01559	0.13424	0.01436	0.04945	0.14105	0.00329	0.17981	0.00683	0.00388	0.00625
91	0.02175	0.01208	0.04956	0.01146	0.01590	0.01108	0.04838	0.21320	0.05392	0.47616	0.01829	0.01671	0.01199	0.00654	0.00551	0.00169	0.00537	0.00535	0.00595	0.00909
92	0.00664	0.00474	0.00633	0.00759	0.00791	0.00443	0.00506	0.00759	0.01044	0.01392	0.03005	0.80485	0.03606	0.01708	0.00696	0.00221	0.00316	0.01550	0.00506	0.00443
93	0.02215	0.01028	0.01299	0.01011	0.01411	0.00975	0.00829	0.16745	0.04607	0.55196	0.07221	0.01911	0.01544	0.00704	0.00555	0.00169	0.00475	0.00570	0.00640	0.00896
94	0.01213	0.02698	0.04342	0.27316	0.14859	0.04481	0.03532	0.08094	0.01288	0.03298	0.01435	0.12675	0.01303	0.00736	0.00550	0.00175	0.00605	0.02196	0.08540	0.00664
95	0.01188	0.01189	0.01695	0.01444	0.01460	0.01644	0.03101	0.01317	0.00847	0.01322	0.00739	0.01217	0.00730	0.00998	0.03150	0.00249	0.76387	0.00483	0.00240	0.00598
96	0.00734	0.00548	0.00748	0.00795	0.00875	0.00576	0.00579	0.00902	0.02347	0.01343	0.02443	0.32561	0.09074	0.06022	0.37178	0.00536	0.00858	0.01015	0.00400	0.00468
97	0.03610	0.01267	0.10161	0.08981	0.02009	0.02782	0.22303	0.01638	0.01233	0.14233	0.03354	0.09645	0.06853	0.00762	0.00684	0.00185	0.06927	0.00689	0.01997	0.00687
98	0.01570	0.06893	0.04336	0.06892	0.14443	0.04314	0.06434	0.16083	0.02824	0.12563	0.01368	0.06360	0.01123	0.00697	0.00672	0.00175	0.08731	0.01698	0.02054	0.00770
99	0.01074	0.01066	0.02774	0.01061	0.01282	0.11913	0.09345	0.05698	0.01320	0.01680	0.11339	0.30517	0.10240	0.01116	0.00638	0.00183	0.01905	0.00986	0.00440	0.05423

[dist]
# distance from previous block
# <min> <max>
0	39

[block]
# block no. 1 follows, 44 sequences, length 67
# corresponding to MSA columns:
# 186-252
name=unknown_B
#
# <colnr> <probs for GDERKNQSTAVLIFYWHMCP>
#	G	D	E	R	K	N	Q	S	T	A	V	L	I	F	Y	W	H	M	C	P
0	0.01095	0.00692	0.00887	0.00840	0.01019	0.00659	0.00660	0.04579	0.01246	0.10970	0.09620	0.11008	0.10804	0.06644	0.02414	0.08743	0.02108	0.18232	0.00473	0.07308
1	0.00975	0.06537	0.00975	0.00836	0.03569	0.00713	0.00615	0.02619	0.03077	0.07098	0.42621	0.11382	0.10416	0.03623	0.00683	0.00186	0.00341	0.02632	0.00536	0.00566
2	0.03153	0.15506	0.03695	0.17303	0.06704	0.10053	0.01133	0.22409	0.01602	0.08183	0.01224	0.01368	0.02626	0.00655	0.01961	0.00171	0.00668	0.00455	0.00375	0.00756
3	0.00835	0.00610	0.00691	0.00689	0.00747	0.02378	0.00449	0.03452	0.01045	0.01394	0.13195	0.16193	0.05432	0.44516	0.05705	0.00408	0.00504	0.00929	0.00410	0.00417
4	0.00810	0.07092	0.00890	0.00799	0.00942	0.00656	0.00644	0.00995	0.01233	0.01595	0.14209	0.22859	0.18851	0.01386	0.00668	0.00207	0.00381	0.24789	0.00497	0.00497
5	0.07664	0.01102	0.05215	0.11030	0.01721	0.01028	0.00955	0.13324	0.03296	0.40321	0.01780	0.07382	0.01292	0.00713	0.00542	0.00174	0.00521	0.00581	0.00539	0.00820
6	0.07474	0.01377	0.06879	0.10199	0.48935	0.04423	0.01491	0.01780	0.06110	0.04547	0.01108	0.01360	0.00882	0.00522	0.00523	0.00166	0.00642	0.00472	0.00303	0.00807
7	0.01226	0.01134	0.01899	0.11090	0.55108	0.01160	0.01506	0.01540	0.01228	0.01711	0.01371	0.02267	0.01278	0.00685	0.00581	0.00181	0.00629	0.14328	0.00311	0.00768
8	0.01174	0.01167	0.01666	0.10462	0.01700	0.01617	0.01230	0.01321	0.00864	0.01321	0.00745	0.01223	0.00717	0.00907	0.01645	0.00232	0.70694	0.00478	0.00239	0.00597
9	0.00705	0.00555	0.00636	0.00615	0.00773	0.00486	0.00462	0.00899	0.01385	0.01810	0.39418	0.04691	0.43112	0.01255	0.00644	0.00178	0.00267	0.01073	0.00551	0.00486
10	0.00664	0.00474	0.00633	0.00759	0.00791	0.00443	0.00506	0.00759	0.01044	0.01392	0.03005	0.80485	0.03606	0.01708	0.00696	0.00221	0.00316	0.01550	0.00506	0.00443
11	0.00690	0.00493	0.00663	0.00789	0.00832	0.00465	0.00552	0.00804	0.01070	0.01421	0.02990	0.71386	0.03548	0.01683	0.00703	0.00225	0.00339	0.10389	0.00506	0.00450
12	0.00667	0.00477	0.00635	0.00757	0.00791	0.00445	0.00506	0.00767	0.01057	0.01413	0.05039	0.78389	0.03648	0.01692	0.00694	0.00220	0.00315	0.01534	0.00509	0.00445
13	0.01193	0.01193	0.01670	0.01431	0.01431	0.01670	0.01193	0.01312	0.00835	0.01312	0.00716	0.01193	0.00716	0.00954	0.01789	0.00239	0.79843	0.00477	0.00239	0.00596
14	0.02278	0.00965	0.01260	0.00991	0.01396	0.00887	0.00811	0.02694	0.13115	0.66163	0.02161	0.01883	0.01398	0.00685	0.00549	0.00171	0.00459	0.00559	0.00656	0.00918
15	0.84691	0.01054	0.00801	0.00717	0.01054	0.01223	0.00590	0.01603	0.00928	0.02446	0.00759	0.00886	0.00590	0.00506	0.00337	0.00169	0.00422	0.00295	0.00337	0.00590
16	0.84691	0.01054	0.00801	0.00717	0.01054	0.01223	0.00590	0.01603	0.00928	0.02446	0.00759	0.00886	0.00590	0.00506	0.00337	0.00169	0.00422	0.00295	0.00337	0.00590
17	0.01458	0.81168	0.02857	0.00933	0.01399	0.02157	0.00933	0.01632	0.01108	0.01283	0.00758	0.00875	0.00700	0.00466	0.00350	0.00117	0.00583	0.00292	0.00233	0.00700
18	0.02072	0.01527	0.01636	0.01254	0.01691	0.01691	0.01036	0.75622	0.02563	0.03436	0.01309	0.01309	0.00927	0.00654	0.00545	0.00164	0.00600	0.00491	0.00545	0.00927
19	0.01349	0.01295	0.02213	0.03346	0.77440	0.01295	0.01673	0.01673	0.01241	0.01781	0.01025	0.01349	0.00864	0.00486	0.00540	0.00162	0.00648	0.00486	0.00270	0.00864
20	0.01030	0.00969	0.01635	0.79530	0.03755	0.01211	0.01514	0.01393	0.01090	0.01393	0.00969	0.01453	0.00727	0.00545	0.00545	0.00182	0.00727	0.00484	0.00242	0.00606
21	0.00772	0.00557	0.00729	0.00686	0.00814	0.00514	0.00514	0.01029	0.01543	0.02186	0.77152	0.04072	0.05144	0.01115	0.00643	0.00171	0.00257	0.00986	0.00600	0.00514
22	0.01130	0.00969	0.01130	0.00807	0.01292	0.00727	0.00646	0.01373	0.01130	0.01776	0.00969	0.01130	0.00807	0.00404	0.00404	0.00081	0.00404	0.00323	0.00323	0.84173
23	0.00947	0.00473	0.00710	0.00710	0.00710	0.00473	0.00473	0.00710	0.00710	0.00947	0.00947	0.01657	0.00947	0.01894	0.02131	0.84138	0.00473	0.00473	0.00237	0.00237
24	0.02446	0.00928	0.01265	0.00970	0.01392	0.00801	0.00801	0.02657	0.01560	0.77817	0.02151	0.01856	0.01350	0.00675	0.00548	0.00169	0.00464	0.00548	0.00675	0.00928
25	0.02037	0.02598	0.01545	0.01404	0.01685	0.78652	0.01053	0.02177	0.01545	0.01334	0.00843	0.00983	0.00702	0.00562	0.00492	0.00140	0.00983	0.00351	0.00281	0.00632
26	0.01122	0.00935	0.01085	0.00786	0.01244	0.00711	0.00627	0.01365	0.01131	0.01795	0.01028	0.01197	0.00851	0.00421	0.00402	0.00084	0.00393	0.00337	0.06443	0.78045
27	0.00842	0.00616	0.00828	0.00934	0.01069	0.00602	0.00807	0.01076	0.01253	0.01607	0.03293	0.06010	0.14567	0.01487	0.00736	0.00241	0.00467	0.62566	0.00503	0.00496
28	0.84691	0.01054	0.00801	0.00717	0.01054	0.01223	0.00590	0.01603	0.00928	0.02446	0.00759	0.00886	0.00590	0.00506	0.00337	0.00169	0.00422	0.00295	0.00337	0.00590
29	0.01349	0.01295	0.02213	0.03346	0.77440	0.01295	0.01673	0.01673	0.01241	0.01781	0.01025	0.01349	0.00864	0.00486	0.00540	0.00162	0.00648	0.00486	0.00270	0.00864
30	0.01297	0.00674	0.00897	0.00775	0.00996	0.00604	0.00604	0.01540	0.01549	0.25926	0.53610	0.03377	0.03953	0.00977	0.00613	0.00171	0.00322	0.00849	0.00624	0.00644
31	0.00793	0.00529	0.00595	0.00595	0.00595	0.00529	0.00330	0.00793	0.00793	0.01057	0.01718	0.03568	0.01982	0.80840	0.02775	0.00529	0.00529	0.00793	0.00330	0.00330
32	0.00670	0.00487	0.00633	0.00737	0.00788	0.00449	0.00499	0.00781	0.01096	0.01456	0.08640	0.68790	0.09684	0.01638	0.00688	0.00215	0.00309	0.01476	0.00513	0.00449
33	0.01130	0.00969	0.01130	0.00807	0.01292	0.00727	0.00646	0.01373	0.01130	0.01776	0.00969	0.01130	0.00807	0.00404	0.00404	0.00081	0.00404	0.00323	0.00323	0.84173
34	0.00669	0.00478	0.00637	0.00756	0.00792	0.00446	0.00506	0.00772	0.01067	0.01429	0.06506	0.76877	0.03678	0.01680	0.00693	0.00219	0.00314	0.01523	0.00511	0.00446
35	0.01130	0.00969	0.01130	0.00807	0.01292	0.00727	0.00646	0.01373	0.01130	0.01776	0.00969	0.01130	0.00807	0.00404	0.00404	0.00081	0.00404	0.00323	0.00323	0.84173
36	0.00782	0.00572	0.00813	0.00813	0.00889	0.00647	0.00603	0.00933	0.00857	0.01219	0.01518	0.02462	0.01502	0.21302	0.61656	0.00798	0.01251	0.00631	0.00301	0.00452
37	0.00681	0.00487	0.00652	0.00779	0.00818	0.00458	0.00536	0.00789	0.01061	0.01411	0.02995	0.74538	0.03568	0.01692	0.00700	0.00224	0.00331	0.07327	0.00506	0.00448
38	0.05400	0.00932	0.01249	0.00961	0.01380	0.00816	0.00794	0.02619	0.01538	0.75110	0.02101	0.01821	0.01322	0.00669	0.00541	0.00169	0.00462	0.00539	0.00663	0.00916
39	0.18930	0.11312	0.01422	0.00950	0.01362	0.01172	0.00805	0.11435	0.01500	0.43443	0.01585	0.01465	0.01060	0.00611	0.00480	0.00161	0.00488	0.00457	0.00534	0.00830
40	0.01415	0.71220	0.09927	0.01007	0.01491	0.02057	0.01043	0.01631	0.01103	0.01326	0.00777	0.00911	0.00699	0.00487	0.00411	0.00126	0.03121	0.00308	0.00233	0.00706
41	0.01545	0.56166	0.10334	0.01098	0.01560	0.18532	0.01070	0.01759	0.01206	0.01340	0.00799	0.00926	0.00699	0.00492	0.00398	0.00128	0.00692	0.00316	0.00243	0.00696
42	0.01165	0.01028	0.01330	0.00957	0.01436	0.00822	0.07014	0.02986	0.01168	0.01800	0.00982	0.01164	0.00810	0.00425	0.00456	0.00095	0.02118	0.00357	0.00322	0.73565
43	0.01446	0.78681	0.05243	0.00953	0.01430	0.02129	0.00967	0.01635	0.01109	0.01297	0.00765	0.00883	0.00699	0.00468	0.00355	0.00118	0.00590	0.00295	0.00233	0.00703
44	0.78667	0.01045	0.00835	0.00735	0.01079	0.01192	0.00606	0.01680	0.00974	0.07967	0.00861	0.00957	0.00646	0.00518	0.00353	0.00169	0.00425	0.00314	0.00362	0.00615
45	0.01217	0.01020	0.01177	0.00849	0.01329	0.00816	0.00682	0.08218	0.01263	0.01929	0.01000	0.01147	0.00819	0.00427	0.00417	0.00088	0.00422	0.00338	0.00343	0.76499
46	0.00759	0.00557	0.00711	0.00672	0.00807	0.00509	0.00504	0.01004	0.01513	0.02114	0.69887	0.04191	0.12454	0.01142	0.00643	0.00173	0.00259	0.01003	0.00591	0.00509
47	0.01093	0.00929	0.01090	0.00804	0.01251	0.00704	0.00635	0.01323	0.01123	0.01745	0.01134	0.07561	0.01034	0.00509	0.00427	0.00092	0.00397	0.00422	0.00338	0.77388
48	0.00771	0.00582	0.00725	0.00813	0.00887	0.00584	0.00561	0.01089	0.12679	0.01529	0.02884	0.68381	0.03306	0.01559	0.00674	0.00216	0.00334	0.01406	0.00514	0.00508
49	0.00664	0.00474	0.00633	0.00759	0.00791	0.00443	0.00506	0.00759	0.01044	0.01392	0.03005	0.80485	0.03606	0.01708	0.00696	0.00221	0.00316	0.01550	0.00506	0.00443
50	0.00793	0.00529	0.00595	0.00595	0.00595	0.00529	0.00330	0.00793	0.00793	0.01057	0.01718	0.03568	0.01982	0.80840	0.02775	0.00529	0.00529	0.00793	0.00330	0.00330
51	0.01444	0.78354	0.05556	0.00955	0.01434	0.02125	0.00972	0.01636	0.01109	0.01299	0.00766	0.00884	0.00699	0.00468	0.00356	0.00119	0.00591	0.00296	0.00233	0.00703
52	0.01193	0.01193	0.01670	0.01431	0.01431	0.01670	0.01193	0.01312	0.00835	0.01312	0.00716	0.01193	0.00716	0.00954	0.01789	0.00239	0.79843	0.00477	0.00239	0.00596
53	0.00653	0.00553	0.00565	0.00562	0.00742	0.00464	0.00421	0.00800	0.01264	0.01523	0.10574	0.05164	0.72136	0.01362	0.00644	0.00183	0.00275	0.01139	0.00513	0.00464
54	0.00664	0.00474	0.00633	0.00759	0.00791	0.00443	0.00506	0.00759	0.01044	0.01392	0.03005	0.80485	0.03606	0.01708	0.00696	0.00221	0.00316	0.01550	0.00506	0.00443
55	0.02446	0.00928	0.01265	0.00970	0.01392	0.00801	0.00801	0.02657	0.01560	0.77817	0.02151	0.01856	0.01350	0.00675	0.00548	0.00169	0.00464	0.00548	0.00675	0.00928
56	0.00651	0.00550	0.00563	0.00565	0.00742	0.00462	0.00422	0.00793	0.01251	0.01504	0.08830	0.07417	0.71637	0.01378	0.00646	0.00185	0.00276	0.01155	0.00511	0.00462
57	0.02255	0.01234	0.01455	0.01115	0.01544	0.01256	0.00921	0.39945	0.02073	0.39805	0.01721	0.01576	0.01134	0.00664	0.00547	0.00166	0.00533	0.00519	0.00609	0.00927
58	0.02092	0.01381	0.01533	0.01182	0.01602	0.01488	0.00974	0.59633	0.02322	0.16641	0.01471	0.01438	0.01021	0.00729	0.02156	0.00179	0.00587	0.00503	0.02158	0.00910
59	0.08008	0.00778	0.00793	0.00710	0.00917	0.00826	0.00554	0.17903	0.01436	0.02333	0.01681	0.07524	0.01388	0.00708	0.00437	0.00146	0.00350	0.00563	0.52341	0.00604
60	0.02310	0.00898	0.01222	0.00947	0.01345	0.00778	0.00778	0.02525	0.01559	0.71688	0.08229	0.02035	0.01657	0.00710	0.00556	0.00169	0.00447	0.00584	0.00669	0.00894
61	0.00960	0.00878	0.01443	0.64645	0.03193	0.01067	0.01320	0.01274	0.01088	0.01395	0.01441	0.13778	0.03817	0.00753	0.00572	0.00188	0.00648	0.00672	0.00292	0.00575
62	0.01278	0.01450	0.03132	0.04196	0.02830	0.01383	0.71420	0.01725	0.01268	0.01725	0.01088	0.01462	0.00821	0.00476	0.00675	0.00185	0.03249	0.00635	0.00274	0.00728
63	0.02416	0.00976	0.01295	0.00993	0.01416	0.00873	0.00820	0.08570	0.01642	0.71790	0.02083	0.01811	0.01315	0.00673	0.00548	0.00168	0.00475	0.00544	0.00664	0.00928
64	0.00789	0.00528	0.00602	0.00605	0.00608	0.00529	0.00343	0.00796	0.00801	0.01071	0.01748	0.05647	0.02013	0.77016	0.04354	0.00528	0.00543	0.00809	0.00334	0.00337
65	0.06613	0.01563	0.09791	0.06481	0.35889	0.07424	0.05652	0.13096	0.01417	0.01994	0.01022	0.01271	0.00810	0.00544	0.00582	0.00168	0.04107	0.00464	0.00311	0.00800
66	0.07974	0.14638	0.01698	0.01282	0.01587	0.58660	0.01005	0.02023	0.01409	0.01407	0.00819	0.00966	0.00694	0.00555	0.00499	0.00142	0.03384	0.00342	0.00276	0.00638

[dist]
# distance from previous block
# <min> <max>
0	3

[block]
# block no. 2 follows, 44 sequences, length 51
# corresponding to MSA columns:
# 256-271,279-313
name=unknown_C
#
# <colnr> <probs for GDERKNQSTAVLIFYWHMCP>
#	G	D	E	R	K	N	Q	S	T	A	V	L	I	F	Y	W	H	M	C	P
0	0.01223	0.02080	0.40789	0.02069	0.18258	0.01267	0.18830	0.01727	0.01211	0.04003	0.01096	0.02999	0.00841	0.00528	0.00556	0.00174	0.00778	0.00505	0.00268	0.00797
1	0.84691	0.01054	0.00801	0.00717	0.01054	0.01223	0.00590	0.01603	0.00928	0.02446	0.00759	0.00886	0.00590	0.00506	0.00337	0.00169	0.00422	0.00295	0.00337	0.00590
2	0.84691	0.01054	0.00801	0.00717	0.01054	0.01223	0.00590	0.01603	0.00928	0.02446	0.00759	0.00886	0.00590	0.00506	0.00337	0.00169	0.00422	0.00295	0.00337	0.00590
3	0.00686	0.00528	0.00634	0.00705	0.00813	0.00476	0.00517	0.00823	0.01164	0.01473	0.05504	0.38097	0.33963	0.01534	0.00681	0.00209	0.00323	0.10902	0.00507	0.00459
4	0.00732	0.00503	0.00613	0.00673	0.00688	0.00488	0.00414	0.00777	0.00912	0.01216	0.02329	0.40082	0.02753	0.43274	0.01788	0.00383	0.00428	0.01152	0.00414	0.00384
5	0.00914	0.00787	0.00810	0.00763	0.00994	0.00799	0.00584	0.01583	0.29724	0.01779	0.04272	0.04030	0.48607	0.01138	0.00610	0.00184	0.00335	0.00948	0.00525	0.00613
6	0.00879	0.00628	0.00879	0.01004	0.01130	0.00628	0.00879	0.01130	0.01255	0.01632	0.02887	0.06150	0.03138	0.01506	0.00753	0.00251	0.00502	0.73770	0.00502	0.00502
7	0.01356	0.01171	0.01233	0.01109	0.01418	0.01356	0.00863	0.02897	0.76455	0.02281	0.02219	0.02034	0.01664	0.00740	0.00555	0.00185	0.00431	0.00616	0.00555	0.00863
8	0.84691	0.01054	0.00801	0.00717	0.01054	0.01223	0.00590	0.01603	0.00928	0.02446	0.00759	0.00886	0.00590	0.00506	0.00337	0.00169	0.00422	0.00295	0.00337	0.00590
9	0.01458	0.81168	0.02857	0.00933	0.01399	0.02157	0.00933	0.01632	0.01108	0.01283	0.00758	0.00875	0.00700	0.00466	0.00350	0.00117	0.00583	0.00292	0.00233	0.00700
10	0.00772	0.00557	0.00729	0.00686	0.00814	0.00514	0.00514	0.01029	0.01543	0.02186	0.77152	0.04072	0.05144	0.01115	0.00643	0.00171	0.00257	0.00986	0.00600	0.00514
11	0.00667	0.00476	0.00635	0.00757	0.00791	0.00445	0.00506	0.00766	0.01056	0.01411	0.04782	0.78653	0.03643	0.01694	0.00695	0.00220	0.00315	0.01536	0.00508	0.00445
12	0.01130	0.00969	0.01130	0.00807	0.01292	0.00727	0.00646	0.01373	0.01130	0.01776	0.00969	0.01130	0.00807	0.00404	0.00404	0.00081	0.00404	0.00323	0.00323	0.84173
13	0.01010	0.00509	0.00514	0.00513	0.00640	0.00508	0.00384	0.01264	0.01153	0.02036	0.03647	0.02083	0.01490	0.00647	0.00388	0.00128	0.00254	0.00520	0.81803	0.00508
14	0.00793	0.00529	0.00595	0.00595	0.00595	0.00529	0.00330	0.00793	0.00793	0.01057	0.01718	0.03568	0.01982	0.80840	0.02775	0.00529	0.00529	0.00793	0.00330	0.00330
15	0.01499	0.75585	0.02764	0.00966	0.01420	0.07593	0.00941	0.01671	0.01139	0.01286	0.00764	0.00882	0.00700	0.00473	0.00360	0.00118	0.00611	0.00296	0.00237	0.00695
16	0.02408	0.00936	0.01264	0.00975	0.01393	0.00821	0.00803	0.02665	0.04197	0.75158	0.02153	0.01862	0.01361	0.00677	0.00548	0.00169	0.00463	0.00551	0.00671	0.00926
17	0.01882	0.01384	0.01486	0.01163	0.01537	0.01527	0.00938	0.63644	0.04389	0.03087	0.01389	0.01629	0.01088	0.11318	0.00842	0.00213	0.00586	0.00534	0.00517	0.00846
18	0.07550	0.01400	0.01343	0.02948	0.06686	0.15555	0.00932	0.13826	0.24146	0.09533	0.03208	0.05013	0.04051	0.00720	0.00535	0.00170	0.00570	0.00572	0.00470	0.00773
19	0.00800	0.00574	0.00785	0.00898	0.00996	0.00559	0.00730	0.01000	0.01206	0.01586	0.07422	0.29279	0.05079	0.01543	0.00726	0.00235	0.00424	0.45166	0.00509	0.00483
20	0.01037	0.00772	0.00885	0.02234	0.01052	0.02268	0.00627	0.03124	0.16301	0.07402	0.35455	0.05251	0.17869	0.01096	0.02017	0.00190	0.00363	0.00887	0.00556	0.00613
21	0.00672	0.00484	0.00639	0.00760	0.00802	0.00451	0.00517	0.00775	0.01061	0.01405	0.03110	0.74282	0.06796	0.01686	0.00696	0.00221	0.00322	0.04373	0.00506	0.00446
22	0.01154	0.00983	0.01143	0.00819	0.01302	0.00751	0.00656	0.03248	0.01167	0.01818	0.00978	0.01135	0.00811	0.00410	0.00407	0.00083	0.00409	0.00327	0.00329	0.82070
23	0.01244	0.27513	0.40057	0.01459	0.07692	0.03108	0.02823	0.01667	0.01158	0.01579	0.00991	0.01289	0.00815	0.00537	0.00474	0.00154	0.00705	0.03453	0.00250	0.03031
24	0.01519	0.69073	0.04934	0.01010	0.01463	0.11633	0.00980	0.01703	0.01163	0.01302	0.00775	0.00896	0.00700	0.00480	0.00372	0.00121	0.00639	0.00302	0.00239	0.00694
25	0.13626	0.03440	0.01279	0.00987	0.01379	0.01088	0.00810	0.09772	0.14899	0.44206	0.01844	0.01669	0.01239	0.00655	0.00514	0.00170	0.00469	0.00512	0.00580	0.00862
26	0.03831	0.01235	0.01408	0.01094	0.01493	0.01290	0.00899	0.44155	0.02107	0.26235	0.06959	0.01685	0.01363	0.00690	0.00544	0.00165	0.00520	0.00540	0.02908	0.00879
27	0.01214	0.00735	0.00759	0.00678	0.00877	0.00767	0.00529	0.16310	0.03489	0.02285	0.01950	0.02105	0.06469	0.00693	0.00437	0.00140	0.00330	0.00551	0.59083	0.00599
28	0.00665	0.00552	0.00578	0.00572	0.00744	0.00469	0.00426	0.00817	0.01275	0.01563	0.15405	0.05047	0.65585	0.03042	0.00690	0.00190	0.00279	0.01120	0.00516	0.00465
29	0.00694	0.00554	0.00621	0.00604	0.00767	0.00481	0.00453	0.00878	0.01360	0.01751	0.33441	0.04789	0.49127	0.01277	0.00644	0.00179	0.00269	0.01086	0.00543	0.00481
30	0.01356	0.01171	0.01233	0.01109	0.01418	0.01356	0.00863	0.02897	0.76455	0.02281	0.02219	0.02034	0.01664	0.00740	0.00555	0.00185	0.00431	0.00616	0.00555	0.00863
31	0.00875	0.00580	0.00762	0.00703	0.00850	0.00532	0.00532	0.01129	0.01544	0.06834	0.72543	0.03936	0.04911	0.01088	0.00637	0.00171	0.00270	0.00959	0.00605	0.00540
32	0.01130	0.00969	0.01130	0.00807	0.01292	0.00727	0.00646	0.01373	0.01130	0.01776	0.00969	0.01130	0.00807	0.00404	0.00404	0.00081	0.00404	0.00323	0.00323	0.84173
33	0.00875	0.00644	0.00677	0.00645	0.00852	0.00589	0.00491	0.01185	0.09817	0.06798	0.04606	0.05762	0.56755	0.01213	0.00610	0.00180	0.00306	0.01010	0.06447	0.00541
34	0.01418	0.01140	0.01228	0.01079	0.01407	0.01274	0.00844	0.02776	0.66008	0.07614	0.02129	0.01960	0.01584	0.00712	0.00544	0.00177	0.00432	0.00592	0.00547	0.06536
35	0.00673	0.00480	0.00642	0.00769	0.00804	0.00450	0.00521	0.00774	0.01052	0.01401	0.03000	0.77584	0.03587	0.01700	0.00698	0.00223	0.00324	0.04368	0.00506	0.00445
36	0.01499	0.75749	0.02774	0.00955	0.01419	0.02125	0.00940	0.06667	0.01207	0.01429	0.00795	0.00904	0.00715	0.00479	0.00363	0.00120	0.00584	0.00305	0.00254	0.00715
37	0.00708	0.00577	0.00682	0.05979	0.00968	0.00525	0.00524	0.00892	0.01303	0.01664	0.25348	0.10002	0.46343	0.01272	0.00641	0.00183	0.00304	0.01087	0.00515	0.00484
38	0.02446	0.00928	0.01265	0.00970	0.01392	0.00801	0.00801	0.02657	0.01560	0.77817	0.02151	0.01856	0.01350	0.00675	0.00548	0.00169	0.00464	0.00548	0.00675	0.00928
39	0.02017	0.01320	0.01486	0.03908	0.01632	0.01421	0.00962	0.52361	0.04284	0.17520	0.01512	0.01519	0.01064	0.02471	0.00590	0.00173	0.00558	0.00513	0.03806	0.00884
40	0.01941	0.02417	0.01638	0.01675	0.12223	0.67891	0.01140	0.02107	0.01503	0.01396	0.00868	0.01034	0.00725	0.00551	0.00498	0.00143	0.00936	0.00370	0.00279	0.00664
41	0.01193	0.01193	0.01670	0.01431	0.01431	0.01670	0.01193	0.01312	0.00835	0.01312	0.00716	0.01193	0.00716	0.00954	0.01789	0.00239	0.79843	0.00477	0.00239	0.00596
42	0.84691	0.01054	0.00801	0.00717	0.01054	0.01223	0.00590	0.01603	0.00928	0.02446	0.00759	0.00886	0.00590	0.00506	0.00337	0.00169	0.00422	0.00295	0.00337	0.00590
43	0.00772	0.00557	0.00729	0.00686	0.00814	0.00514	0.00514	0.01029	0.01543	0.02186	0.77152	0.04072	0.05144	0.01115	0.00643	0.00171	0.00257	0.00986	0.00600	0.00514
44	0.00681	0.00554	0.00604	0.00591	0.00759	0.00476	0.00443	0.00854	0.01330	0.01680	0.26316	0.04906	0.56295	0.01303	0.00644	0.00180	0.00271	0.01103	0.00534	0.00476
45	0.00752	0.00546	0.00708	0.00691	0.00808	0.00502	0.00509	0.00982	0.01462	0.02048	0.64043	0.14747	0.07743	0.01207	0.00650	0.00179	0.00266	0.01071	0.00583	0.00502
46	0.07879	0.01009	0.01256	0.00990	0.01393	0.00963	0.00811	0.07800	0.10980	0.57932	0.02005	0.01773	0.01307	0.00670	0.00535	0.00170	0.00467	0.00535	0.00628	0.00897
47	0.02107	0.01374	0.03243	0.01175	0.01605	0.01420	0.00984	0.53260	0.02234	0.22352	0.01563	0.03603	0.01103	0.00685	0.00550	0.00167	0.00562	0.00532	0.00570	0.00911
48	0.01379	0.01474	0.09811	0.04211	0.52461	0.01337	0.07950	0.08557	0.04004	0.01936	0.01095	0.01362	0.00875	0.00512	0.00548	0.00166	0.00676	0.00496	0.00301	0.00848
49	0.03070	0.18585	0.01649	0.01063	0.01415	0.05444	0.00883	0.27856	0.18213	0.02266	0.01565	0.01627	0.05138	0.02195	0.00657	0.06132	0.00548	0.00504	0.00435	0.00758
50	0.43312	0.07023	0.22894	0.02540	0.06939	0.01311	0.01132	0.01626	0.01029	0.02043	0.00846	0.01019	0.00657	0.00521	0.00463	0.00167	0.03519	0.00349	0.00290	0.02323

[dist]
# distance from previous block
# <min> <max>
2	15

[block]
# block no. 3 follows, 44 sequences, length 55
# corresponding to MSA columns:
# 348-376,388-413
name=unknown_D
#
# <colnr> <probs for GDERKNQSTAVLIFYWHMCP>
#	G	D	E	R	K	N	Q	S	T	A	V	L	I	F	Y	W	H	M	C	P
0	0.08309	0.06109	0.03117	0.03010	0.03328	0.20719	0.00954	0.18188	0.17123	0.06081	0.01504	0.01567	0.04016	0.02927	0.00573	0.00172	0.00633	0.00490	0.00426	0.00754
1	0.01100	0.00914	0.02977	0.10574	0.01443	0.03848	0.00854	0.11890	0.01206	0.01699	0.01359	0.01865	0.01179	0.05168	0.36883	0.00508	0.04571	0.00538	0.10845	0.00580
2	0.01714	0.01346	0.03532	0.08639	0.01772	0.03089	0.01018	0.35855	0.21517	0.08286	0.01628	0.01622	0.02529	0.00720	0.01723	0.00180	0.00573	0.00531	0.00503	0.03222
3	0.00708	0.00516	0.00657	0.00702	0.00783	0.00475	0.00490	0.00861	0.01232	0.01670	0.30033	0.40599	0.11952	0.05764	0.00784	0.00216	0.00302	0.01262	0.00531	0.00464
4	0.01571	0.01314	0.01202	0.01006	0.01282	0.15008	0.00782	0.28890	0.01685	0.02257	0.01339	0.01681	0.01111	0.10552	0.02104	0.00204	0.02532	0.00496	0.18239	0.06744
5	0.00748	0.00559	0.00758	0.00912	0.04999	0.00525	0.00586	0.02323	0.01088	0.01469	0.02784	0.71491	0.03294	0.01569	0.00673	0.00212	0.00343	0.01423	0.00487	0.03758
6	0.00772	0.00557	0.00729	0.00686	0.00814	0.00514	0.00514	0.01029	0.01543	0.02186	0.77152	0.04072	0.05144	0.01115	0.00643	0.00171	0.00257	0.00986	0.00600	0.00514
7	0.01358	0.38341	0.23796	0.01183	0.01707	0.07190	0.05249	0.01676	0.01190	0.04467	0.01266	0.01372	0.06303	0.00566	0.00453	0.00145	0.00660	0.00423	0.01940	0.00714
8	0.01863	0.26189	0.01939	0.01263	0.01599	0.55685	0.01017	0.02013	0.01414	0.01319	0.00817	0.00951	0.00701	0.00533	0.00449	0.00133	0.00863	0.00333	0.00267	0.00652
9	0.00664	0.00474	0.00633	0.00759	0.00791	0.00443	0.00506	0.00759	0.01044	0.01392	0.03005	0.80485	0.03606	0.01708	0.00696	0.00221	0.00316	0.01550	0.00506	0.00443
10	0.00664	0.00474	0.00633	0.00759	0.00791	0.00443	0.00506	0.00759	0.01044	0.01392	0.03005	0.80485	0.03606	0.01708	0.00696	0.00221	0.00316	0.01550	0.00506	0.00443
11	0.01287	0.01471	0.03217	0.02298	0.02849	0.01379	0.75460	0.01746	0.01287	0.01746	0.01103	0.01471	0.00827	0.00460	0.00643	0.00184	0.00919	0.00643	0.00276	0.00735
12	0.01349	0.01295	0.02213	0.03346	0.77440	0.01295	0.01673	0.01673	0.01241	0.01781	0.01025	0.01349	0.00864	0.00486	0.00540	0.00162	0.00648	0.00486	0.00270	0.00864
13	0.01130	0.00969	0.01130	0.00807	0.01292	0.00727	0.00646	0.01373	0.01130	0.01776	0.00969	0.01130	0.00807	0.00404	0.00404	0.00081	0.00404	0.00323	0.00323	0.84173
14	0.03330	0.01471	0.01424	0.01173	0.01534	0.10019	0.00939	0.40501	0.23681	0.02764	0.01539	0.01519	0.01138	0.00665	0.00528	0.00165	0.00569	0.00509	0.05688	0.00844
15	0.00966	0.00708	0.00889	0.00892	0.03154	0.00706	0.00658	0.06636	0.08619	0.03890	0.36701	0.18206	0.06104	0.01177	0.00643	0.00190	0.00351	0.08376	0.00554	0.00581
16	0.01339	0.15474	0.30061	0.01900	0.19493	0.04828	0.08620	0.06181	0.02541	0.01754	0.00994	0.01198	0.00777	0.00518	0.00530	0.00161	0.02135	0.00434	0.00271	0.00791
17	0.01121	0.06462	0.70381	0.01565	0.02341	0.01314	0.05959	0.01723	0.01156	0.01707	0.00975	0.01155	0.00698	0.00512	0.00517	0.00171	0.00801	0.00411	0.00233	0.00797
18	0.00705	0.00504	0.00680	0.00806	0.00856	0.00478	0.00577	0.00830	0.01084	0.01438	0.02982	0.66252	0.03516	0.01669	0.00707	0.00227	0.00352	0.15378	0.00505	0.00454
19	0.06975	0.00708	0.02863	0.00738	0.00913	0.00653	0.00572	0.01237	0.06856	0.05030	0.44712	0.07160	0.09591	0.08659	0.00813	0.00210	0.00335	0.00896	0.00533	0.00545
20	0.01362	0.04043	0.22447	0.09856	0.32074	0.10570	0.05001	0.01771	0.02559	0.03736	0.01033	0.01280	0.00805	0.00517	0.00529	0.00164	0.00740	0.00453	0.00273	0.00786
