[name]
unknown

[dist]
# distance from previous block
# <min> <max>
0	0

[block]
# block no. 0 follows, 43 sequences, length 7
# corresponding to MSA columns:
# 0-6
name=unknown_A
#
# <colnr> <probs for GDERKNQSTAVLIFYWHMCP>
#	G	D	E	R	K	N	Q	S	T	A	V	L	I	F	Y	W	H	M	C	P
0	0.00892	0.00637	0.00892	0.01020	0.01147	0.00637	0.00892	0.01147	0.01275	0.01657	0.02932	0.06247	0.03187	0.01530	0.00765	0.00255	0.00510	0.73354	0.00510	0.00510
1	0.84448	0.01071	0.00814	0.00728	0.01071	0.01242	0.00600	0.01628	0.00943	0.02485	0.00771	0.00900	0.00600	0.00514	0.00343	0.00171	0.00428	0.00300	0.00343	0.00600
2	0.00972	0.00763	0.00902	0.00833	0.01021	0.00793	0.00635	0.01645	0.25126	0.02251	0.53224	0.03482	0.04108	0.01012	0.00625	0.00179	0.00317	0.00883	0.00595	0.00635
3	0.01637	0.01195	0.01946	0.01518	0.01789	0.01346	0.18903	0.01871	0.01192	0.25510	0.01283	0.01493	0.00958	0.00758	0.01138	0.00206	0.35570	0.00548	0.00392	0.00746
4	0.53378	0.01319	0.01128	0.00944	0.01315	0.06104	0.00772	0.24936	0.01506	0.02734	0.00953	0.01042	0.00715	0.00565	0.00419	0.00168	0.00521	0.00366	0.00406	0.00711
5	0.01127	0.00820	0.00965	0.00930	0.01092	0.00851	0.00684	0.24314	0.01548	0.02070	0.02508	0.55246	0.02803	0.01397	0.00659	0.00206	0.00412	0.01234	0.00527	0.00605
6	0.00989	0.00640	0.01019	0.25536	0.01699	0.00718	0.00815	0.00941	0.00844	0.01105	0.00969	0.01618	0.00891	0.01491	0.01655	0.57423	0.00562	0.00485	0.00242	0.00359

[dist]
# distance from previous block
# <min> <max>
0	2

[block]
# block no. 1 follows, 43 sequences, length 9
# corresponding to MSA columns:
# 9-17
name=unknown_B
#
# <colnr> <probs for GDERKNQSTAVLIFYWHMCP>
#	G	D	E	R	K	N	Q	S	T	A	V	L	I	F	Y	W	H	M	C	P
0	0.00762	0.00608	0.00880	0.19519	0.01520	0.00638	0.00752	0.00927	0.01087	0.01420	0.02749	0.55761	0.08427	0.01428	0.00666	0.00212	0.00418	0.01285	0.00450	0.00491
1	0.02037	0.01041	0.01293	0.00990	0.01426	0.00943	0.00808	0.10736	0.07307	0.45109	0.01805	0.01659	0.01214	0.00622	0.00522	0.00151	0.00470	0.00501	0.00576	0.20789
2	0.01148	0.00984	0.01148	0.00820	0.01312	0.00738	0.00656	0.01395	0.01148	0.01805	0.00984	0.01148	0.00820	0.00410	0.00410	0.00082	0.00410	0.00328	0.00328	0.83922
3	0.00837	0.00666	0.00947	0.19468	0.01536	0.00688	0.00758	0.01114	0.01434	0.01973	0.53199	0.03592	0.09642	0.01015	0.00630	0.00178	0.00377	0.00893	0.00515	0.00541
4	0.64433	0.00950	0.00796	0.00721	0.01013	0.01070	0.00581	0.01489	0.01092	0.02422	0.18957	0.01674	0.01706	0.00662	0.00417	0.00172	0.00388	0.00468	0.00407	0.00581
5	0.01046	0.00984	0.01661	0.79205	0.03814	0.01230	0.01538	0.01415	0.01107	0.01415	0.00984	0.01477	0.00738	0.00554	0.00554	0.00185	0.00738	0.00492	0.00246	0.00615
6	0.01046	0.00984	0.01661	0.79205	0.03814	0.01230	0.01538	0.01415	0.01107	0.01415	0.00984	0.01477	0.00738	0.00554	0.00554	0.00185	0.00738	0.00492	0.00246	0.00615
7	0.01086	0.01058	0.00934	0.00875	0.01038	0.19129	0.00653	0.01311	0.01543	0.01974	0.54965	0.07159	0.04069	0.01028	0.00619	0.00169	0.00441	0.00876	0.00527	0.00548
8	0.01874	0.01476	0.01534	0.01174	0.01620	0.05758	0.00959	0.53494	0.02198	0.02968	0.01221	0.01268	0.00900	0.00599	0.00517	0.00145	0.00583	0.00450	0.00485	0.20777

[dist]
# distance from previous block
# <min> <max>
11	42

[block]
# block no. 2 follows, 43 sequences, length 108
# corresponding to MSA columns:
# 61,64-90,95-174
name=unknown_C
#
# <colnr> <probs for GDERKNQSTAVLIFYWHMCP>
#	G	D	E	R	K	N	Q	S	T	A	V	L	I	F	Y	W	H	M	C	P
0	0.01481	0.80869	0.02902	0.00948	0.01421	0.02191	0.00948	0.01658	0.01125	0.01303	0.00770	0.00888	0.00711	0.00474	0.00355	0.00118	0.00592	0.00296	0.00237	0.00711
1	0.02485	0.00943	0.01285	0.00985	0.01414	0.00814	0.00814	0.02699	0.01585	0.77465	0.02185	0.01885	0.01371	0.00685	0.00557	0.00171	0.00471	0.00557	0.00685	0.00943
2	0.02105	0.01551	0.01662	0.01274	0.01717	0.01717	0.01053	0.75235	0.02604	0.03490	0.01330	0.01330	0.00942	0.00665	0.00554	0.00166	0.00609	0.00499	0.00554	0.00942
3	0.00655	0.00561	0.00561	0.00561	0.00748	0.00468	0.00421	0.00795	0.01262	0.01496	0.05610	0.05330	0.76857	0.01403	0.00655	0.00187	0.00281	0.01169	0.00514	0.00468
4	0.00962	0.00481	0.00722	0.00722	0.00722	0.00481	0.00481	0.00722	0.00722	0.00962	0.00962	0.01684	0.00962	0.01924	0.02165	0.83886	0.00481	0.00481	0.00241	0.00241
5	0.00829	0.00617	0.00804	0.00897	0.01041	0.00592	0.00766	0.01053	0.01272	0.01614	0.03649	0.06002	0.22909	0.01496	0.00735	0.00237	0.00449	0.54029	0.00511	0.00499
6	0.00744	0.00565	0.00685	0.00655	0.00803	0.00506	0.00491	0.00968	0.01473	0.01997	0.54778	0.04506	0.27377	0.01216	0.00654	0.00178	0.00267	0.01053	0.00580	0.00506
7	0.01307	0.01494	0.03268	0.02334	0.02894	0.01401	0.75070	0.01774	0.01307	0.01774	0.01120	0.01494	0.00840	0.00467	0.00654	0.00187	0.00934	0.00654	0.00280	0.00747
8	0.00805	0.00537	0.00604	0.00604	0.00604	0.00537	0.00336	0.00805	0.00805	0.01074	0.01745	0.03624	0.02013	0.80536	0.02819	0.00537	0.00537	0.00805	0.00336	0.00336
9	0.00857	0.00626	0.00843	0.00952	0.01088	0.00612	0.00822	0.01095	0.01273	0.01633	0.03331	0.06111	0.14165	0.01511	0.00749	0.00245	0.00476	0.62597	0.00511	0.00504
10	0.01317	0.01262	0.02152	0.15824	0.65073	0.01302	0.01673	0.01653	0.01236	0.01745	0.01032	0.01388	0.00854	0.00503	0.00549	0.00168	0.00671	0.00493	0.00270	0.00834
11	0.02485	0.00943	0.01285	0.00985	0.01414	0.00814	0.00814	0.02699	0.01585	0.77465	0.02185	0.01885	0.01371	0.00685	0.00557	0.00171	0.00471	0.00557	0.00685	0.00943
12	0.00880	0.00634	0.00875	0.00996	0.01127	0.00629	0.00868	0.01129	0.01274	0.01649	0.03070	0.06200	0.06971	0.01523	0.00759	0.00251	0.00498	0.69647	0.00510	0.00508
13	0.01046	0.00984	0.01661	0.79205	0.03814	0.01230	0.01538	0.01415	0.01107	0.01415	0.00984	0.01477	0.00738	0.00554	0.00554	0.00185	0.00738	0.00492	0.00246	0.00615
14	0.01524	0.75062	0.02803	0.00983	0.01443	0.07843	0.00957	0.01699	0.01158	0.01307	0.00776	0.00897	0.00711	0.00481	0.00366	0.00120	0.00622	0.00301	0.00241	0.00706
15	0.01206	0.22950	0.58416	0.01416	0.02146	0.01519	0.01763	0.01729	0.01158	0.01638	0.00936	0.01097	0.00704	0.00513	0.00482	0.00161	0.00760	0.00380	0.00235	0.00791
16	0.01416	0.01381	0.02138	0.13636	0.52929	0.06338	0.05565	0.06604	0.01352	0.01835	0.01045	0.01365	0.00850	0.00517	0.00552	0.00167	0.00703	0.00493	0.00290	0.00823
17	0.84448	0.01071	0.00814	0.00728	0.01071	0.01242	0.00600	0.01628	0.00943	0.02485	0.00771	0.00900	0.00600	0.00514	0.00343	0.00171	0.00428	0.00300	0.00343	0.00600
18	0.01202	0.22144	0.59189	0.01423	0.02156	0.01510	0.01775	0.01730	0.01158	0.01642	0.00939	0.01100	0.00704	0.00513	0.00484	0.00161	0.00763	0.00381	0.00235	0.00792
19	0.00890	0.00636	0.00889	0.01012	0.01139	0.00635	0.00883	0.01145	0.01282	0.01672	0.04834	0.06193	0.03240	0.01520	0.00762	0.00253	0.00504	0.71491	0.00513	0.00510
20	0.00764	0.00561	0.00716	0.00686	0.00818	0.00513	0.00511	0.01003	0.01507	0.02099	0.65126	0.08382	0.12861	0.01194	0.00656	0.00178	0.00267	0.01051	0.00594	0.00513
21	0.01094	0.01059	0.01870	0.66288	0.08234	0.01254	0.09432	0.01471	0.01138	0.01478	0.01003	0.01472	0.00758	0.00541	0.00564	0.00184	0.00754	0.00510	0.00251	0.00646
22	0.01973	0.15440	0.01790	0.01345	0.01665	0.64279	0.01050	0.03606	0.01518	0.01390	0.00852	0.00987	0.00718	0.00557	0.00477	0.00139	0.00924	0.00350	0.00283	0.00659
23	0.04236	0.00945	0.01275	0.00980	0.01406	0.00823	0.00809	0.02676	0.01571	0.75863	0.02155	0.01864	0.01354	0.00682	0.00552	0.00171	0.00470	0.00551	0.00678	0.00935
24	0.01212	0.01212	0.01696	0.01454	0.01454	0.01696	0.01212	0.01333	0.00848	0.01333	0.00727	0.01212	0.00727	0.00969	0.01818	0.00242	0.79523	0.00485	0.00242	0.00606
25	0.00669	0.00504	0.00620	0.00713	0.00788	0.00455	0.00488	0.00778	0.01117	0.01437	0.03764	0.59346	0.24032	0.01643	0.00692	0.00214	0.00310	0.01462	0.00514	0.00455
26	0.00674	0.00498	0.00631	0.00732	0.00794	0.00455	0.00498	0.00783	0.01110	0.01451	0.05605	0.64969	0.16453	0.01660	0.00696	0.00217	0.00312	0.01487	0.00517	0.00455
27	0.84448	0.01071	0.00814	0.00728	0.01071	0.01242	0.00600	0.01628	0.00943	0.02485	0.00771	0.00900	0.00600	0.00514	0.00343	0.00171	0.00428	0.00300	0.00343	0.00600
28	0.00805	0.00537	0.00604	0.00604	0.00604	0.00537	0.00336	0.00805	0.00805	0.01074	0.01745	0.03624	0.02013	0.80536	0.02819	0.00537	0.00537	0.00805	0.00336	0.00336
29	0.00784	0.00528	0.00610	0.00631	0.00637	0.00523	0.00365	0.00800	0.00847	0.01130	0.01959	0.16171	0.02284	0.67620	0.02473	0.00486	0.00502	0.00931	0.00365	0.00354
30	0.01046	0.00984	0.01661	0.79205	0.03814	0.01230	0.01538	0.01415	0.01107	0.01415	0.00984	0.01477	0.00738	0.00554	0.00554	0.00185	0.00738	0.00492	0.00246	0.00615
31	0.01046	0.00984	0.01661	0.79205	0.03814	0.01230	0.01538	0.01415	0.01107	0.01415	0.00984	0.01477	0.00738	0.00554	0.00554	0.00185	0.00738	0.00492	0.00246	0.00615
32	0.00658	0.00561	0.00565	0.00564	0.00750	0.00469	0.00423	0.00801	0.01270	0.01514	0.07354	0.05301	0.75102	0.01396	0.00655	0.00187	0.00280	0.01165	0.00517	0.00469
33	0.01032	0.00516	0.00516	0.00516	0.00645	0.00516	0.00387	0.01290	0.01161	0.02065	0.01807	0.02065	0.01420	0.00645	0.00387	0.00129	0.00258	0.00516	0.83611	0.00516
34	0.01371	0.01316	0.02248	0.03399	0.77081	0.01316	0.01700	0.01700	0.01261	0.01809	0.01042	0.01371	0.00877	0.00493	0.00548	0.00164	0.00658	0.00493	0.00274	0.00877
35	0.00675	0.00482	0.00643	0.00771	0.00803	0.00450	0.00514	0.00771	0.01060	0.01414	0.03053	0.80175	0.03663	0.01735	0.00707	0.00225	0.00321	0.01574	0.00514	0.00450
36	0.00675	0.00482	0.00643	0.00771	0.00803	0.00450	0.00514	0.00771	0.01060	0.01414	0.03053	0.80175	0.03663	0.01735	0.00707	0.00225	0.00321	0.01574	0.00514	0.00450
37	0.00801	0.00556	0.00699	0.00699	0.00731	0.00588	0.00453	0.00866	0.00833	0.01144	0.01659	0.03146	0.01806	0.55304	0.27767	0.00654	0.00850	0.00735	0.00323	0.00388
38	0.00675	0.00482	0.00643	0.00771	0.00803	0.00450	0.00514	0.00771	0.01060	0.01414	0.03053	0.80175	0.03663	0.01735	0.00707	0.00225	0.00321	0.01574	0.00514	0.00450
39	0.01082	0.01022	0.01727	0.70714	0.12021	0.01240	0.01556	0.01447	0.01125	0.01459	0.00991	0.01465	0.00754	0.00547	0.00553	0.00182	0.00729	0.00492	0.00249	0.00645
40	0.01361	0.01041	0.01146	0.01022	0.01312	0.01150	0.00796	0.02530	0.53982	0.09570	0.14054	0.02512	0.05426	0.00832	0.00581	0.00184	0.00407	0.00701	0.00581	0.00810
41	0.01317	0.01262	0.02152	0.15824	0.65073	0.01302	0.01673	0.01653	0.01236	0.01745	0.01032	0.01388	0.00854	0.00503	0.00549	0.00168	0.00671	0.00493	0.00270	0.00834
42	0.01148	0.00984	0.01148	0.00820	0.01312	0.00738	0.00656	0.01395	0.01148	0.01805	0.00984	0.01148	0.00820	0.00410	0.00410	0.00082	0.00410	0.00328	0.00328	0.83922
43	0.00776	0.00566	0.00729	0.00688	0.00822	0.00519	0.00516	0.01029	0.01548	0.02174	0.72204	0.04214	0.09840	0.01150	0.00653	0.00175	0.00263	0.01012	0.00604	0.00519
44	0.00805	0.00537	0.00604	0.00604	0.00604	0.00537	0.00336	0.00805	0.00805	0.01074	0.01745	0.03624	0.02013	0.80536	0.02819	0.00537	0.00537	0.00805	0.00336	0.00336
45	0.00784	0.00566	0.00740	0.00697	0.00827	0.00523	0.00523	0.01045	0.01568	0.02221	0.76789	0.04137	0.05226	0.01132	0.00653	0.00174	0.00261	0.01002	0.00610	0.00523
46	0.00805	0.00537	0.00604	0.00604	0.00604	0.00537	0.00336	0.00805	0.00805	0.01074	0.01745	0.03624	0.02013	0.80536	0.02819	0.00537	0.00537	0.00805	0.00336	0.00336
47	0.01481	0.80869	0.02902	0.00948	0.01421	0.02191	0.00948	0.01658	0.01125	0.01303	0.00770	0.00888	0.00711	0.00474	0.00355	0.00118	0.00592	0.00296	0.00237	0.00711
48	0.84448	0.01071	0.00814	0.00728	0.01071	0.01242	0.00600	0.01628	0.00943	0.02485	0.00771	0.00900	0.00600	0.00514	0.00343	0.00171	0.00428	0.00300	0.00343	0.00600
49	0.46435	0.01011	0.01033	0.00848	0.01230	0.01044	0.00699	0.02125	0.01241	0.37259	0.01427	0.01357	0.00957	0.00594	0.00442	0.00171	0.00448	0.00419	0.00502	0.00759
50	0.01378	0.01190	0.01252	0.01127	0.01440	0.01378	0.00877	0.02943	0.76081	0.02317	0.02254	0.02066	0.01691	0.00751	0.00564	0.00188	0.00438	0.00626	0.00564	0.00877
51	0.01148	0.00984	0.01148	0.00820	0.01312	0.00738	0.00656	0.01395	0.01148	0.01805	0.00984	0.01148	0.00820	0.00410	0.00410	0.00082	0.00410	0.00328	0.00328	0.83922
52	0.02157	0.00889	0.01191	0.00940	0.01321	0.00776	0.00764	0.02398	0.03121	0.62140	0.08477	0.05479	0.03526	0.00777	0.00569	0.00172	0.00440	0.00646	0.00654	0.03567
53	0.00675	0.00482	0.00643	0.00771	0.00803	0.00450	0.00514	0.00771	0.01060	0.01414	0.03053	0.80175	0.03663	0.01735	0.00707	0.00225	0.00321	0.01574	0.00514	0.00450
54	0.01371	0.01316	0.02248	0.03399	0.77081	0.01316	0.01700	0.01700	0.01261	0.01809	0.01042	0.01371	0.00877	0.00493	0.00548	0.00164	0.00658	0.00493	0.00274	0.00877
55	0.01046	0.00984	0.01661	0.79205	0.03814	0.01230	0.01538	0.01415	0.01107	0.01415	0.00984	0.01477	0.00738	0.00554	0.00554	0.00185	0.00738	0.00492	0.00246	0.00615
56	0.01060	0.01012	0.01748	0.75044	0.03765	0.01240	0.05519	0.01434	0.01118	0.01434	0.00992	0.01478	0.00744	0.00549	0.00559	0.00185	0.00749	0.00501	0.00248	0.00622
57	0.01378	0.01190	0.01252	0.01127	0.01440	0.01378	0.00877	0.02943	0.76081	0.02317	0.02254	0.02066	0.01691	0.00751	0.00564	0.00188	0.00438	0.00626	0.00564	0.00877
58	0.00757	0.00549	0.00714	0.00708	0.00820	0.00506	0.00518	0.00981	0.01454	0.02032	0.59367	0.19760	0.07230	0.01265	0.00664	0.00185	0.00274	0.01124	0.00587	0.00506
59	0.01190	0.00672	0.00797	0.00716	0.00962	0.00578	0.00565	0.01367	0.01379	0.22805	0.10501	0.04316	0.45733	0.01186	0.00633	0.00185	0.00345	0.04892	0.00570	0.00607
60	0.02463	0.00978	0.01307	0.01002	0.01431	0.00866	0.00828	0.06900	0.01644	0.73181	0.02135	0.01853	0.01346	0.00684	0.00557	0.00171	0.00479	0.00554	0.00678	0.00942
61	0.01046	0.00984	0.01661	0.79205	0.03814	0.01230	0.01538	0.01415	0.01107	0.01415	0.00984	0.01477	0.00738	0.00554	0.00554	0.00185	0.00738	0.00492	0.00246	0.00615
62	0.01046	0.00984	0.01661	0.79205	0.03814	0.01230	0.01538	0.01415	0.01107	0.01415	0.00984	0.01477	0.00738	0.00554	0.00554	0.00185	0.00738	0.00492	0.00246	0.00615
63	0.01060	0.00999	0.01686	0.75964	0.06947	0.01234	0.01545	0.01427	0.01114	0.01432	0.00987	0.01472	0.00744	0.00551	0.00553	0.00184	0.00735	0.00492	0.00247	0.00626
64	0.01306	0.01462	0.02881	0.02119	0.02550	0.03431	0.57048	0.01689	0.01214	0.01667	0.01028	0.01420	0.00812	0.00579	0.00904	0.00198	0.18098	0.00609	0.00272	0.00713
65	0.01046	0.00984	0.01661	0.79205	0.03814	0.01230	0.01538	0.01415	0.01107	0.01415	0.00984	0.01477	0.00738	0.00554	0.00554	0.00185	0.00738	0.00492	0.00246	0.00615
66	0.01226	0.27073	0.54464	0.01383	0.02094	0.01567	0.01705	0.01724	0.01156	0.01614	0.00924	0.01082	0.00704	0.00510	0.00473	0.00158	0.00748	0.00374	0.00235	0.00785
67	0.02088	0.02126	0.01537	0.01421	0.05716	0.52611	0.01040	0.06842	0.01615	0.16462	0.01249	0.01297	0.02335	0.00611	0.00520	0.00152	0.00838	0.00428	0.00385	0.00729
68	0.02447	0.01003	0.01323	0.01014	0.01444	0.00903	0.00838	0.09869	0.01686	0.70153	0.02100	0.01830	0.01329	0.00683	0.00557	0.00171	0.00485	0.00551	0.00672	0.00942
69	0.01292	0.01464	0.03172	0.06914	0.02949	0.01390	0.70689	0.01753	0.01295	0.01753	0.01112	0.01493	0.00834	0.00472	0.00648	0.00187	0.00922	0.00644	0.00278	0.00739
70	0.02174	0.00991	0.01258	0.01005	0.01392	0.00941	0.00812	0.04382	0.17069	0.56823	0.02160	0.01984	0.01455	0.04112	0.00655	0.00190	0.00470	0.00581	0.00642	0.00903
71	0.01396	0.01363	0.02224	0.03329	0.74396	0.04059	0.01677	0.01718	0.01272	0.01793	0.01035	0.01357	0.00871	0.00496	0.00547	0.00164	0.00670	0.00489	0.00275	0.00869
72	0.00691	0.00559	0.00613	0.00607	0.00772	0.00482	0.00453	0.00862	0.01336	0.01689	0.24838	0.08286	0.54187	0.01344	0.00656	0.00185	0.00277	0.01141	0.00540	0.00482
73	0.01046	0.00984	0.01661	0.79205	0.03814	0.01230	0.01538	0.01415	0.01107	0.01415	0.00984	0.01477	0.00738	0.00554	0.00554	0.00185	0.00738	0.00492	0.00246	0.00615
74	0.01371	0.01316	0.02248	0.03399	0.77081	0.01316	0.01700	0.01700	0.01261	0.01809	0.01042	0.01371	0.00877	0.00493	0.00548	0.00164	0.00658	0.00493	0.00274	0.00877
75	0.01378	0.01190	0.01252	0.01127	0.01440	0.01378	0.00877	0.02943	0.76081	0.02317	0.02254	0.02066	0.01691	0.00751	0.00564	0.00188	0.00438	0.00626	0.00564	0.00877
76	0.02485	0.00943	0.01285	0.00985	0.01414	0.00814	0.00814	0.02699	0.01585	0.77465	0.02185	0.01885	0.01371	0.00685	0.00557	0.00171	0.00471	0.00557	0.00685	0.00943
77	0.01111	0.02865	0.77667	0.01579	0.02397	0.01286	0.02046	0.01754	0.01169	0.01754	0.00994	0.01169	0.00702	0.00526	0.00526	0.00175	0.00818	0.00409	0.00234	0.00818
78	0.01371	0.01316	0.02248	0.03399	0.77081	0.01316	0.01700	0.01700	0.01261	0.01809	0.01042	0.01371	0.00877	0.00493	0.00548	0.00164	0.00658	0.00493	0.00274	0.00877
79	0.00685	0.00489	0.00654	0.00783	0.00819	0.00458	0.00531	0.00788	0.01070	0.01425	0.03047	0.76780	0.03641	0.01726	0.00710	0.00226	0.00330	0.04870	0.00514	0.00453
80	0.00675	0.00482	0.00643	0.00771	0.00803	0.00450	0.00514	0.00771	0.01060	0.01414	0.03053	0.80175	0.03663	0.01735	0.00707	0.00225	0.00321	0.01574	0.00514	0.00450
81	0.00673	0.00491	0.00634	0.00748	0.00797	0.00452	0.00504	0.00774	0.01082	0.01423	0.03329	0.72075	0.11584	0.01699	0.00701	0.00221	0.00317	0.01531	0.00514	0.00452
82	0.02052	0.02414	0.01574	0.01392	0.01704	0.63262	0.01061	0.14204	0.04157	0.01737	0.00979	0.01088	0.00783	0.00592	0.00510	0.00148	0.00917	0.00389	0.00338	0.00699
83	0.01198	0.01200	0.01761	0.09828	0.01769	0.01634	0.04439	0.01361	0.00896	0.01361	0.00772	0.01252	0.00733	0.00903	0.01632	0.00234	0.67679	0.00493	0.00244	0.00613
84	0.00685	0.00493	0.00651	0.00769	0.00814	0.00459	0.00524	0.00793	0.01091	0.01449	0.05265	0.72168	0.06820	0.01696	0.00705	0.00223	0.00325	0.04098	0.00517	0.00455
85	0.01339	0.01284	0.02191	0.10744	0.69983	0.01308	0.01684	0.01672	0.01246	0.01771	0.01036	0.01381	0.00864	0.00499	0.00549	0.00166	0.00666	0.00493	0.00271	0.00852
86	0.01920	0.07931	0.03255	0.01180	0.03497	0.01208	0.04445	0.12071	0.17567	0.34587	0.03415	0.03577	0.01406	0.00693	0.00550	0.00172	0.00520	0.00574	0.00558	0.00875
87	0.01023	0.00848	0.01294	0.17029	0.06305	0.00912	0.05060	0.05014	0.01280	0.01682	0.02292	0.09228	0.05468	0.01157	0.00721	0.00222	0.03385	0.36070	0.00423	0.00586
88	0.01131	0.01047	0.01755	0.54846	0.23069	0.01214	0.01519	0.01484	0.01151	0.01555	0.01044	0.01480	0.00812	0.00543	0.00543	0.00176	0.00691	0.00494	0.04767	0.00679
89	0.00675	0.00482	0.00643	0.00771	0.00803	0.00450	0.00514	0.00771	0.01060	0.01414	0.03053	0.80175	0.03663	0.01735	0.00707	0.00225	0.00321	0.01574	0.00514	0.00450
90	0.01273	0.01890	0.29954	0.02693	0.47038	0.01308	0.04441	0.01722	0.01229	0.01788	0.01027	0.01301	0.00811	0.00505	0.00544	0.00169	0.00727	0.00468	0.00260	0.00851
91	0.01110	0.02762	0.73200	0.01585	0.02378	0.01272	0.04612	0.01738	0.01184	0.01766	0.02788	0.01251	0.00813	0.00538	0.00534	0.00176	0.00809	0.00432	0.00244	0.00809
92	0.00743	0.00590	0.00924	0.00939	0.01027	0.00552	0.08508	0.00879	0.01087	0.01452	0.02845	0.71739	0.03360	0.01599	0.00701	0.00221	0.00387	0.01476	0.00489	0.00482
93	0.02372	0.00955	0.01276	0.00985	0.01398	0.00847	0.00811	0.06503	0.01639	0.69421	0.06178	0.01977	0.01557	0.00709	0.00562	0.00171	0.00467	0.00578	0.00674	0.00920
94	0.01504	0.07056	0.23476	0.01791	0.21260	0.06521	0.01401	0.04982	0.01381	0.14498	0.07832	0.03280	0.01328	0.00629	0.00540	0.00166	0.00648	0.00525	0.00376	0.00807
95	0.03685	0.45269	0.13363	0.01445	0.07795	0.04557	0.11423	0.03813	0.01221	0.01569	0.00891	0.01067	0.00744	0.00492	0.00447	0.00143	0.00687	0.00385	0.00259	0.00745
96	0.00705	0.00570	0.00686	0.00800	0.04899	0.00508	0.00525	0.00835	0.01170	0.01469	0.04241	0.34972	0.41553	0.03547	0.00726	0.00210	0.00324	0.01285	0.00497	0.00479
97	0.01328	0.03659	0.25322	0.07519	0.34578	0.04607	0.05290	0.01815	0.05294	0.03731	0.01108	0.01346	0.00858	0.00528	0.00542	0.00170	0.00722	0.00474	0.00286	0.00823
98	0.01838	0.06799	0.05306	0.05148	0.10319	0.36500	0.01183	0.20476	0.01729	0.01987	0.02981	0.01229	0.00908	0.00592	0.00518	0.00154	0.00798	0.00430	0.00353	0.00752
99	0.09855	0.14434	0.02776	0.01821	0.02332	0.01498	0.47838	0.05287	0.01317	0.05948	0.01095	0.01348	0.00828	0.00494	0.00563	0.00172	0.00786	0.00547	0.00314	0.00746
100	0.01158	0.01067	0.01731	0.59829	0.15005	0.01249	0.01499	0.05455	0.01214	0.01605	0.01012	0.01438	0.00774	0.00544	0.00547	0.00176	0.00705	0.00486	0.00271	0.04235
101	0.01409	0.01061	0.01816	0.12499	0.18510	0.01049	0.15584	0.03683	0.01328	0.16595	0.03834	0.13617	0.01597	0.00791	0.00608	0.00186	0.00616	0.04059	0.00416	0.00739
102	0.01324	0.01396	0.06975	0.05320	0.33269	0.06149	0.16037	0.03008	0.02905	0.03909	0.01400	0.10092	0.01273	0.00689	0.00592	0.00180	0.00695	0.03693	0.00331	0.00764
103	0.01438	0.03207	0.02112	0.03411	0.10017	0.18852	0.23315	0.03123	0.03233	0.01655	0.04703	0.01531	0.03002	0.00642	0.00775	0.00177	0.13699	0.00543	0.00309	0.04255
104	0.05179	0.32535	0.02117	0.01547	0.18022	0.11107	0.01085	0.06934	0.02908	0.01715	0.01071	0.01404	0.00942	0.00571	0.00459	0.00145	0.00625	0.04332	0.03009	0.04294
105	0.01785	0.16042	0.04738	0.02953	0.04828	0.11907	0.06514	0.08379	0.04676	0.23358	0.01695	0.03889	0.05485	0.00670	0.00528	0.00162	0.00623	0.00541	0.00442	0.00785
106	0.03331	0.08333	0.02109	0.02281	0.35547	0.12133	0.08069	0.13609	0.01499	0.01977	0.01080	0.02878	0.00897	0.00551	0.00530	0.00159	0.00697	0.00486	0.00326	0.03509
107	0.33308	0.11269	0.03511	0.01066	0.06789	0.03017	0.00825	0.03275	0.06208	0.10465	0.04442	0.05078	0.01166	0.00624	0.00447	0.00161	0.00486	0.00465	0.00396	0.07003

[dist]
# distance from previous block
# <min> <max>
9	84

[block]
# block no. 3 follows, 43 sequences, length 6
# corresponding to MSA columns:
# 265-270
name=unknown_D
#
# <colnr> <probs for GDERKNQSTAVLIFYWHMCP>
#	G	D	E	R	K	N	Q	S	T	A	V	L	I	F	Y	W	H	M	C	P
0	0.07841	0.00965	0.09133	0.01320	0.14486	0.00784	0.00914	0.01227	0.01157	0.05450	0.04374	0.38184	0.07268	0.01191	0.00619	0.00199	0.00452	0.03390	0.00439	0.00606
1	0.01378	0.45744	0.18295	0.01661	0.19603	0.01795	0.01355	0.01688	0.01167	0.01517	0.00881	0.01061	0.00748	0.00489	0.00437	0.00141	0.00655	0.00367	0.00245	0.00773
2	0.05217	0.13422	0.38855	0.01582	0.09673	0.01336	0.07598	0.01719	0.01206	0.06538	0.01385	0.01518	0.06428	0.00585	0.00517	0.00167	0.00698	0.00482	0.00297	0.00775
3	0.00826	0.00631	0.00868	0.01019	0.07091	0.00601	0.00723	0.01040	0.01300	0.01740	0.21883	0.21196	0.12931	0.01373	0.00693	0.00212	0.00389	0.24443	0.00518	0.00525
4	0.01137	0.01255	0.16925	0.01070	0.01372	0.00953	0.00973	0.20302	0.01484	0.02023	0.02177	0.43282	0.02341	0.01206	0.00630	0.00199	0.00499	0.01053	0.00466	0.00654
5	0.05465	0.06967	0.07467	0.00996	0.01357	0.00932	0.03711	0.05315	0.01385	0.25554	0.10629	0.16597	0.02023	0.00864	0.00559	0.00170	0.00473	0.00737	0.00503	0.08296

[dist]
# distance from previous block
# <min> <max>
0	3

[block]
# block no. 4 follows, 43 sequences, length 6
# corresponding to MSA columns:
# 274-279
name=unknown_E
#
# <colnr> <probs for GDERKNQSTAVLIFYWHMCP>
#	G	D	E	R	K	N	Q	S	T	A	V	L	I	F	Y	W	H	M	C	P
0	0.05510	0.01084	0.07087	0.01153	0.01533	0.00903	0.11469	0.04896	0.01460	0.30106	0.15218	0.07757	0.02103	0.00815	0.00591	0.00179	0.00519	0.03863	0.00528	0.03227
1	0.21299	0.01123	0.05621	0.01230	0.09861	0.00996	0.00933	0.02285	0.01376	0.47300	0.01661	0.01558	0.01099	0.00615	0.00505	0.00171	0.00502	0.00482	0.00534	0.00849
2	0.08178	0.16907	0.57608	0.01392	0.02108	0.01447	0.01725	0.01726	0.01142	0.01733	0.00934	0.01096	0.00695	0.00516	0.00480	0.00165	0.00745	0.00379	0.00244	0.00781
3	0.10665	0.09922	0.37944	0.01300	0.01870	0.07383	0.01439	0.06926	0.04440	0.04679	0.01219	0.01600	0.00984	0.00632	0.00511	0.00173	0.00697	0.06529	0.00326	0.00759
4	0.23241	0.09563	0.23789	0.01235	0.04921	0.08822	0.01191	0.06585	0.01299	0.07311	0.06295	0.01331	0.01063	0.00583	0.00473	0.00164	0.00628	0.00426	0.00348	0.00732
5	0.25940	0.01049	0.05199	0.03360	0.01311	0.01077	0.03347	0.06595	0.03231	0.06775	0.10165	0.01652	0.01362	0.00938	0.00956	0.16233	0.09336	0.00503	0.00376	0.00593

[dist]
# distance from previous block
# <min> <max>
11	161

[block]
# block no. 5 follows, 43 sequences, length 88
# corresponding to MSA columns:
# 463-520,572-601
name=unknown_F
#
# <colnr> <probs for GDERKNQSTAVLIFYWHMCP>
#	G	D	E	R	K	N	Q	S	T	A	V	L	I	F	Y	W	H	M	C	P
0	0.03866	0.18652	0.41235	0.01280	0.01895	0.04518	0.01469	0.05923	0.01285	0.05742	0.02695	0.01426	0.05002	0.00590	0.00494	0.00160	0.00689	0.00444	0.00306	0.02326
1	0.01380	0.33538	0.38543	0.01302	0.01926	0.07381	0.01488	0.05614	0.01257	0.01638	0.00913	0.01054	0.00719	0.00516	0.00458	0.00150	0.00732	0.00365	0.00256	0.00769
2	0.07318	0.30350	0.42533	0.01258	0.01893	0.01575	0.01492	0.01683	0.01152	0.01665	0.03819	0.01164	0.00872	0.00530	0.00457	0.00155	0.00688	0.00384	0.00257	0.00753
3	0.11031	0.39301	0.18932	0.01142	0.01645	0.12685	0.01168	0.03255	0.03492	0.01620	0.00888	0.01012	0.00731	0.00516	0.00422	0.00144	0.00677	0.00344	0.00272	0.00722
4	0.08684	0.24070	0.17633	0.01232	0.04201	0.10287	0.01157	0.08555	0.06851	0.01803	0.01122	0.03600	0.00941	0.00865	0.06573	0.00213	0.00725	0.00439	0.00319	0.00730
5	0.01397	0.59180	0.22245	0.01117	0.01680	0.01948	0.01234	0.03060	0.01164	0.01461	0.00838	0.00969	0.00713	0.00491	0.00403	0.00134	0.00651	0.00329	0.00242	0.00743
6	0.02811	0.25118	0.48240	0.01339	0.02010	0.01539	0.01602	0.01819	0.05655	0.03573	0.01031	0.01155	0.00778	0.00528	0.00477	0.00160	0.00715	0.00391	0.00268	0.00790
7	0.11063	0.52946	0.08352	0.01006	0.01460	0.04788	0.02204	0.03863	0.01204	0.01618	0.06266	0.01173	0.01030	0.00539	0.00405	0.00137	0.00589	0.00371	0.00288	0.00698
8	0.02905	0.02826	0.76012	0.01560	0.02368	0.01285	0.02015	0.01751	0.01164	0.01770	0.00989	0.01163	0.00699	0.00526	0.00522	0.00175	0.00810	0.00407	0.00236	0.00814
9	0.05627	0.02431	0.61311	0.01471	0.02161	0.01192	0.04948	0.01634	0.01150	0.01755	0.01226	0.10332	0.01046	0.00663	0.00543	0.00181	0.00744	0.00549	0.00274	0.00761
10	0.00828	0.00610	0.00808	0.00911	0.01042	0.00589	0.00770	0.01048	0.01255	0.01606	0.03460	0.12211	0.17479	0.01522	0.00739	0.00239	0.00450	0.53426	0.00511	0.00497
11	0.00704	0.00566	0.00636	0.00670	0.00826	0.00497	0.00517	0.00866	0.01258	0.01553	0.08612	0.13730	0.52400	0.01447	0.00679	0.00202	0.00323	0.13519	0.00519	0.00476
12	0.00731	0.00517	0.00668	0.00759	0.00806	0.00493	0.00523	0.00838	0.01072	0.01428	0.07268	0.50843	0.05001	0.16644	0.01111	0.00284	0.00380	0.09711	0.00485	0.00440
13	0.01151	0.00992	0.01167	0.00842	0.01317	0.00771	0.00675	0.01392	0.01138	0.01788	0.00976	0.01151	0.00817	0.00429	0.00458	0.00088	0.03127	0.00334	0.00325	0.81061
14	0.01502	0.11710	0.14284	0.01039	0.01445	0.01081	0.00995	0.05717	0.06942	0.22352	0.09618	0.04034	0.08540	0.00842	0.00566	0.00177	0.00513	0.07400	0.00492	0.00752
15	0.03673	0.00921	0.01037	0.01030	0.01246	0.03583	0.00843	0.01882	0.28268	0.04680	0.07007	0.05470	0.03960	0.01133	0.00653	0.00215	0.00474	0.32733	0.00529	0.00664
16	0.01402	0.17445	0.01903	0.01294	0.01563	0.11181	0.08712	0.04326	0.13182	0.01681	0.05115	0.01497	0.01173	0.00784	0.02484	0.00193	0.21286	0.00502	0.03585	0.00691
17	0.67239	0.01306	0.01009	0.00974	0.05168	0.11649	0.00731	0.03259	0.01079	0.02318	0.00809	0.00947	0.00637	0.00524	0.00379	0.00167	0.00521	0.00322	0.00336	0.00627
18	0.06053	0.14667	0.07895	0.01744	0.19634	0.24168	0.03064	0.01943	0.01354	0.10411	0.03369	0.01289	0.00962	0.00558	0.00497	0.00153	0.00722	0.00431	0.00330	0.00755
19	0.00738	0.00552	0.00683	0.00684	0.00808	0.00501	0.00503	0.00938	0.01388	0.01878	0.44331	0.17278	0.21679	0.02841	0.00707	0.00195	0.00287	0.02950	0.00563	0.00493
20	0.01481	0.80869	0.02902	0.00948	0.01421	0.02191	0.00948	0.01658	0.01125	0.01303	0.00770	0.00888	0.00711	0.00474	0.00355	0.00118	0.00592	0.00296	0.00237	0.00711
21	0.01142	0.00984	0.01179	0.05521	0.01463	0.00768	0.00709	0.01396	0.01146	0.01781	0.00984	0.01168	0.00815	0.00419	0.00419	0.00088	0.00430	0.00338	0.00323	0.78926
22	0.02122	0.05824	0.01391	0.01030	0.01427	0.01075	0.00846	0.10198	0.14609	0.49145	0.02056	0.04816	0.01430	0.00723	0.00551	0.00173	0.00481	0.00586	0.00617	0.00898
23	0.00777	0.00566	0.00731	0.00690	0.00823	0.00520	0.00517	0.01032	0.01552	0.02183	0.73099	0.04199	0.08939	0.01146	0.00653	0.00175	0.00262	0.01010	0.00605	0.00520
24	0.00675	0.00482	0.00643	0.00771	0.00803	0.00450	0.00514	0.00771	0.01060	0.01414	0.03053	0.80175	0.03663	0.01735	0.00707	0.00225	0.00321	0.01574	0.00514	0.00450
25	0.02460	0.01044	0.01302	0.01012	0.01432	0.05461	0.00829	0.02670	0.01584	0.72901	0.02105	0.01832	0.01332	0.00679	0.00553	0.00170	0.00503	0.00545	0.00661	0.00925
26	0.02270	0.01287	0.01498	0.01149	0.01586	0.01325	0.00949	0.43717	0.02161	0.35633	0.01701	0.01571	0.01128	0.00674	0.00555	0.00168	0.00549	0.00524	0.00611	0.00942
27	0.00675	0.00482	0.00643	0.00771	0.00803	0.00450	0.00514	0.00771	0.01060	0.01414	0.03053	0.80175	0.03663	0.01735	0.00707	0.00225	0.00321	0.01574	0.00514	0.00450
28	0.01148	0.00984	0.01148	0.00820	0.01312	0.00738	0.00656	0.01395	0.01148	0.01805	0.00984	0.01148	0.00820	0.00410	0.00410	0.00082	0.00410	0.00328	0.00328	0.83922
29	0.01345	0.00947	0.01141	0.00845	0.01299	0.00734	0.00674	0.01577	0.01217	0.14535	0.01311	0.06011	0.01084	0.00536	0.00453	0.00106	0.00415	0.00441	0.00400	0.64928
30	0.02105	0.01551	0.01662	0.01274	0.01717	0.01717	0.01053	0.75235	0.02604	0.03490	0.01330	0.01330	0.00942	0.00665	0.00554	0.00166	0.00609	0.00499	0.00554	0.00942
31	0.00854	0.00615	0.00841	0.00929	0.01055	0.00601	0.00786	0.01101	0.01327	0.01760	0.18276	0.08412	0.06155	0.01451	0.00736	0.00235	0.00444	0.53383	0.00531	0.00509
32	0.01292	0.01463	0.03172	0.06944	0.02950	0.01390	0.70661	0.01753	0.01295	0.01753	0.01112	0.01493	0.00834	0.00472	0.00648	0.00187	0.00922	0.00644	0.00278	0.00739
33	0.00672	0.00491	0.00633	0.00747	0.00797	0.00452	0.00503	0.00774	0.01084	0.01423	0.03349	0.71493	0.12153	0.01697	0.00701	0.00221	0.00317	0.01527	0.00514	0.00452
34	0.01418	0.67720	0.15505	0.01054	0.01586	0.02039	0.01133	0.01674	0.01133	0.01379	0.00808	0.00936	0.00709	0.00483	0.00384	0.00128	0.00630	0.00315	0.00236	0.00729
35	0.00675	0.00482	0.00643	0.00771	0.00803	0.00450	0.00514	0.00771	0.01060	0.01414	0.03053	0.80175	0.03663	0.01735	0.00707	0.00225	0.00321	0.01574	0.00514	0.00450
36	0.00700	0.00500	0.00672	0.00800	0.00843	0.00472	0.00558	0.00815	0.01085	0.01442	0.03039	0.71600	0.03608	0.01711	0.00714	0.00228	0.00343	0.09900	0.00514	0.00457
37	0.10081	0.03525	0.01172	0.00929	0.01175	0.00790	0.09223	0.01385	0.01457	0.09961	0.49463	0.03136	0.03663	0.00919	0.00600	0.00173	0.00390	0.00815	0.00538	0.00607
38	0.01307	0.01494	0.03268	0.02334	0.02894	0.01401	0.75070	0.01774	0.01307	0.01774	0.01120	0.01494	0.00840	0.00467	0.00654	0.00187	0.00934	0.00654	0.00280	0.00747
39	0.00883	0.00635	0.00880	0.01002	0.01132	0.00631	0.00874	0.01134	0.01274	0.01651	0.03035	0.06212	0.06002	0.01525	0.00761	0.00252	0.00501	0.70595	0.00510	0.00508
40	0.01065	0.01004	0.01696	0.74659	0.08208	0.01236	0.01548	0.01432	0.01117	0.01439	0.00988	0.01470	0.00747	0.00550	0.00553	0.00183	0.00733	0.00492	0.00248	0.00631
41	0.01111	0.02865	0.77667	0.01579	0.02397	0.01286	0.02046	0.01754	0.01169	0.01754	0.00994	0.01169	0.00702	0.00526	0.00526	0.00175	0.00818	0.00409	0.00234	0.00818
42	0.01110	0.01069	0.01870	0.63038	0.13214	0.01256	0.07646	0.01482	0.01144	0.01496	0.01003	0.01464	0.00765	0.00539	0.00561	0.00182	0.00744	0.00506	0.00253	0.00660
43	0.00774	0.00615	0.00934	0.09950	0.01282	0.00609	0.05105	0.00952	0.01165	0.01570	0.14966	0.53676	0.03415	0.01422	0.00677	0.00210	0.00396	0.01298	0.00485	0.00499
44	0.00855	0.00619	0.00841	0.00929	0.01062	0.00605	0.00793	0.01102	0.01323	0.01740	0.15593	0.05819	0.09330	0.01453	0.00737	0.00236	0.00450	0.55475	0.00527	0.00509
45	0.02476	0.00957	0.01294	0.00992	0.01421	0.00835	0.00819	0.04368	0.01609	0.75763	0.02165	0.01872	0.01361	0.00685	0.00557	0.00171	0.00474	0.00556	0.00682	0.00943
46	0.01140	0.05338	0.64903	0.01627	0.02389	0.01315	0.10448	0.01739	0.01192	0.01750	0.02544	0.01258	0.00810	0.00530	0.00538	0.00175	0.00813	0.00446	0.00247	0.00800
47	0.02069	0.02640	0.01569	0.01427	0.01712	0.78313	0.01070	0.02212	0.01569	0.01355	0.00856	0.00999	0.00713	0.00571	0.00499	0.00143	0.00999	0.00357	0.00285	0.00642
48	0.01046	0.00984	0.01661	0.79205	0.03814	0.01230	0.01538	0.01415	0.01107	0.01415	0.00984	0.01477	0.00738	0.00554	0.00554	0.00185	0.00738	0.00492	0.00246	0.00615
49	0.01282	0.01647	0.11865	0.02228	0.02807	0.01393	0.65066	0.01763	0.01282	0.01763	0.01098	0.01450	0.00822	0.00484	0.00663	0.00187	0.02553	0.00622	0.00274	0.00752
50	0.01358	0.01303	0.02225	0.06389	0.74192	0.01313	0.01693	0.01688	0.01255	0.01794	0.01039	0.01375	0.00872	0.00496	0.00549	0.00165	0.00661	0.00493	0.00273	0.00867
51	0.00794	0.00584	0.00842	0.00842	0.00924	0.00666	0.00632	0.00958	0.00876	0.01250	0.01528	0.02420	0.01491	0.17030	0.65610	0.00831	0.01324	0.00629	0.00303	0.00468
52	0.01277	0.01435	0.03082	0.11251	0.03001	0.01381	0.66541	0.01732	0.01284	0.01732	0.01105	0.01492	0.00828	0.00477	0.00642	0.00186	0.00911	0.00635	0.00276	0.00732
53	0.01354	0.01324	0.02326	0.05537	0.64576	0.01324	0.10187	0.01727	0.02910	0.01804	0.01076	0.01404	0.00887	0.00498	0.00561	0.00168	0.00688	0.00515	0.00280	0.00854
54	0.00758	0.00565	0.00704	0.00670	0.00811	0.00512	0.00502	0.00995	0.01506	0.02075	0.62501	0.04376	0.19605	0.01187	0.00653	0.00177	0.00265	0.01035	0.00591	0.00512
55	0.01539	0.01285	0.02106	0.03008	0.64342	0.01279	0.01563	0.05682	0.01369	0.10673	0.01189	0.01428	0.00938	0.00525	0.00550	0.00165	0.00634	0.00501	0.00337	0.00888
56	0.01371	0.01316	0.02248	0.03399	0.77081	0.01316	0.01700	0.01700	0.01261	0.01809	0.01042	0.01371	0.00877	0.00493	0.00548	0.00164	0.00658	0.00493	0.00274	0.00877
57	0.01716	0.12886	0.11155	0.00980	0.01387	0.01001	0.00915	0.01992	0.01460	0.36853	0.21340	0.02235	0.02196	0.00751	0.00548	0.00165	0.00479	0.00616	0.00542	0.00783
58	0.01148	0.00984	0.01148	0.00820	0.01312	0.00738	0.00656	0.01395	0.01148	0.01805	0.00984	0.01148	0.00820	0.00410	0.00410	0.00082	0.00410	0.00328	0.00328	0.83922
59	0.04976	0.01918	0.38900	0.01279	0.01894	0.01101	0.01421	0.04387	0.02825	0.33560	0.01519	0.01481	0.01004	0.00601	0.00533	0.00174	0.00644	0.00474	0.00443	0.00867
60	0.01475	0.01370	0.03394	0.06301	0.58429	0.01381	0.03083	0.14086	0.01480	0.02074	0.01089	0.01368	0.00878	0.00525	0.00551	0.00166	0.00662	0.00496	0.00320	0.00873
61	0.00805	0.00537	0.00604	0.00604	0.00604	0.00537	0.00336	0.00805	0.00805	0.01074	0.01745	0.03624	0.02013	0.80536	0.02819	0.00537	0.00537	0.00805	0.00336	0.00336
62	0.02105	0.01551	0.01662	0.01274	0.01717	0.01717	0.01053	0.75235	0.02604	0.03490	0.01330	0.01330	0.00942	0.00665	0.00554	0.00166	0.00609	0.00499	0.00554	0.00942
63	0.01236	0.02640	0.64939	0.01583	0.02344	0.01342	0.05771	0.10278	0.01343	0.01956	0.01039	0.01205	0.00737	0.00539	0.00536	0.00175	0.00800	0.00432	0.00273	0.00829
64	0.00672	0.00491	0.00633	0.00747	0.00797	0.00452	0.00503	0.00774	0.01084	0.01423	0.03349	0.71493	0.12153	0.01697	0.00701	0.00221	0.00317	0.01527	0.00514	0.00452
65	0.01307	0.01494	0.03268	0.02334	0.02894	0.01401	0.75070	0.01774	0.01307	0.01774	0.01120	0.01494	0.00840	0.00467	0.00654	0.00187	0.00934	0.00654	0.00280	0.00747
66	0.00682	0.00570	0.00599	0.00614	0.00794	0.00487	0.00475	0.00836	0.01264	0.01515	0.05300	0.05436	0.68312	0.01417	0.00667	0.00195	0.00307	0.09542	0.00514	0.00472
67	0.01245	0.01902	0.25856	0.02078	0.02700	0.01375	0.50623	0.01755	0.01251	0.01755	0.01070	0.01387	0.00795	0.00500	0.00650	0.00185	0.03272	0.00574	0.00265	0.00764
68	0.02312	0.01220	0.01457	0.01117	0.01552	0.01225	0.00923	0.35721	0.02049	0.43788	0.01796	0.01632	0.01176	0.00676	0.00556	0.00169	0.00534	0.00530	0.00626	0.00942
69	0.00791	0.00593	0.00890	0.00890	0.00989	0.00692	0.00692	0.00989	0.00890	0.01286	0.01483	0.02176	0.01385	0.04154	0.78341	0.00890	0.01483	0.00593	0.00297	0.00494
70	0.00675	0.00482	0.00643	0.00771	0.00803	0.00450	0.00514	0.00771	0.01060	0.01414	0.03053	0.80175	0.03663	0.01735	0.00707	0.00225	0.00321	0.01574	0.00514	0.00450
71	0.01371	0.01316	0.02248	0.03399	0.77081	0.01316	0.01700	0.01700	0.01261	0.01809	0.01042	0.01371	0.00877	0.00493	0.00548	0.00164	0.00658	0.00493	0.00274	0.00877
72	0.01524	0.01343	0.01291	0.01153	0.01470	0.10268	0.00895	0.02843	0.62971	0.06712	0.02088	0.01932	0.01558	0.00726	0.00556	0.00182	0.00505	0.00591	0.00539	0.00853
73	0.00784	0.00566	0.00740	0.00697	0.00827	0.00523	0.00523	0.01045	0.01568	0.02221	0.76789	0.04137	0.05226	0.01132	0.00653	0.00174	0.00261	0.01002	0.00610	0.00523
74	0.02461	0.00948	0.01285	0.00988	0.01414	0.00826	0.00815	0.02704	0.03183	0.75853	0.02186	0.01889	0.01378	0.00687	0.00557	0.00172	0.00471	0.00558	0.00683	0.00941
75	0.00808	0.00545	0.00640	0.00662	0.00679	0.00543	0.00411	0.00843	0.00875	0.01162	0.01961	0.08519	0.02249	0.66647	0.02454	0.00486	0.00521	0.09266	0.00367	0.00363
76	0.01046	0.00984	0.01661	0.79205	0.03814	0.01230	0.01538	0.01415	0.01107	0.01415	0.00984	0.01477	0.00738	0.00554	0.00554	0.00185	0.00738	0.00492	0.00246	0.00615
77	0.01054	0.01000	0.01710	0.76861	0.03786	0.01236	0.03780	0.01426	0.01114	0.01426	0.00989	0.01477	0.00741	0.00551	0.00557	0.00185	0.00744	0.00497	0.00247	0.00619
78	0.01181	0.17571	0.63571	0.01460	0.02213	0.01457	0.01839	0.01736	0.01161	0.01669	0.00952	0.01116	0.00703	0.00516	0.00494	0.00165	0.00776	0.00388	0.00234	0.00798
79	0.00670	0.00562	0.00582	0.00577	0.00757	0.00474	0.00433	0.00824	0.01298	0.01580	0.13867	0.05192	0.68548	0.01371	0.00654	0.00186	0.00278	0.01149	0.00525	0.00474
80	0.05472	0.38994	0.04762	0.01109	0.01517	0.21970	0.00988	0.01988	0.05225	0.10274	0.01042	0.01111	0.00835	0.00551	0.00460	0.00141	0.02144	0.00367	0.00324	0.00725
81	0.01184	0.02347	0.51078	0.01936	0.11123	0.01328	0.16611	0.01735	0.01195	0.01748	0.01015	0.01259	0.00751	0.00528	0.00604	0.00179	0.03857	0.00471	0.00248	0.00803
82	0.00821	0.00574	0.00752	0.00703	0.00840	0.00529	0.00529	0.01081	0.01568	0.03850	0.75174	0.04088	0.05142	0.01123	0.00651	0.00174	0.00266	0.00992	0.00611	0.00532
83	0.01285	0.01439	0.03016	0.05562	0.02767	0.01428	0.63318	0.01707	0.01245	0.01707	0.01069	0.01460	0.00823	0.00529	0.00784	0.00193	0.10041	0.00627	0.00274	0.00725
84	0.01258	0.01411	0.10847	0.22481	0.49772	0.01291	0.01699	0.01634	0.01211	0.01703	0.01022	0.01374	0.00822	0.00513	0.00547	0.00171	0.00697	0.00483	0.00262	0.00804
85	0.06783	0.01037	0.01241	0.00978	0.01357	0.01018	0.00798	0.19234	0.03223	0.44090	0.01854	0.01777	0.01259	0.03079	0.00594	0.00177	0.00479	0.00533	0.09630	0.00857
86	0.02240	0.00971	0.01275	0.01020	0.01413	0.00892	0.00847	0.09462	0.03244	0.59985	0.02191	0.02342	0.01547	0.00783	0.00581	0.00181	0.00488	0.08997	0.00650	0.00891
87	0.19783	0.00965	0.01151	0.00918	0.01299	0.00925	0.00752	0.06206	0.01501	0.50062	0.09206	0.01867	0.01564	0.00692	0.00521	0.00171	0.00449	0.00543	0.00598	0.00828

[dist]
# distance from previous block
# <min> <max>
0	6

[block]
# block no. 6 follows, 43 sequences, length 26
# corresponding to MSA columns:
# 608,609,620-629,638-640,650-660
name=unknown_G
#
# <colnr> <probs for GDERKNQSTAVLIFYWHMCP>
#	G	D	E	R	K	N	Q	S	T	A	V	L	I	F	Y	W	H	M	C	P
0	0.05616	0.01125	0.01609	0.36152	0.17093	0.04978	0.02624	0.02653	0.02403	0.01711	0.06703	0.01565	0.01125	0.00568	0.00529	0.00163	0.00636	0.00497	0.00307	0.11944
1	0.68471	0.05972	0.03761	0.00797	0.01173	0.01260	0.00694	0.01738	0.01024	0.09638	0.00916	0.01004	0.00685	0.00529	0.00371	0.00168	0.00457	0.00328	0.00366	0.00648
2	0.02443	0.00580	0.00719	0.00716	0.00850	0.00540	0.00547	0.01002	0.01401	0.01928	0.45506	0.08088	0.17519	0.04990	0.00767	0.00207	0.00318	0.10825	0.00556	0.00500
3	0.59352	0.03837	0.14138	0.00924	0.01362	0.01290	0.00894	0.06097	0.01113	0.05435	0.00900	0.01011	0.00672	0.00531	0.00396	0.00170	0.00513	0.00341	0.00347	0.00675
4	0.73222	0.11869	0.01097	0.00758	0.01118	0.01371	0.00647	0.01632	0.00967	0.02325	0.00771	0.00898	0.00615	0.00509	0.00344	0.00164	0.00451	0.00299	0.00328	0.00615
5	0.00774	0.00562	0.00730	0.00702	0.00829	0.00518	0.00526	0.01020	0.01517	0.02128	0.67653	0.08927	0.08133	0.01189	0.00659	0.00180	0.00271	0.02568	0.00598	0.00515
6	0.01237	0.01304	0.02518	0.09832	0.02543	0.01228	0.46322	0.01627	0.01231	0.01729	0.01059	0.01396	0.00821	0.00479	0.00623	0.00162	0.03519	0.00550	0.00287	0.21533
7	0.01611	0.01166	0.01280	0.01110	0.01451	0.01297	0.00875	0.06811	0.59072	0.15529	0.02192	0.01995	0.01594	0.00735	0.00562	0.00184	0.00453	0.00607	0.00584	0.00892
8	0.01874	0.01374	0.01535	0.01291	0.04121	0.01505	0.01032	0.55114	0.07871	0.05355	0.01633	0.02069	0.01313	0.00783	0.00583	0.00180	0.00581	0.10368	0.00543	0.00876
9	0.01088	0.01027	0.01737	0.69385	0.13306	0.01242	0.01559	0.01452	0.01127	0.01466	0.00992	0.01463	0.00756	0.00546	0.00553	0.00182	0.00728	0.00492	0.00250	0.00649
