[name]
unknown

[dist]
# distance from previous block
# <min> <max>
51	335

[block]
# block no. 0 follows, 47 sequences, length 9
# corresponding to MSA columns:
# 403-411
name=unknown_A
#
# <colnr> <probs for GDERKNQSTAVLIFYWHMCP>
#	G	D	E	R	K	N	Q	S	T	A	V	L	I	F	Y	W	H	M	C	P
0	0.01094	0.03993	0.01416	0.16059	0.03253	0.01121	0.07112	0.10140	0.07495	0.01621	0.01507	0.18445	0.01487	0.06805	0.03424	0.00231	0.13129	0.00718	0.00353	0.00596
1	0.03833	0.00805	0.00883	0.00835	0.00990	0.04730	0.00624	0.07584	0.08494	0.01568	0.02119	0.19096	0.10074	0.11073	0.18201	0.00360	0.03274	0.00796	0.00394	0.04267
2	0.05548	0.00992	0.01125	0.00947	0.01198	0.02404	0.02259	0.25488	0.06385	0.03437	0.01518	0.05450	0.03727	0.06405	0.11232	0.03149	0.04252	0.00558	0.08061	0.05866
3	0.06450	0.00864	0.01003	0.00852	0.01074	0.00885	0.04403	0.20680	0.02939	0.01929	0.02001	0.11583	0.10718	0.20510	0.01041	0.00244	0.00456	0.00722	0.05904	0.05743
4	0.01184	0.01035	0.01221	0.09988	0.01460	0.07469	0.02305	0.12563	0.04888	0.03097	0.09677	0.02081	0.05477	0.10164	0.10377	0.00292	0.15181	0.00591	0.00364	0.00585
5	0.01064	0.00939	0.01517	0.60383	0.06496	0.01147	0.01330	0.01367	0.01054	0.05383	0.01194	0.01571	0.04860	0.00607	0.00648	0.00178	0.08897	0.00499	0.00267	0.00597
6	0.20174	0.01588	0.01369	0.01292	0.08042	0.26595	0.00944	0.17335	0.01450	0.06088	0.00969	0.01107	0.00758	0.00674	0.02934	0.00177	0.07085	0.00389	0.00349	0.00681
7	0.00737	0.00517	0.00670	0.00699	0.00739	0.00539	0.00476	0.00822	0.00851	0.01159	0.01857	0.16949	0.02064	0.39712	0.24706	0.00533	0.00728	0.05507	0.00345	0.00389
8	0.01249	0.00906	0.01080	0.08892	0.01329	0.00992	0.00743	0.23471	0.04782	0.05745	0.01812	0.05672	0.08557	0.21943	0.03799	0.03025	0.04347	0.00655	0.00409	0.00592

[dist]
# distance from previous block
# <min> <max>
12	51

[block]
# block no. 1 follows, 47 sequences, length 104
# corresponding to MSA columns:
# 468-571
name=unknown_B
#
# <colnr> <probs for GDERKNQSTAVLIFYWHMCP>
#	G	D	E	R	K	N	Q	S	T	A	V	L	I	F	Y	W	H	M	C	P
0	0.12916	0.19479	0.25888	0.03788	0.09502	0.01394	0.14271	0.01586	0.01086	0.01645	0.00890	0.01098	0.00699	0.00516	0.01554	0.00161	0.00675	0.00398	0.00249	0.02205
1	0.01098	0.01029	0.01502	0.26311	0.02040	0.01344	0.01171	0.01338	0.03415	0.02926	0.00904	0.02712	0.00799	0.00846	0.03291	0.00217	0.44060	0.00478	0.00257	0.04262
2	0.08595	0.01576	0.17117	0.01161	0.01631	0.01362	0.01099	0.44463	0.01896	0.11406	0.01303	0.01314	0.02014	0.00599	0.00498	0.00159	0.00574	0.00452	0.01959	0.00822
3	0.01047	0.01124	0.04106	0.01649	0.01978	0.01078	0.42743	0.01361	0.01127	0.01540	0.01575	0.19189	0.01571	0.00848	0.00747	0.00195	0.09050	0.08137	0.00328	0.00607
4	0.01074	0.01032	0.01740	0.52971	0.19607	0.01224	0.04193	0.01393	0.01055	0.01416	0.00918	0.01343	0.00725	0.00544	0.00641	0.00175	0.08608	0.00468	0.00238	0.00636
5	0.02336	0.00886	0.01209	0.00927	0.01329	0.00765	0.00765	0.02538	0.01491	0.78810	0.02055	0.01773	0.01289	0.00645	0.00524	0.00161	0.00443	0.00524	0.00645	0.00886
6	0.00737	0.00532	0.00696	0.00655	0.00778	0.00491	0.00491	0.00983	0.01474	0.02088	0.78175	0.03890	0.04914	0.01065	0.00614	0.00164	0.00246	0.00942	0.00573	0.00491
7	0.01427	0.01506	0.01304	0.02320	0.03633	0.26662	0.00916	0.02137	0.33302	0.01734	0.07815	0.01711	0.02691	0.00705	0.00652	0.00167	0.09707	0.00524	0.00401	0.00686
8	0.01223	0.01043	0.01115	0.01008	0.01280	0.01192	0.00781	0.02537	0.67696	0.02167	0.11935	0.02194	0.02019	0.00753	0.00541	0.00175	0.00391	0.00634	0.00535	0.00781
9	0.02336	0.00886	0.01209	0.00927	0.01329	0.00765	0.00765	0.02538	0.01491	0.78810	0.02055	0.01773	0.01289	0.00645	0.00524	0.00161	0.00443	0.00524	0.00645	0.00886
10	0.00653	0.00478	0.00614	0.00688	0.00754	0.00439	0.00475	0.00780	0.01115	0.01492	0.18406	0.56981	0.12243	0.01481	0.00649	0.00198	0.00286	0.01328	0.00502	0.00439
11	0.10624	0.00569	0.00743	0.00701	0.00794	0.00570	0.00501	0.01000	0.00889	0.08936	0.11335	0.01827	0.01440	0.01444	0.01501	0.55512	0.00418	0.00505	0.00325	0.00365
12	0.02427	0.00510	0.00544	0.00530	0.00660	0.00503	0.00400	0.01193	0.01172	0.03193	0.17187	0.02315	0.02046	0.00698	0.00417	0.00131	0.00249	0.00575	0.64755	0.00494
13	0.01945	0.02482	0.01476	0.01342	0.01610	0.79608	0.01006	0.02079	0.01476	0.01275	0.00805	0.00939	0.00671	0.00537	0.00470	0.00134	0.00939	0.00335	0.00268	0.00604
14	0.01085	0.00589	0.00704	0.00644	0.00750	0.00554	0.00424	0.01143	0.00963	0.17964	0.02109	0.04366	0.09341	0.54940	0.01957	0.00393	0.00465	0.00751	0.00406	0.00453
15	0.00896	0.00571	0.00732	0.00779	0.00881	0.00550	0.00549	0.01141	0.08640	0.10242	0.04969	0.62123	0.03060	0.01411	0.00634	0.00201	0.00327	0.01267	0.00509	0.00517
16	0.00699	0.00531	0.00643	0.00615	0.00754	0.00475	0.00461	0.00908	0.01383	0.01873	0.55115	0.04245	0.28108	0.01145	0.00615	0.00168	0.00251	0.00992	0.00545	0.00475
17	0.00748	0.00507	0.00600	0.00629	0.00645	0.00503	0.00391	0.00785	0.00834	0.01109	0.01923	0.14508	0.02219	0.62604	0.02183	0.00438	0.00474	0.08201	0.00355	0.00347
18	0.01528	0.01129	0.01232	0.00991	0.01308	0.01215	0.00801	0.48618	0.04191	0.02770	0.18405	0.02234	0.09449	0.00791	0.00547	0.00159	0.00458	0.00638	0.02792	0.00743
19	0.01024	0.00549	0.00720	0.00746	0.00865	0.00505	0.00538	0.01159	0.01114	0.17109	0.02568	0.53932	0.02754	0.01309	0.00604	0.00192	0.00329	0.03383	0.10075	0.00526
20	0.01289	0.01237	0.02114	0.03196	0.78450	0.01237	0.01598	0.01598	0.01186	0.01701	0.00980	0.01289	0.00825	0.00464	0.00516	0.00155	0.00619	0.00464	0.00258	0.00825
21	0.00761	0.00518	0.00634	0.00678	0.00716	0.00512	0.00462	0.00841	0.00921	0.01235	0.04379	0.16086	0.02452	0.47256	0.01801	0.00381	0.00453	0.16993	0.02544	0.00378
22	0.73885	0.00957	0.00750	0.00676	0.00977	0.01102	0.00552	0.01538	0.03404	0.02290	0.00872	0.00995	0.00677	0.00503	0.00333	0.00158	0.00387	0.00313	0.09067	0.00564
23	0.01135	0.00668	0.00855	0.00755	0.00955	0.00633	0.00584	0.01498	0.09362	0.18411	0.54103	0.03238	0.03798	0.00938	0.00586	0.00165	0.00305	0.00816	0.00584	0.00610
24	0.00886	0.00464	0.00696	0.00696	0.00707	0.00475	0.00475	0.00707	0.00696	0.00939	0.00960	0.01636	0.00950	0.02047	0.10855	0.75300	0.00559	0.00464	0.00232	0.00253
25	0.10515	0.00586	0.00688	0.00689	0.00788	0.00580	0.00477	0.01026	0.00944	0.09348	0.02049	0.25463	0.05009	0.26741	0.01374	0.08555	0.00413	0.03915	0.00403	0.00437
26	0.02736	0.00860	0.02230	0.00875	0.01120	0.00854	0.00709	0.14348	0.11048	0.12681	0.32584	0.03019	0.04300	0.02238	0.00612	0.00177	0.00388	0.08023	0.00544	0.00655
27	0.01498	0.01219	0.01292	0.01101	0.01432	0.01390	0.00873	0.24696	0.55250	0.02506	0.01862	0.01738	0.01381	0.00682	0.00527	0.00171	0.00460	0.00553	0.00527	0.00842
28	0.22248	0.01339	0.01363	0.01069	0.01462	0.01492	0.00883	0.57198	0.02053	0.04324	0.01136	0.01161	0.00814	0.00591	0.00473	0.00158	0.00530	0.00424	0.00475	0.00807
29	0.01980	0.01459	0.01563	0.01198	0.01615	0.01615	0.00990	0.76713	0.02448	0.03282	0.01250	0.01250	0.00886	0.00625	0.00521	0.00156	0.00573	0.00469	0.00521	0.00886
30	0.18205	0.01088	0.01368	0.01161	0.01279	0.01406	0.00963	0.01316	0.00848	0.01523	0.00720	0.01073	0.00669	0.00765	0.01278	0.00197	0.55329	0.00404	0.00256	0.10151
31	0.01202	0.00709	0.00898	0.00772	0.00985	0.00675	0.00604	0.09905	0.01588	0.17773	0.54005	0.03161	0.03721	0.00930	0.00585	0.00162	0.00323	0.00803	0.00582	0.00616
32	0.00775	0.00563	0.00760	0.00868	0.00975	0.00548	0.00722	0.00974	0.01157	0.01497	0.03034	0.21086	0.10686	0.01466	0.00698	0.00228	0.00422	0.52598	0.00481	0.00464
33	0.00653	0.00465	0.00619	0.00736	0.00771	0.00438	0.00502	0.00750	0.01003	0.01335	0.02822	0.73603	0.03362	0.04256	0.00734	0.00223	0.00321	0.06505	0.00478	0.00423
34	0.02336	0.00886	0.01209	0.00927	0.01329	0.00765	0.00765	0.02538	0.01491	0.78810	0.02055	0.01773	0.01289	0.00645	0.00524	0.00161	0.00443	0.00524	0.00645	0.00886
35	0.01045	0.02694	0.79000	0.01484	0.02254	0.01209	0.01924	0.01649	0.01099	0.01649	0.00935	0.01099	0.00660	0.00495	0.00495	0.00165	0.00770	0.00385	0.00220	0.00770
36	0.09854	0.00787	0.00903	0.00816	0.01029	0.00814	0.00637	0.09983	0.11309	0.08494	0.33763	0.11158	0.03030	0.00951	0.00565	0.00173	0.00354	0.04242	0.00528	0.00612
37	0.00714	0.00530	0.00669	0.00669	0.00792	0.00485	0.00507	0.00922	0.01344	0.01831	0.49376	0.12328	0.18177	0.01208	0.00630	0.00178	0.00278	0.08351	0.00538	0.00474
38	0.01139	0.01139	0.01595	0.01367	0.01367	0.01595	0.01139	0.01253	0.00798	0.01253	0.00684	0.01139	0.00684	0.00911	0.01709	0.00228	0.80745	0.00456	0.00228	0.00570
39	0.01980	0.01459	0.01563	0.01198	0.01615	0.01615	0.00990	0.76713	0.02448	0.03282	0.01250	0.01250	0.00886	0.00625	0.00521	0.00156	0.00573	0.00469	0.00521	0.00886
40	0.00823	0.00551	0.00723	0.00702	0.00834	0.00509	0.00536	0.01045	0.01388	0.06331	0.55578	0.11613	0.07774	0.01145	0.00624	0.00176	0.00287	0.08302	0.00555	0.00504
41	0.02336	0.00886	0.01209	0.00927	0.01329	0.00765	0.00765	0.02538	0.01491	0.78810	0.02055	0.01773	0.01289	0.00645	0.00524	0.00161	0.00443	0.00524	0.00645	0.00886
42	0.01392	0.82012	0.02729	0.00891	0.01337	0.02061	0.00891	0.01559	0.01058	0.01225	0.00724	0.00835	0.00668	0.00446	0.00334	0.00111	0.00557	0.00278	0.00223	0.00668
43	0.00724	0.00509	0.00592	0.00593	0.00644	0.00487	0.00376	0.00799	0.00980	0.01308	0.17742	0.10161	0.12884	0.47949	0.01801	0.00367	0.00403	0.00900	0.00404	0.00377
44	0.01990	0.00821	0.01113	0.00901	0.01242	0.00726	0.00742	0.02220	0.02630	0.61265	0.10776	0.02422	0.01875	0.00772	0.00553	0.00169	0.00424	0.07938	0.00618	0.00800
45	0.01945	0.02482	0.01476	0.01342	0.01610	0.79608	0.01006	0.02079	0.01476	0.01275	0.00805	0.00939	0.00671	0.00537	0.00470	0.00134	0.00939	0.00335	0.00268	0.00604
46	0.01229	0.01405	0.03073	0.02195	0.02722	0.01317	0.76558	0.01668	0.01229	0.01668	0.01054	0.01405	0.00790	0.00439	0.00615	0.00176	0.00878	0.00615	0.00263	0.00702
47	0.08512	0.00742	0.00944	0.00812	0.01076	0.00684	0.00636	0.01778	0.02745	0.40118	0.15721	0.18273	0.03903	0.00921	0.00554	0.00172	0.00372	0.00785	0.00567	0.00685
48	0.00634	0.00453	0.00604	0.00725	0.00755	0.00423	0.00483	0.00725	0.00997	0.01329	0.02870	0.81358	0.03444	0.01632	0.00665	0.00211	0.00302	0.01480	0.00483	0.00423
49	0.00634	0.00453	0.00604	0.00725	0.00755	0.00423	0.00483	0.00725	0.00997	0.01329	0.02870	0.81358	0.03444	0.01632	0.00665	0.00211	0.00302	0.01480	0.00483	0.00423
50	0.01940	0.00978	0.01539	0.09173	0.09699	0.00910	0.09529	0.02192	0.01377	0.53102	0.01731	0.02954	0.01161	0.00606	0.00535	0.00164	0.00533	0.00538	0.00518	0.00821
51	0.00942	0.00648	0.00936	0.00880	0.00998	0.00742	0.00695	0.01129	0.00970	0.08994	0.10113	0.02134	0.01647	0.02950	0.54743	0.00630	0.09399	0.00588	0.00343	0.00521
52	0.85377	0.01007	0.00765	0.00685	0.01007	0.01168	0.00564	0.01531	0.00886	0.02336	0.00725	0.00846	0.00564	0.00483	0.00322	0.00161	0.00403	0.00282	0.00322	0.00564
53	0.00643	0.00470	0.00605	0.00695	0.00752	0.00432	0.00474	0.00754	0.01068	0.01417	0.10953	0.64648	0.12097	0.01537	0.00654	0.00202	0.00292	0.01381	0.00493	0.00432
54	0.01511	0.01279	0.01314	0.03326	0.01440	0.08753	0.00893	0.35083	0.11598	0.02345	0.05071	0.02042	0.11505	0.00786	0.00657	0.00170	0.08468	0.02579	0.00457	0.00724
55	0.01739	0.01420	0.01458	0.09386	0.01734	0.10314	0.00989	0.52893	0.02048	0.02658	0.01326	0.09158	0.01095	0.00704	0.00529	0.00161	0.00600	0.00553	0.00459	0.00776
56	0.01980	0.01459	0.01563	0.01198	0.01615	0.01615	0.00990	0.76713	0.02448	0.03282	0.01250	0.01250	0.00886	0.00625	0.00521	0.00156	0.00573	0.00469	0.00521	0.00886
57	0.01130	0.01140	0.01619	0.62073	0.12455	0.10083	0.01415	0.01448	0.01108	0.01369	0.00918	0.01325	0.00707	0.00516	0.00514	0.00167	0.00713	0.00448	0.00239	0.00611
58	0.01018	0.00961	0.01625	0.71667	0.12095	0.01166	0.01464	0.01361	0.01058	0.01373	0.00932	0.01377	0.00709	0.00514	0.00520	0.00171	0.00686	0.00463	0.00234	0.00607
59	0.05188	0.00967	0.01389	0.01411	0.18079	0.00883	0.00939	0.02296	0.01402	0.59215	0.01772	0.01633	0.01161	0.00599	0.00514	0.00160	0.00480	0.00502	0.00549	0.00861
60	0.01080	0.00926	0.01080	0.00771	0.01234	0.00694	0.00617	0.01311	0.01080	0.01697	0.00926	0.01080	0.00771	0.00386	0.00386	0.00077	0.00386	0.00309	0.00309	0.84882
61	0.01373	0.65617	0.02414	0.00925	0.01340	0.01905	0.00878	0.01804	0.16553	0.01418	0.01007	0.01060	0.00855	0.00498	0.00374	0.00125	0.00528	0.00341	0.00285	0.00700
62	0.02073	0.00926	0.01340	0.10515	0.09228	0.00858	0.00928	0.02303	0.01407	0.62055	0.01815	0.01679	0.01173	0.00612	0.00523	0.00162	0.00490	0.00511	0.00558	0.00844
63	0.00826	0.00891	0.09161	0.01226	0.09957	0.00703	0.08309	0.01048	0.01094	0.01468	0.02572	0.39628	0.12099	0.01206	0.00624	0.00195	0.00454	0.07592	0.00408	0.00539
64	0.01096	0.01067	0.01478	0.01276	0.01276	0.01471	0.01046	0.01197	0.00793	0.01226	0.00792	0.01397	0.00821	0.10093	0.01816	0.00259	0.71626	0.00490	0.00238	0.00541
65	0.01194	0.01152	0.01332	0.00984	0.01431	0.09727	0.08536	0.01436	0.01140	0.01646	0.00925	0.01098	0.00762	0.00408	0.00419	0.00094	0.00500	0.00343	0.00299	0.66574
66	0.00744	0.00558	0.00837	0.00837	0.00930	0.00651	0.00651	0.00930	0.00837	0.01209	0.01395	0.02046	0.01302	0.03906	0.79635	0.00837	0.01395	0.00558	0.00279	0.00465
67	0.85377	0.01007	0.00765	0.00685	0.01007	0.01168	0.00564	0.01531	0.00886	0.02336	0.00725	0.00846	0.00564	0.00483	0.00322	0.00161	0.00403	0.00282	0.00322	0.00564
68	0.00747	0.00547	0.00782	0.00782	0.00857	0.00621	0.00583	0.00895	0.00821	0.01169	0.01445	0.02322	0.01422	0.19672	0.64032	0.00770	0.01215	0.00598	0.00286	0.00435
69	0.01678	0.01324	0.01559	0.10235	0.01782	0.01550	0.01068	0.50862	0.03974	0.02619	0.01122	0.01262	0.00842	0.00673	0.00762	0.00173	0.16831	0.00469	0.00429	0.00785
70	0.01245	0.01193	0.02034	0.14300	0.67689	0.01226	0.01576	0.01560	0.01165	0.01648	0.00972	0.01303	0.00806	0.00472	0.00516	0.00157	0.00630	0.00464	0.00254	0.00789
71	0.01045	0.02694	0.79000	0.01484	0.02254	0.01209	0.01924	0.01649	0.01099	0.01649	0.00935	0.01099	0.00660	0.00495	0.00495	0.00165	0.00770	0.00385	0.00220	0.00770
72	0.01045	0.00989	0.01674	0.64790	0.18759	0.01173	0.01477	0.01385	0.01071	0.01406	0.00937	0.01368	0.00721	0.00509	0.00520	0.00170	0.00679	0.00463	0.00237	0.00628
73	0.00755	0.00516	0.00622	0.00622	0.00641	0.00534	0.00384	0.00792	0.00773	0.01050	0.01591	0.03132	0.01773	0.65932	0.18253	0.00572	0.00685	0.00717	0.00308	0.00346
74	0.00725	0.00532	0.00679	0.00643	0.00771	0.00486	0.00482	0.00959	0.01446	0.02021	0.70960	0.04001	0.12171	0.01090	0.00614	0.00165	0.00247	0.00957	0.00564	0.00486
75	0.00854	0.00486	0.00729	0.00729	0.00758	0.00515	0.00515	0.00758	0.00729	0.01001	0.01060	0.01729	0.01030	0.02472	0.26582	0.58274	0.00750	0.00486	0.00243	0.00302
76	0.02057	0.01334	0.01486	0.01139	0.01553	0.01430	0.00941	0.60535	0.02240	0.19755	0.01426	0.01364	0.00974	0.00629	0.00522	0.00157	0.00545	0.00481	0.00548	0.00886
77	0.00634	0.00453	0.00604	0.00725	0.00755	0.00423	0.00483	0.00725	0.00997	0.01329	0.02870	0.81358	0.03444	0.01632	0.00665	0.00211	0.00302	0.01480	0.00483	0.00423
78	0.00638	0.00535	0.00558	0.00570	0.00741	0.00455	0.00440	0.00780	0.01188	0.01422	0.05026	0.05097	0.70791	0.01331	0.00626	0.00182	0.00285	0.08408	0.00483	0.00444
79	0.01980	0.01459	0.01563	0.01198	0.01615	0.01615	0.00990	0.76713	0.02448	0.03282	0.01250	0.01250	0.00886	0.00625	0.00521	0.00156	0.00573	0.00469	0.00521	0.00886
80	0.02336	0.00886	0.01209	0.00927	0.01329	0.00765	0.00765	0.02538	0.01491	0.78810	0.02055	0.01773	0.01289	0.00645	0.00524	0.00161	0.00443	0.00524	0.00645	0.00886
81	0.00903	0.00569	0.00749	0.00683	0.00835	0.00520	0.00520	0.01144	0.01476	0.10044	0.70281	0.03670	0.04538	0.01021	0.00605	0.00164	0.00266	0.00898	0.00581	0.00532
82	0.76624	0.00953	0.00736	0.00664	0.00966	0.01097	0.00543	0.01498	0.00908	0.02296	0.00826	0.00960	0.00644	0.00496	0.00327	0.00157	0.00386	0.00303	0.09061	0.00556
83	0.00628	0.00528	0.00545	0.00541	0.00711	0.00445	0.00406	0.00772	0.01217	0.01477	0.12835	0.04895	0.70635	0.01293	0.00615	0.00175	0.00262	0.01083	0.00493	0.00445
84	0.00757	0.00505	0.00568	0.00568	0.00568	0.00505	0.00316	0.00757	0.00757	0.01010	0.01641	0.03408	0.01893	0.81698	0.02651	0.00505	0.00505	0.00757	0.00316	0.00316
85	0.00946	0.00488	0.00495	0.00495	0.00602	0.00488	0.00359	0.01162	0.01054	0.01836	0.01692	0.02108	0.01398	0.09823	0.00624	0.00165	0.00272	0.00516	0.75011	0.00466
86	0.00645	0.00461	0.00614	0.00718	0.00758	0.00430	0.00484	0.00752	0.01047	0.01408	0.10679	0.73325	0.03597	0.01573	0.00659	0.00207	0.00296	0.01425	0.00493	0.00430
87	0.85377	0.01007	0.00765	0.00685	0.01007	0.01168	0.00564	0.01531	0.00886	0.02336	0.00725	0.00846	0.00564	0.00483	0.00322	0.00161	0.00403	0.00282	0.00322	0.00564
88	0.01848	0.01137	0.01266	0.00994	0.01347	0.01202	0.00813	0.45396	0.01966	0.19065	0.01514	0.01504	0.01064	0.00625	0.00489	0.00150	0.00477	0.00484	0.17857	0.00803
89	0.85377	0.01007	0.00765	0.00685	0.01007	0.01168	0.00564	0.01531	0.00886	0.02336	0.00725	0.00846	0.00564	0.00483	0.00322	0.00161	0.00403	0.00282	0.00322	0.00564
90	0.02157	0.00843	0.01136	0.00886	0.01243	0.00736	0.00714	0.02336	0.01407	0.69968	0.02007	0.01958	0.01358	0.09856	0.00765	0.00200	0.00450	0.00550	0.00607	0.00821
91	0.01547	0.01170	0.01264	0.01077	0.01408	0.01312	0.00854	0.18817	0.53671	0.10003	0.01924	0.01776	0.01407	0.00683	0.00527	0.00171	0.00450	0.00556	0.00539	0.00844
92	0.00663	0.00529	0.00594	0.00578	0.00733	0.00460	0.00433	0.00840	0.01300	0.01675	0.33959	0.04570	0.49387	0.01219	0.00615	0.00171	0.00257	0.01037	0.00519	0.00460
93	0.00737	0.00533	0.00701	0.00699	0.00813	0.00497	0.00534	0.00962	0.01381	0.01921	0.58430	0.12216	0.06482	0.01180	0.00633	0.00179	0.00283	0.10789	0.00549	0.00481
94	0.01282	0.01377	0.01574	0.01363	0.01410	0.15420	0.01116	0.01400	0.00918	0.01257	0.00705	0.01104	0.00681	0.00845	0.01489	0.00211	0.66602	0.00434	0.00235	0.00576
95	0.85377	0.01007	0.00765	0.00685	0.01007	0.01168	0.00564	0.01531	0.00886	0.02336	0.00725	0.00846	0.00564	0.00483	0.00322	0.00161	0.00403	0.00282	0.00322	0.00564
96	0.00716	0.00528	0.00648	0.00620	0.00738	0.00483	0.00452	0.00910	0.01332	0.01827	0.54939	0.04044	0.18478	0.10998	0.00864	0.00208	0.00281	0.00949	0.00525	0.00460
97	0.01316	0.01382	0.02710	0.01972	0.02425	0.01387	0.58215	0.11325	0.01338	0.01830	0.01037	0.01355	0.00790	0.00517	0.00727	0.00179	0.09916	0.00578	0.00293	0.00711
98	0.11407	0.02061	0.01417	0.01239	0.01534	0.52231	0.00957	0.17115	0.01583	0.01801	0.00882	0.00998	0.00703	0.00561	0.00505	0.00145	0.03519	0.00360	0.00324	0.00655
99	0.00634	0.00453	0.00604	0.00725	0.00755	0.00423	0.00483	0.00725	0.00997	0.01329	0.02870	0.81358	0.03444	0.01632	0.00665	0.00211	0.00302	0.01480	0.00483	0.00423
100	0.00894	0.00489	0.00691	0.00709	0.00738	0.00482	0.00492	0.00795	0.00805	0.03380	0.01446	0.10579	0.01542	0.11771	0.01776	0.53290	0.00446	0.09066	0.00305	0.00306
101	0.01444	0.19893	0.01618	0.01073	0.01400	0.16338	0.02793	0.09254	0.29161	0.01818	0.02860	0.03262	0.05606	0.00660	0.00484	0.00152	0.00560	0.00512	0.00399	0.00714
102	0.01748	0.01159	0.01323	0.01002	0.01426	0.01135	0.00819	0.34900	0.04243	0.18598	0.01345	0.01328	0.00957	0.00556	0.00479	0.00133	0.00481	0.00434	0.00480	0.27454
103	0.01146	0.01430	0.15698	0.01536	0.01916	0.01237	0.24917	0.04590	0.01130	0.01618	0.01128	0.01753	0.00993	0.00685	0.00855	0.00184	0.20959	0.08945	0.00286	0.08995

[dist]
# distance from previous block
# <min> <max>
0	10

[block]
# block no. 2 follows, 47 sequences, length 59
# corresponding to MSA columns:
# 582-640
name=unknown_C
#
# <colnr> <probs for GDERKNQSTAVLIFYWHMCP>
#	G	D	E	R	K	N	Q	S	T	A	V	L	I	F	Y	W	H	M	C	P
0	0.01272	0.01026	0.01474	0.01063	0.01529	0.00846	0.14539	0.03978	0.01196	0.10078	0.01082	0.01220	0.00834	0.00431	0.00447	0.00107	0.00488	0.00393	0.00344	0.57653
1	0.00966	0.00804	0.00942	0.00783	0.01099	0.00679	0.00596	0.01296	0.09670	0.01641	0.01739	0.23347	0.04175	0.00795	0.00486	0.00129	0.00362	0.00688	0.00387	0.49417
2	0.02893	0.07303	0.49920	0.01294	0.01932	0.01200	0.02716	0.05982	0.03474	0.09418	0.01082	0.01181	0.00773	0.00509	0.00479	0.00153	0.00662	0.00397	0.00299	0.08333
3	0.01898	0.02403	0.01483	0.01343	0.01596	0.75001	0.01014	0.02031	0.01436	0.01273	0.00798	0.00951	0.00672	0.00559	0.00543	0.00140	0.05652	0.00343	0.00266	0.00602
4	0.00697	0.00542	0.00646	0.00695	0.00833	0.00492	0.00552	0.00866	0.01190	0.01495	0.09444	0.13802	0.40901	0.01373	0.00654	0.00199	0.00335	0.24343	0.00489	0.00454
5	0.08612	0.01090	0.09784	0.01277	0.08242	0.00993	0.08279	0.01424	0.03966	0.08850	0.09548	0.04418	0.01442	0.04942	0.03640	0.09754	0.12233	0.00565	0.00344	0.00598
6	0.00788	0.00550	0.00770	0.00773	0.00858	0.00588	0.00575	0.03376	0.00976	0.01355	0.10347	0.15171	0.04907	0.02667	0.39637	0.14259	0.00864	0.00752	0.00353	0.00435
7	0.02264	0.01002	0.01280	0.00982	0.01387	0.00938	0.00811	0.17578	0.01685	0.63496	0.01891	0.01667	0.01207	0.00641	0.00523	0.00160	0.00469	0.00513	0.00619	0.00886
8	0.01798	0.00758	0.01009	0.00841	0.01142	0.00659	0.00667	0.01969	0.01356	0.54381	0.02583	0.18275	0.10394	0.00921	0.00563	0.00173	0.00394	0.00783	0.00594	0.00742
9	0.10216	0.00690	0.00806	0.00787	0.00953	0.00686	0.00581	0.09617	0.01233	0.11919	0.03687	0.47053	0.07275	0.01234	0.00589	0.00190	0.00359	0.01077	0.00493	0.00554
10	0.00737	0.00532	0.00696	0.00655	0.00778	0.00491	0.00491	0.00983	0.01474	0.02088	0.78175	0.03890	0.04914	0.01065	0.00614	0.00164	0.00246	0.00942	0.00573	0.00491
11	0.00623	0.00499	0.00557	0.00604	0.00724	0.00433	0.00430	0.00739	0.01113	0.01377	0.04341	0.34690	0.49164	0.01440	0.00635	0.00190	0.00279	0.01247	0.00484	0.00433
12	0.48186	0.00961	0.00900	0.00782	0.01085	0.01056	0.00630	0.10090	0.04085	0.12851	0.01282	0.08708	0.01058	0.00646	0.00415	0.00163	0.00409	0.00473	0.05585	0.00636
13	0.67003	0.00980	0.00863	0.00738	0.01078	0.01079	0.00609	0.01754	0.01020	0.19258	0.01019	0.01051	0.00724	0.00519	0.00367	0.00161	0.00412	0.00335	0.00394	0.00635
14	0.01980	0.01459	0.01563	0.01198	0.01615	0.01615	0.00990	0.76713	0.02448	0.03282	0.01250	0.01250	0.00886	0.00625	0.00521	0.00156	0.00573	0.00469	0.00521	0.00886
15	0.01076	0.00645	0.00753	0.00701	0.00817	0.00644	0.00495	0.08191	0.01097	0.10162	0.01895	0.04229	0.03991	0.44305	0.01674	0.00350	0.00464	0.08486	0.09550	0.00474
16	0.01027	0.00589	0.00719	0.00683	0.00853	0.00520	0.00505	0.01163	0.01193	0.18537	0.09680	0.22234	0.29054	0.08792	0.00800	0.00212	0.00337	0.02064	0.00511	0.00528
17	0.00830	0.00557	0.00652	0.00663	0.00823	0.00488	0.00503	0.00971	0.01176	0.09812	0.04095	0.22723	0.44370	0.01332	0.00628	0.00189	0.00315	0.08883	0.00501	0.00488
18	0.01045	0.02694	0.79000	0.01484	0.02254	0.01209	0.01924	0.01649	0.01099	0.01649	0.00935	0.01099	0.00660	0.00495	0.00495	0.00165	0.00770	0.00385	0.00220	0.00770
19	0.68365	0.00944	0.00800	0.00704	0.01013	0.01057	0.00575	0.01566	0.01007	0.09509	0.09263	0.01264	0.01105	0.00562	0.00373	0.00161	0.00390	0.00376	0.00380	0.00586
20	0.01706	0.00756	0.01041	0.00869	0.01157	0.00705	0.00702	0.01898	0.01262	0.48580	0.02086	0.02100	0.07013	0.01723	0.25483	0.00375	0.00730	0.00577	0.00517	0.00720
21	0.01980	0.01459	0.01563	0.01198	0.01615	0.01615	0.00990	0.76713	0.02448	0.03282	0.01250	0.01250	0.00886	0.00625	0.00521	0.00156	0.00573	0.00469	0.00521	0.00886
22	0.00634	0.00453	0.00604	0.00725	0.00755	0.00423	0.00483	0.00725	0.00997	0.01329	0.02870	0.81358	0.03444	0.01632	0.00665	0.00211	0.00302	0.01480	0.00483	0.00423
23	0.00843	0.00676	0.01014	0.17152	0.10107	0.00703	0.00818	0.01058	0.01148	0.03044	0.19919	0.26230	0.07206	0.01266	0.06234	0.00228	0.00482	0.00926	0.00416	0.00529
24	0.00724	0.00532	0.00678	0.00641	0.00770	0.00486	0.00481	0.00957	0.01443	0.02014	0.70256	0.04012	0.12878	0.01092	0.00614	0.00165	0.00248	0.00959	0.00564	0.00486
25	0.02336	0.00886	0.01209	0.00927	0.01329	0.00765	0.00765	0.02538	0.01491	0.78810	0.02055	0.01773	0.01289	0.00645	0.00524	0.00161	0.00443	0.00524	0.00645	0.00886
26	0.00659	0.00522	0.00598	0.00608	0.00736	0.00479	0.00443	0.00790	0.01093	0.01378	0.09102	0.12630	0.46288	0.09293	0.12721	0.00309	0.00460	0.01016	0.00443	0.00434
27	0.04505	0.03157	0.11122	0.01967	0.10453	0.08501	0.40736	0.04187	0.01225	0.01674	0.00970	0.01258	0.00753	0.00500	0.00638	0.00170	0.06703	0.00511	0.00266	0.00705
28	0.02185	0.01147	0.01276	0.01005	0.01386	0.09470	0.00818	0.15557	0.01645	0.54445	0.01765	0.01595	0.01152	0.00628	0.00512	0.00156	0.00513	0.00492	0.03411	0.00842
29	0.00701	0.00522	0.00652	0.00637	0.00760	0.00473	0.00471	0.00906	0.01362	0.01865	0.54911	0.12844	0.19616	0.01180	0.00620	0.00172	0.00256	0.01034	0.00545	0.00473
30	0.01140	0.01114	0.01978	0.38837	0.34303	0.01210	0.10917	0.01483	0.01124	0.01526	0.00964	0.01349	0.00760	0.00487	0.00530	0.00166	0.00686	0.00482	0.00246	0.00695
31	0.01180	0.10262	0.03359	0.02273	0.46481	0.03811	0.04713	0.01440	0.01164	0.01564	0.01592	0.09170	0.09453	0.00667	0.00523	0.00158	0.00569	0.00609	0.00299	0.00713
32	0.68127	0.01216	0.00920	0.00807	0.01132	0.10046	0.00654	0.08671	0.01100	0.02306	0.00784	0.00895	0.00606	0.00503	0.00358	0.00158	0.00479	0.00306	0.00335	0.00599
33	0.02336	0.00886	0.01209	0.00927	0.01329	0.00765	0.00765	0.02538	0.01491	0.78810	0.02055	0.01773	0.01289	0.00645	0.00524	0.00161	0.00443	0.00524	0.00645	0.00886
34	0.01802	0.01201	0.12651	0.10287	0.12686	0.00946	0.01126	0.02116	0.02783	0.45290	0.01625	0.02761	0.01103	0.00599	0.00520	0.00163	0.00541	0.00504	0.00477	0.00818
35	0.01934	0.01337	0.17151	0.01161	0.01645	0.00969	0.06967	0.07105	0.03668	0.49979	0.01699	0.01578	0.01105	0.00599	0.00525	0.00163	0.00551	0.00501	0.00517	0.00846
36	0.01103	0.02287	0.55052	0.01708	0.02401	0.01243	0.25465	0.01655	0.01140	0.01655	0.00972	0.01196	0.00701	0.00477	0.00533	0.00168	0.00804	0.00457	0.00234	0.00748
37	0.75917	0.10132	0.00987	0.00708	0.01044	0.01269	0.00601	0.01534	0.00906	0.02211	0.00725	0.00845	0.00576	0.00479	0.00324	0.00156	0.00420	0.00282	0.00311	0.00576
38	0.00878	0.00684	0.01077	0.01089	0.01251	0.00674	0.09057	0.01136	0.01198	0.01566	0.02574	0.06789	0.02766	0.01334	0.00707	0.00232	0.00520	0.65507	0.00456	0.00503
39	0.09306	0.01189	0.01448	0.01626	0.22365	0.01313	0.01034	0.12811	0.38862	0.02220	0.01554	0.01563	0.01185	0.00608	0.00505	0.00166	0.00490	0.00509	0.00435	0.00809
40	0.00682	0.00503	0.00612	0.00646	0.00731	0.00463	0.00451	0.00813	0.01131	0.01498	0.22363	0.29686	0.20522	0.13864	0.00951	0.00238	0.00317	0.03621	0.00480	0.00429
41	0.01012	0.00830	0.01319	0.42526	0.04648	0.00968	0.03580	0.01315	0.09556	0.01320	0.01060	0.01507	0.00866	0.00926	0.00982	0.25739	0.00593	0.00479	0.00265	0.00511
42	0.10436	0.51031	0.16580	0.01101	0.01600	0.01737	0.08169	0.01583	0.01063	0.01466	0.00794	0.00939	0.00667	0.00458	0.00389	0.00133	0.00610	0.00330	0.00237	0.00679
43	0.00747	0.00545	0.00774	0.00774	0.00845	0.00617	0.00572	0.00889	0.00818	0.01162	0.01453	0.02367	0.01441	0.22239	0.61492	0.00759	0.01185	0.00605	0.00288	0.00430
44	0.00639	0.00515	0.00570	0.00585	0.00725	0.00445	0.00428	0.00783	0.01201	0.01507	0.17095	0.18595	0.52422	0.01333	0.00624	0.00180	0.00268	0.01141	0.00499	0.00445
45	0.00993	0.00666	0.01071	0.09864	0.17077	0.00691	0.00797	0.00939	0.00823	0.01116	0.00922	0.01501	0.00865	0.01391	0.01556	0.58137	0.00513	0.00456	0.00233	0.00388
46	0.01096	0.00986	0.01562	0.71520	0.03365	0.01209	0.01395	0.09822	0.01200	0.01550	0.00962	0.01373	0.00716	0.00532	0.00521	0.00172	0.00681	0.00463	0.00264	0.00613
47	0.85377	0.01007	0.00765	0.00685	0.01007	0.01168	0.00564	0.01531	0.00886	0.02336	0.00725	0.00846	0.00564	0.00483	0.00322	0.00161	0.00403	0.00282	0.00322	0.00564
48	0.01125	0.01107	0.01647	0.17608	0.10500	0.01466	0.01253	0.01308	0.00891	0.01319	0.00766	0.01207	0.00702	0.00782	0.01334	0.00209	0.55488	0.00458	0.00232	0.00600
49	0.01392	0.82012	0.02729	0.00891	0.01337	0.02061	0.00891	0.01559	0.01058	0.01225	0.00724	0.00835	0.00668	0.00446	0.00334	0.00111	0.00557	0.00278	0.00223	0.00668
50	0.01080	0.00926	0.01080	0.00771	0.01234	0.00694	0.00617	0.01311	0.01080	0.01697	0.00926	0.01080	0.00771	0.00386	0.00386	0.00077	0.00386	0.00309	0.00309	0.84882
51	0.01295	0.01119	0.01178	0.01060	0.01354	0.01295	0.00824	0.02767	0.77509	0.02178	0.02120	0.01943	0.01590	0.00707	0.00530	0.00177	0.00412	0.00589	0.00530	0.00824
52	0.01877	0.01331	0.01449	0.01142	0.01533	0.01464	0.00933	0.54162	0.17571	0.10754	0.01508	0.01444	0.01069	0.00644	0.00523	0.00161	0.00527	0.00499	0.00535	0.00873
53	0.00899	0.00562	0.00741	0.00693	0.00835	0.00513	0.00520	0.01123	0.01422	0.10337	0.61424	0.12386	0.04354	0.01083	0.00610	0.00169	0.00273	0.00957	0.00571	0.00527
54	0.02336	0.00886	0.01209	0.00927	0.01329	0.00765	0.00765	0.02538	0.01491	0.78810	0.02055	0.01773	0.01289	0.00645	0.00524	0.00161	0.00443	0.00524	0.00645	0.00886
55	0.00726	0.00532	0.00680	0.00643	0.00771	0.00486	0.00482	0.00961	0.01447	0.02024	0.71312	0.03996	0.11817	0.01089	0.00614	0.00165	0.00247	0.00957	0.00565	0.00486
56	0.00794	0.00559	0.00748	0.00842	0.00923	0.00555	0.00676	0.00961	0.01074	0.01407	0.02525	0.15308	0.02812	0.19223	0.01139	0.00295	0.00462	0.48817	0.00444	0.00436
57	0.01429	0.00939	0.01090	0.00974	0.01244	0.01010	0.00770	0.02306	0.44052	0.18935	0.02115	0.02340	0.03001	0.00885	0.00692	0.08151	0.00427	0.08381	0.00521	0.00738
58	0.01045	0.02694	0.79000	0.01484	0.02254	0.01209	0.01924	0.01649	0.01099	0.01649	0.00935	0.01099	0.00660	0.00495	0.00495	0.00165	0.00770	0.00385	0.00220	0.00770

[dist]
# distance from previous block
# <min> <max>
0	1

[block]
# block no. 3 follows, 47 sequences, length 114
# corresponding to MSA columns:
# 642-745,747-756
name=unknown_D
#
# <colnr> <probs for GDERKNQSTAVLIFYWHMCP>
#	G	D	E	R	K	N	Q	S	T	A	V	L	I	F	Y	W	H	M	C	P
0	0.01392	0.82012	0.02729	0.00891	0.01337	0.02061	0.00891	0.01559	0.01058	0.01225	0.00724	0.00835	0.00668	0.00446	0.00334	0.00111	0.00557	0.00278	0.00223	0.00668
1	0.65955	0.01019	0.00873	0.00763	0.01091	0.01156	0.00623	0.03433	0.09994	0.09413	0.01024	0.01070	0.00759	0.00528	0.00370	0.00163	0.00411	0.00345	0.00381	0.00632
2	0.18740	0.00910	0.01121	0.00879	0.01266	0.00845	0.00726	0.02339	0.01371	0.63704	0.01792	0.01589	0.01146	0.00613	0.00484	0.00161	0.00435	0.00476	0.00581	0.00823
3	0.02336	0.00886	0.01209	0.00927	0.01329	0.00765	0.00765	0.02538	0.01491	0.78810	0.02055	0.01773	0.01289	0.00645	0.00524	0.00161	0.00443	0.00524	0.00645	0.00886
4	0.00748	0.00530	0.00686	0.00647	0.00770	0.00491	0.00485	0.00993	0.01456	0.02082	0.74635	0.03800	0.04748	0.01043	0.00603	0.00162	0.00246	0.00921	0.04463	0.00491
5	0.01550	0.00966	0.01120	0.00978	0.01276	0.01024	0.00765	0.02454	0.44254	0.26525	0.02187	0.11234	0.01712	0.00796	0.00544	0.00176	0.00409	0.00673	0.00561	0.00797
6	0.85377	0.01007	0.00765	0.00685	0.01007	0.01168	0.00564	0.01531	0.00886	0.02336	0.00725	0.00846	0.00564	0.00483	0.00322	0.00161	0.00403	0.00282	0.00322	0.00564
7	0.00674	0.00457	0.00590	0.00697	0.00738	0.00430	0.00469	0.00783	0.01008	0.01401	0.02732	0.72012	0.03196	0.01511	0.00629	0.00201	0.00295	0.01363	0.10381	0.00430
8	0.26679	0.00821	0.00924	0.00778	0.01072	0.00807	0.00622	0.01787	0.01256	0.34815	0.15537	0.05442	0.03074	0.03490	0.00560	0.00176	0.00388	0.00586	0.00515	0.00672
9	0.00617	0.00520	0.00536	0.00548	0.00709	0.00438	0.00405	0.00745	0.01167	0.01399	0.05023	0.13030	0.70383	0.01352	0.00621	0.00180	0.00268	0.01139	0.00484	0.00438
10	0.02336	0.00886	0.01209	0.00927	0.01329	0.00765	0.00765	0.02538	0.01491	0.78810	0.02055	0.01773	0.01289	0.00645	0.00524	0.00161	0.00443	0.00524	0.00645	0.00886
11	0.36282	0.00963	0.01023	0.00843	0.01200	0.00993	0.00690	0.02152	0.10189	0.38418	0.01517	0.01412	0.01027	0.00586	0.00442	0.00163	0.00423	0.00432	0.00499	0.00747
12	0.10668	0.00910	0.01090	0.00899	0.01242	0.00890	0.00730	0.02309	0.17370	0.46186	0.02091	0.02006	0.04898	0.00698	0.00510	0.00167	0.00419	0.03075	0.03050	0.00793
13	0.01953	0.01195	0.01357	0.01054	0.01423	0.01255	0.00855	0.47523	0.01997	0.24644	0.01521	0.01626	0.01107	0.09145	0.00745	0.00194	0.00529	0.00515	0.00535	0.00826
14	0.00765	0.00585	0.00718	0.00791	0.00874	0.00595	0.00551	0.01129	0.16111	0.01497	0.02722	0.65671	0.03078	0.01449	0.00638	0.00205	0.00324	0.01304	0.00493	0.00502
15	0.00805	0.00576	0.00740	0.00729	0.00852	0.00564	0.00542	0.01104	0.07409	0.04080	0.42485	0.20820	0.06063	0.01426	0.07928	0.00239	0.00388	0.02219	0.00520	0.00510
16	0.02016	0.00807	0.01078	0.00867	0.01203	0.00712	0.00700	0.02229	0.02561	0.62393	0.02108	0.10149	0.01524	0.00746	0.00524	0.00163	0.00409	0.00622	0.08391	0.00800
17	0.01069	0.00711	0.00849	0.00756	0.00948	0.00714	0.00584	0.08353	0.10864	0.08008	0.46943	0.03017	0.03437	0.00894	0.00559	0.00159	0.00311	0.00769	0.10456	0.00598
18	0.01286	0.01452	0.05068	0.04902	0.08679	0.25019	0.07782	0.01471	0.01102	0.01318	0.00982	0.01368	0.00860	0.01427	0.18398	0.08146	0.09459	0.00453	0.00257	0.00570
19	0.01228	0.00741	0.00930	0.04045	0.01135	0.00743	0.00670	0.01649	0.15376	0.20038	0.14823	0.06888	0.08485	0.09551	0.04231	0.00241	0.00445	0.07651	0.00508	0.00622
20	0.01295	0.01119	0.01178	0.01060	0.01354	0.01295	0.00824	0.02767	0.77509	0.02178	0.02120	0.01943	0.01590	0.00707	0.00530	0.00177	0.00412	0.00589	0.00530	0.00824
21	0.85377	0.01007	0.00765	0.00685	0.01007	0.01168	0.00564	0.01531	0.00886	0.02336	0.00725	0.00846	0.00564	0.00483	0.00322	0.00161	0.00403	0.00282	0.00322	0.00564
22	0.01749	0.02181	0.01563	0.01374	0.01648	0.64060	0.08893	0.01911	0.01406	0.01321	0.01022	0.08428	0.00940	0.00628	0.00503	0.00146	0.00874	0.00471	0.00288	0.00597
23	0.03064	0.00912	0.01123	0.00829	0.01266	0.00730	0.00673	0.01782	0.01233	0.31064	0.01352	0.01339	0.00965	0.00486	0.00437	0.00111	0.00408	0.00390	0.00437	0.51400
24	0.00746	0.00615	0.00757	0.00767	0.00901	0.00626	0.00624	0.00912	0.01117	0.01416	0.03718	0.04576	0.41581	0.01549	0.08070	0.00261	0.08882	0.21980	0.00437	0.00467
25	0.00778	0.00535	0.00803	0.00803	0.00876	0.00608	0.00608	0.00876	0.00803	0.01144	0.01290	0.01946	0.01217	0.03455	0.62957	0.18893	0.01192	0.00535	0.00268	0.00414
26	0.01392	0.82012	0.02729	0.00891	0.01337	0.02061	0.00891	0.01559	0.01058	0.01225	0.00724	0.00835	0.00668	0.00446	0.00334	0.00111	0.00557	0.00278	0.00223	0.00668
27	0.01504	0.00986	0.01174	0.00865	0.01307	0.00832	0.00702	0.11469	0.01359	0.20706	0.01243	0.01271	0.00913	0.00480	0.00437	0.00108	0.00424	0.00382	0.00418	0.53419
28	0.00667	0.00538	0.00603	0.00640	0.00791	0.00474	0.00501	0.00819	0.01174	0.01434	0.04521	0.11341	0.55469	0.01371	0.00643	0.00193	0.00315	0.17576	0.00483	0.00447
29	0.85377	0.01007	0.00765	0.00685	0.01007	0.01168	0.00564	0.01531	0.00886	0.02336	0.00725	0.00846	0.00564	0.00483	0.00322	0.00161	0.00403	0.00282	0.00322	0.00564
30	0.01980	0.01459	0.01563	0.01198	0.01615	0.01615	0.00990	0.76713	0.02448	0.03282	0.01250	0.01250	0.00886	0.00625	0.00521	0.00156	0.00573	0.00469	0.00521	0.00886
31	0.00615	0.00528	0.00528	0.00528	0.00703	0.00440	0.00396	0.00747	0.01187	0.01407	0.05276	0.05012	0.78238	0.01319	0.00615	0.00176	0.00264	0.01099	0.00484	0.00440
32	0.01156	0.00691	0.00821	0.00720	0.00948	0.00633	0.00561	0.08231	0.01434	0.18985	0.22270	0.07328	0.32049	0.01056	0.00588	0.00169	0.00330	0.00892	0.00545	0.00592
33	0.00737	0.00532	0.00696	0.00655	0.00778	0.00491	0.00491	0.00983	0.01474	0.02088	0.78175	0.03890	0.04914	0.01065	0.00614	0.00164	0.00246	0.00942	0.00573	0.00491
34	0.85377	0.01007	0.00765	0.00685	0.01007	0.01168	0.00564	0.01531	0.00886	0.02336	0.00725	0.00846	0.00564	0.00483	0.00322	0.00161	0.00403	0.00282	0.00322	0.00564
35	0.15344	0.01801	0.01191	0.01113	0.01335	0.48876	0.00834	0.01698	0.01265	0.01459	0.01196	0.16815	0.01202	0.00755	0.00519	0.00157	0.03005	0.00556	0.00319	0.00561
36	0.00634	0.00454	0.00603	0.00722	0.00754	0.00423	0.00482	0.00725	0.01000	0.01331	0.02911	0.80056	0.04720	0.01626	0.00664	0.00211	0.00301	0.01474	0.00483	0.00423
37	0.00675	0.00482	0.00651	0.00771	0.00819	0.00458	0.00554	0.00795	0.01037	0.01375	0.02848	0.66448	0.03356	0.01593	0.00675	0.00217	0.00337	0.15992	0.00483	0.00434
38	0.85377	0.01007	0.00765	0.00685	0.01007	0.01168	0.00564	0.01531	0.00886	0.02336	0.00725	0.00846	0.00564	0.00483	0.00322	0.00161	0.00403	0.00282	0.00322	0.00564
39	0.15222	0.00687	0.00842	0.00862	0.01045	0.00693	0.00726	0.01298	0.01204	0.10834	0.11405	0.07868	0.02638	0.01149	0.00614	0.00207	0.00426	0.41258	0.00484	0.00540
40	0.00779	0.00600	0.00719	0.00678	0.00831	0.00576	0.00512	0.01146	0.10365	0.01964	0.54825	0.03882	0.19007	0.01073	0.00605	0.00168	0.00269	0.00931	0.00550	0.00520
41	0.02336	0.00886	0.01209	0.00927	0.01329	0.00765	0.00765	0.02538	0.01491	0.78810	0.02055	0.01773	0.01289	0.00645	0.00524	0.00161	0.00443	0.00524	0.00645	0.00886
42	0.00647	0.00514	0.00585	0.00627	0.00756	0.00452	0.00465	0.00784	0.01151	0.01434	0.07993	0.25573	0.47540	0.01402	0.00638	0.00191	0.00293	0.08025	0.00488	0.00441
43	0.00951	0.00641	0.00922	0.00804	0.00907	0.00631	0.08404	0.01038	0.00884	0.08300	0.01588	0.02886	0.01652	0.56511	0.11300	0.00478	0.00643	0.00697	0.00336	0.00427
44	0.00634	0.00453	0.00604	0.00725	0.00755	0.00423	0.00483	0.00725	0.00997	0.01329	0.02870	0.81358	0.03444	0.01632	0.00665	0.00211	0.00302	0.01480	0.00483	0.00423
45	0.00639	0.00535	0.00560	0.00573	0.00743	0.00456	0.00442	0.00782	0.01188	0.01423	0.05011	0.05102	0.70336	0.01331	0.00626	0.00183	0.00286	0.08855	0.00483	0.00444
46	0.01265	0.01437	0.02586	0.17552	0.02762	0.10499	0.52830	0.01650	0.01221	0.01555	0.00999	0.01347	0.00757	0.00467	0.00579	0.00170	0.00849	0.00552	0.00258	0.00666
47	0.01222	0.01153	0.01514	0.55465	0.02937	0.08483	0.01287	0.10422	0.09278	0.01644	0.01078	0.01389	0.00809	0.00554	0.00517	0.00168	0.00673	0.00465	0.00300	0.00643
48	0.01945	0.02482	0.01476	0.01342	0.01610	0.79608	0.01006	0.02079	0.01476	0.01275	0.00805	0.00939	0.00671	0.00537	0.00470	0.00134	0.00939	0.00335	0.00268	0.00604
49	0.01002	0.00928	0.01553	0.64980	0.11217	0.01114	0.01406	0.01335	0.01071	0.01391	0.01101	0.01793	0.00921	0.00600	0.00538	0.00178	0.00666	0.07353	0.00257	0.00595
50	0.01053	0.01029	0.01540	0.16951	0.01796	0.01358	0.04614	0.01226	0.00889	0.01297	0.01006	0.10641	0.01016	0.00897	0.01301	0.00213	0.51768	0.00585	0.00260	0.00560
51	0.01824	0.00760	0.01011	0.00832	0.01111	0.00674	0.00643	0.01973	0.01288	0.54324	0.02069	0.11461	0.01662	0.16771	0.00960	0.00235	0.00439	0.00682	0.00561	0.00719
52	0.00634	0.00453	0.00604	0.00725	0.00755	0.00423	0.00483	0.00725	0.00997	0.01329	0.02870	0.81358	0.03444	0.01632	0.00665	0.00211	0.00302	0.01480	0.00483	0.00423
53	0.00654	0.00547	0.00641	0.07966	0.00982	0.00502	0.00513	0.00796	0.01130	0.01382	0.04326	0.22051	0.54043	0.01316	0.00618	0.00184	0.00312	0.01127	0.00460	0.00449
54	0.85377	0.01007	0.00765	0.00685	0.01007	0.01168	0.00564	0.01531	0.00886	0.02336	0.00725	0.00846	0.00564	0.00483	0.00322	0.00161	0.00403	0.00282	0.00322	0.00564
55	0.01032	0.01020	0.01860	0.64989	0.03416	0.01189	0.16283	0.01397	0.01078	0.01397	0.00951	0.01392	0.00713	0.00505	0.00539	0.00174	0.00731	0.00493	0.00238	0.00603
56	0.02255	0.01017	0.01289	0.00988	0.01394	0.00959	0.00816	0.19419	0.01709	0.61622	0.01871	0.01654	0.01197	0.00640	0.00523	0.00160	0.00473	0.00511	0.00616	0.00886
57	0.00721	0.00552	0.00681	0.00750	0.00883	0.00511	0.00611	0.00898	0.01170	0.01468	0.03829	0.14395	0.34673	0.01411	0.00669	0.00210	0.00368	0.35263	0.00482	0.00456
58	0.11227	0.61444	0.13109	0.00949	0.01425	0.01837	0.00996	0.01569	0.01044	0.01415	0.00753	0.00873	0.00655	0.00457	0.00355	0.00125	0.00568	0.00294	0.00234	0.00670
59	0.01278	0.48254	0.14287	0.00977	0.01478	0.01578	0.02154	0.01533	0.01079	0.02648	0.00830	0.00957	0.00703	0.00442	0.00379	0.00114	0.00554	0.00311	0.00250	0.20194
60	0.01346	0.10881	0.09002	0.01471	0.07464	0.07549	0.10189	0.01584	0.01096	0.09555	0.04532	0.01337	0.00972	0.00728	0.02269	0.00190	0.28404	0.00470	0.00297	0.00666
61	0.01286	0.52793	0.05830	0.01181	0.10397	0.01689	0.00974	0.01619	0.08191	0.01480	0.09027	0.01324	0.01217	0.00539	0.00410	0.00130	0.00528	0.00404	0.00292	0.00687
62	0.00883	0.00866	0.09110	0.01036	0.01213	0.00750	0.00963	0.01150	0.01166	0.01567	0.06292	0.04832	0.02637	0.01271	0.00782	0.00227	0.07923	0.56378	0.00434	0.00519
63	0.08974	0.16017	0.20942	0.15580	0.03379	0.01378	0.15869	0.04842	0.01144	0.01644	0.00962	0.01291	0.00766	0.00521	0.00513	0.00162	0.02455	0.02621	0.00262	0.00678
64	0.01151	0.01030	0.01627	0.39384	0.25677	0.01151	0.01332	0.09287	0.01284	0.01737	0.10067	0.01638	0.01250	0.00579	0.00530	0.00165	0.00606	0.00520	0.00310	0.00675
65	0.00691	0.00531	0.00633	0.00607	0.00750	0.00472	0.00455	0.00894	0.01366	0.01833	0.50829	0.04311	0.32419	0.01160	0.00615	0.00168	0.00252	0.01001	0.00540	0.00472
66	0.00731	0.00553	0.00684	0.00736	0.00826	0.00540	0.00518	0.01018	0.10110	0.01585	0.17839	0.50923	0.09186	0.01387	0.00635	0.00195	0.00301	0.01240	0.00507	0.00485
