[name]
unknown

[dist]
# distance from previous block
# <min> <max>
0	104

[block]
# block no. 0 follows, 48 sequences, length 125
# corresponding to MSA columns:
# 137-160,184-278,280-285
name=unknown_A
#
# <colnr> <probs for GDERKNQSTAVLIFYWHMCP>
#	G	D	E	R	K	N	Q	S	T	A	V	L	I	F	Y	W	H	M	C	P
0	0.03237	0.00979	0.01409	0.58011	0.02878	0.04618	0.01216	0.02931	0.01091	0.01453	0.03139	0.01421	0.00846	0.00524	0.00491	0.00155	0.00624	0.01536	0.00262	0.13177
1	0.05216	0.01124	0.05427	0.00904	0.01354	0.00943	0.00773	0.18421	0.01400	0.09918	0.01088	0.01162	0.00822	0.00469	0.00427	0.00110	0.00448	0.00364	0.00380	0.49249
2	0.01866	0.02359	0.01449	0.01350	0.03569	0.75605	0.00992	0.02006	0.01447	0.01289	0.03006	0.01017	0.00784	0.00542	0.00468	0.00134	0.00898	0.00351	0.00273	0.00597
3	0.00665	0.00548	0.00624	0.02664	0.00807	0.00499	0.00465	0.00832	0.01236	0.01573	0.25993	0.04420	0.53166	0.01196	0.00634	0.00171	0.02561	0.01004	0.00488	0.00455
4	0.00738	0.00599	0.02751	0.00724	0.03010	0.00519	0.00540	0.00976	0.01396	0.01953	0.65861	0.03789	0.11799	0.02334	0.00632	0.00168	0.00272	0.00913	0.00534	0.00493
5	0.01464	0.01211	0.01452	0.01192	0.01534	0.01341	0.08590	0.27230	0.40799	0.02418	0.01734	0.03816	0.01343	0.00687	0.00536	0.00170	0.00504	0.02690	0.00490	0.00800
6	0.01016	0.02539	0.75032	0.01424	0.02145	0.01157	0.01824	0.01586	0.01077	0.01606	0.00990	0.01276	0.00747	0.02632	0.00549	0.00173	0.00743	0.02518	0.00226	0.00739
7	0.02292	0.00889	0.01201	0.00920	0.01318	0.00778	0.00760	0.04589	0.01495	0.76996	0.02002	0.01732	0.01259	0.00635	0.00516	0.00159	0.00440	0.00514	0.00632	0.00873
8	0.59425	0.01116	0.01000	0.03099	0.01235	0.01276	0.00700	0.22960	0.01315	0.02538	0.00867	0.00962	0.00649	0.00517	0.00379	0.00158	0.00453	0.00335	0.00371	0.00646
9	0.00639	0.00464	0.00599	0.00685	0.00739	0.00428	0.00466	0.00749	0.01055	0.01406	0.12637	0.63055	0.10532	0.03116	0.00683	0.00205	0.00291	0.01342	0.00484	0.00425
10	0.01305	0.01147	0.01588	0.02468	0.01651	0.01106	0.16498	0.16361	0.15810	0.02053	0.01222	0.01328	0.00936	0.00498	0.00481	0.00131	0.00526	0.00451	0.00375	0.34063
11	0.01276	0.01102	0.01160	0.01044	0.01334	0.01276	0.00812	0.02727	0.77840	0.02146	0.02088	0.01914	0.01566	0.00696	0.00522	0.00174	0.00406	0.00580	0.00522	0.00812
12	0.00969	0.00912	0.01539	0.80734	0.03534	0.01140	0.01425	0.01311	0.01026	0.01311	0.00912	0.01368	0.00684	0.00513	0.00513	0.00171	0.00684	0.00456	0.00228	0.00570
13	0.00935	0.00552	0.00722	0.00724	0.00844	0.00509	0.00531	0.01084	0.01174	0.13368	0.21180	0.32391	0.06645	0.09327	0.00820	0.00219	0.00339	0.07634	0.00505	0.00498
14	0.33639	0.01540	0.01191	0.01077	0.03414	0.26293	0.00825	0.12713	0.09107	0.02041	0.00959	0.01050	0.00748	0.00547	0.00457	0.00153	0.02893	0.00362	0.00345	0.00647
15	0.01284	0.01384	0.02845	0.02045	0.02542	0.01333	0.67557	0.09298	0.01324	0.01796	0.01050	0.01363	0.00786	0.00461	0.00619	0.00172	0.02560	0.00588	0.00285	0.00708
16	0.00891	0.00446	0.00668	0.00668	0.00668	0.00446	0.00446	0.00668	0.00668	0.00891	0.00891	0.01560	0.00891	0.01783	0.02005	0.85071	0.00446	0.00446	0.00223	0.00223
17	0.00864	0.00446	0.00661	0.00673	0.00676	0.00443	0.00449	0.00673	0.00700	0.00934	0.01088	0.09696	0.01146	0.01765	0.01868	0.76448	0.00431	0.00549	0.00249	0.00243
18	0.04639	0.07810	0.30209	0.01198	0.01721	0.07778	0.01246	0.18604	0.01482	0.18685	0.01195	0.01218	0.00832	0.00547	0.00480	0.00153	0.00631	0.00412	0.00381	0.00780
19	0.31925	0.01227	0.01192	0.00962	0.01327	0.04636	0.00788	0.33562	0.03829	0.14119	0.01171	0.01173	0.00829	0.00567	0.00442	0.00156	0.00496	0.00402	0.00451	0.00746
20	0.00728	0.00645	0.00841	0.00739	0.00947	0.00582	0.08206	0.00989	0.06010	0.01565	0.16021	0.04215	0.54337	0.01135	0.00601	0.00171	0.00328	0.00979	0.00471	0.00491
21	0.01069	0.00916	0.01066	0.00766	0.01219	0.00697	0.00612	0.01323	0.02707	0.01682	0.00937	0.01082	0.00777	0.00387	0.00383	0.00078	0.00381	0.00310	0.00309	0.83300
22	0.00811	0.00518	0.00586	0.00571	0.00622	0.00500	0.00351	0.00857	0.00877	0.04838	0.05155	0.03434	0.11593	0.61029	0.02077	0.00410	0.00443	0.00773	0.04186	0.00368
23	0.00639	0.00484	0.00584	0.00636	0.00725	0.00435	0.00444	0.00762	0.01108	0.01441	0.15429	0.42363	0.27544	0.04078	0.00696	0.00199	0.00284	0.01232	0.00485	0.00429
24	0.01276	0.01102	0.01160	0.01044	0.01334	0.01276	0.00812	0.02727	0.77840	0.02146	0.02088	0.01914	0.01566	0.00696	0.00522	0.00174	0.00406	0.00580	0.00522	0.00812
25	0.05853	0.01268	0.01363	0.01061	0.01436	0.01381	0.00873	0.59009	0.02118	0.09926	0.01324	0.01329	0.00939	0.00609	0.00489	0.00151	0.00512	0.00460	0.09081	0.00818
26	0.26024	0.00879	0.00953	0.00799	0.01100	0.00900	0.00648	0.10717	0.01330	0.28306	0.05967	0.05284	0.01369	0.00671	0.00455	0.00158	0.00400	0.02523	0.10840	0.00679
27	0.00725	0.00548	0.00673	0.00644	0.00778	0.00509	0.00481	0.00996	0.05005	0.01900	0.57418	0.07472	0.18727	0.01105	0.00604	0.00166	0.00256	0.00965	0.00542	0.00487
28	0.00715	0.00534	0.00666	0.00653	0.00774	0.00496	0.00482	0.00963	0.04207	0.01853	0.53786	0.15520	0.15124	0.01155	0.00610	0.00171	0.00259	0.01016	0.00537	0.00479
29	0.03376	0.00564	0.00651	0.00622	0.00785	0.00504	0.00462	0.01007	0.01215	0.10039	0.22016	0.12733	0.36821	0.06029	0.00714	0.00192	0.00298	0.00981	0.00501	0.00488
30	0.00771	0.00603	0.00710	0.00685	0.00833	0.00585	0.00511	0.01154	0.12919	0.01836	0.41939	0.12257	0.21024	0.01113	0.00598	0.00171	0.00277	0.00968	0.00529	0.00515
31	0.00956	0.00478	0.00478	0.00478	0.00598	0.00478	0.00359	0.01196	0.01076	0.01913	0.01674	0.01913	0.01315	0.00598	0.00359	0.00120	0.00239	0.00478	0.84816	0.00478
32	0.57402	0.00957	0.00852	0.00743	0.01042	0.01071	0.00603	0.07787	0.04608	0.06763	0.12492	0.01415	0.01308	0.00592	0.00397	0.00159	0.00390	0.00417	0.00398	0.00601
33	0.01399	0.00739	0.00917	0.00777	0.01036	0.00687	0.00613	0.03813	0.08795	0.31586	0.24808	0.02960	0.16178	0.02593	0.00603	0.00171	0.00350	0.00747	0.00565	0.00664
34	0.00745	0.00613	0.00626	0.00589	0.00786	0.00552	0.00451	0.08495	0.01300	0.01585	0.05996	0.04543	0.69457	0.01226	0.00597	0.00171	0.00291	0.01017	0.00482	0.00479
35	0.00733	0.00550	0.00825	0.00825	0.00916	0.00641	0.00641	0.00916	0.00825	0.01191	0.01374	0.02016	0.01283	0.03848	0.79934	0.00825	0.01374	0.00550	0.00275	0.00458
36	0.00654	0.00472	0.00614	0.00683	0.00742	0.00437	0.00470	0.00783	0.01108	0.01500	0.22701	0.55423	0.07299	0.03721	0.00695	0.00203	0.00287	0.01282	0.00495	0.00432
37	0.00740	0.00528	0.00661	0.00633	0.00766	0.00477	0.00473	0.00949	0.01365	0.04035	0.56876	0.09368	0.18968	0.01125	0.00606	0.00167	0.00255	0.00983	0.00544	0.00480
38	0.09579	0.04513	0.04177	0.00562	0.00745	0.00653	0.00473	0.01263	0.01054	0.01906	0.01497	0.01714	0.01177	0.00573	0.00359	0.00125	0.00293	0.00444	0.68386	0.00507
39	0.00623	0.00454	0.00588	0.00695	0.00739	0.00418	0.00468	0.00717	0.01001	0.01318	0.03069	0.73839	0.11031	0.01576	0.00650	0.00205	0.00294	0.01420	0.00476	0.00418
40	0.00641	0.00453	0.00591	0.00694	0.00720	0.00427	0.00455	0.00719	0.00952	0.01269	0.02670	0.71403	0.03194	0.12109	0.00911	0.00246	0.00324	0.01366	0.00455	0.00403
41	0.00980	0.00714	0.00833	0.00762	0.00945	0.00726	0.00577	0.04651	0.19494	0.06229	0.37089	0.06762	0.11354	0.05732	0.00697	0.00187	0.00325	0.00833	0.00528	0.00581
42	0.85592	0.00992	0.00754	0.00675	0.00992	0.01151	0.00556	0.01508	0.00873	0.02302	0.00714	0.00834	0.00556	0.00476	0.00318	0.00159	0.00397	0.00278	0.00318	0.00556
43	0.00735	0.00542	0.00786	0.00786	0.00864	0.00620	0.00593	0.00891	0.00813	0.01162	0.01410	0.02213	0.01368	0.15320	0.68579	0.00777	0.01246	0.00579	0.00280	0.00437
44	0.01372	0.82276	0.02689	0.00878	0.01317	0.02030	0.00878	0.01536	0.01043	0.01207	0.00713	0.00823	0.00658	0.00439	0.00329	0.00110	0.00549	0.00274	0.00219	0.00658
45	0.01800	0.09606	0.01605	0.01131	0.01528	0.01593	0.00943	0.59291	0.12514	0.02880	0.01295	0.01283	0.00945	0.00609	0.00496	0.00152	0.00541	0.00459	0.00485	0.00843
46	0.00744	0.00507	0.00609	0.00609	0.00626	0.00524	0.00372	0.00778	0.00761	0.01031	0.01572	0.03110	0.01758	0.67524	0.16907	0.00558	0.00660	0.00710	0.00304	0.00338
47	0.01232	0.02101	0.04151	0.02667	0.09150	0.02102	0.06373	0.05581	0.01194	0.16512	0.06898	0.03789	0.07118	0.03900	0.22772	0.00357	0.02478	0.00605	0.00389	0.00629
48	0.01089	0.10569	0.60994	0.01500	0.02193	0.01291	0.12146	0.01619	0.01097	0.01585	0.00916	0.01098	0.00669	0.00475	0.00488	0.00159	0.00752	0.00400	0.00223	0.00739
49	0.00662	0.00514	0.00601	0.00596	0.00731	0.00454	0.00441	0.00838	0.01277	0.01678	0.37626	0.12239	0.38066	0.01219	0.00611	0.00172	0.00256	0.01052	0.00516	0.00454
50	0.00956	0.00478	0.00478	0.00478	0.00598	0.00478	0.00359	0.01196	0.01076	0.01913	0.01674	0.01913	0.01315	0.00598	0.00359	0.00120	0.00239	0.00478	0.84816	0.00478
51	0.00742	0.00502	0.00591	0.00615	0.00630	0.00498	0.00381	0.00775	0.00815	0.01083	0.01857	0.11922	0.02138	0.65244	0.02210	0.00440	0.00474	0.08399	0.00345	0.00339
52	0.00940	0.00575	0.00744	0.00767	0.00862	0.00556	0.00541	0.07385	0.01114	0.09328	0.02373	0.56397	0.02657	0.02764	0.00813	0.09736	0.00354	0.01153	0.00464	0.00478
53	0.01074	0.00921	0.01069	0.00773	0.01222	0.00712	0.00618	0.01360	0.04710	0.01695	0.00968	0.01104	0.00798	0.00395	0.00387	0.00081	0.00381	0.00317	0.00314	0.81101
54	0.01671	0.05120	0.03744	0.01160	0.04925	0.01367	0.00921	0.51630	0.01948	0.05790	0.03227	0.01549	0.01090	0.09021	0.04312	0.00218	0.00588	0.00497	0.00454	0.00771
55	0.01811	0.02708	0.05765	0.01022	0.02587	0.00837	0.04258	0.02100	0.04944	0.50649	0.02922	0.03107	0.01297	0.01108	0.12186	0.00258	0.00611	0.00536	0.00517	0.00775
56	0.00723	0.00528	0.00656	0.00623	0.00759	0.00476	0.00468	0.00938	0.01384	0.03111	0.60147	0.05193	0.20883	0.01106	0.00605	0.00165	0.00250	0.00963	0.00545	0.00478
57	0.00843	0.00553	0.00663	0.00632	0.00795	0.00485	0.00474	0.01014	0.01278	0.10471	0.29718	0.13640	0.35171	0.01176	0.00602	0.00172	0.00279	0.01011	0.00525	0.00499
58	0.05803	0.05168	0.09433	0.01152	0.01595	0.01496	0.01028	0.57696	0.02076	0.06340	0.01183	0.01200	0.00841	0.00585	0.00491	0.00152	0.00567	0.00436	0.00462	0.02297
59	0.01108	0.01134	0.01846	0.41065	0.07049	0.05007	0.15214	0.01406	0.01037	0.01374	0.00881	0.01292	0.00705	0.00579	0.00779	0.00180	0.18026	0.00476	0.00236	0.00605
60	0.00800	0.00502	0.00594	0.00587	0.00604	0.00497	0.00348	0.00795	0.00795	0.03150	0.05063	0.04802	0.01917	0.66264	0.02361	0.09061	0.00475	0.00733	0.00326	0.00327
61	0.01193	0.01513	0.10779	0.02091	0.02635	0.01287	0.69281	0.01642	0.01198	0.01642	0.01026	0.01354	0.00765	0.00438	0.00594	0.00172	0.00854	0.00583	0.00255	0.00699
62	0.00723	0.00522	0.00683	0.00647	0.00766	0.00482	0.00484	0.00961	0.01439	0.02037	0.76376	0.06013	0.04801	0.01065	0.00607	0.00163	0.00244	0.00943	0.00562	0.00482
63	0.00733	0.00550	0.00825	0.00825	0.00916	0.00641	0.00641	0.00916	0.00825	0.01191	0.01374	0.02016	0.01283	0.03848	0.79934	0.00825	0.01374	0.00550	0.00275	0.00458
64	0.00969	0.00912	0.01539	0.80734	0.03534	0.01140	0.01425	0.01311	0.01026	0.01311	0.00912	0.01368	0.00684	0.00513	0.00513	0.00171	0.00684	0.00456	0.00228	0.00570
65	0.00809	0.00599	0.00667	0.00613	0.00791	0.00522	0.00442	0.00957	0.02716	0.05059	0.05329	0.07226	0.36913	0.20455	0.01051	0.00238	0.00350	0.01965	0.00422	0.12874
66	0.00731	0.00532	0.00728	0.00728	0.00795	0.00587	0.00527	0.00855	0.00817	0.01140	0.01631	0.02569	0.05133	0.27859	0.52281	0.00693	0.01051	0.00636	0.00296	0.00411
67	0.01362	0.01145	0.01208	0.01062	0.01367	0.01316	0.00833	0.12167	0.68259	0.02285	0.01980	0.01828	0.01478	0.00686	0.00521	0.00171	0.00426	0.00565	0.00521	0.00820
68	0.02040	0.01294	0.01452	0.01113	0.01520	0.01379	0.00919	0.58188	0.02174	0.22439	0.01432	0.01362	0.00973	0.00621	0.00514	0.00155	0.00532	0.00476	0.00544	0.00873
69	0.00696	0.00531	0.00596	0.00575	0.00736	0.00460	0.00433	0.00867	0.01276	0.03834	0.30511	0.04464	0.50807	0.01194	0.00603	0.00169	0.00259	0.01013	0.00512	0.00463
70	0.00648	0.00481	0.00595	0.00650	0.00727	0.00438	0.00450	0.00771	0.01103	0.01456	0.18137	0.45182	0.20095	0.05885	0.00743	0.00207	0.00290	0.01232	0.00485	0.00428
71	0.00732	0.00500	0.00556	0.00556	0.00573	0.00491	0.00319	0.00745	0.00789	0.01035	0.01981	0.03518	0.09658	0.73771	0.02408	0.00465	0.00473	0.00780	0.00328	0.00323
72	0.01123	0.01123	0.01572	0.01347	0.01347	0.01572	0.01123	0.01235	0.00786	0.01235	0.00674	0.01123	0.00674	0.00898	0.01684	0.00225	0.81028	0.00449	0.00225	0.00561
73	0.63930	0.01019	0.00903	0.00764	0.01103	0.01133	0.00630	0.09342	0.01124	0.14537	0.00974	0.01018	0.00701	0.00516	0.00369	0.00158	0.00420	0.00334	0.00388	0.00638
74	0.10449	0.01392	0.01460	0.01129	0.01530	0.01546	0.00933	0.69379	0.02256	0.03139	0.01179	0.01191	0.00840	0.00602	0.00493	0.00154	0.00548	0.00443	0.00493	0.00840
75	0.00633	0.00459	0.00594	0.00695	0.00741	0.00425	0.00470	0.00731	0.01012	0.01337	0.05386	0.69255	0.10203	0.03405	0.00695	0.00211	0.00300	0.02556	0.00475	0.00419
76	0.00631	0.00449	0.00594	0.00707	0.00736	0.00420	0.00469	0.00716	0.00972	0.01296	0.02773	0.78092	0.03325	0.05243	0.00743	0.00221	0.00307	0.01426	0.00469	0.00412
77	0.01123	0.01123	0.01572	0.01347	0.01347	0.01572	0.01123	0.01235	0.00786	0.01235	0.00674	0.01123	0.00674	0.00898	0.01684	0.00225	0.81028	0.00449	0.00225	0.00561
78	0.00705	0.00517	0.00661	0.00639	0.00757	0.00473	0.00474	0.00921	0.01380	0.01919	0.63956	0.11237	0.12196	0.01127	0.00610	0.00167	0.00249	0.00993	0.00548	0.00473
79	0.00832	0.00513	0.00677	0.00718	0.00801	0.00477	0.00505	0.00955	0.01096	0.09320	0.15156	0.50168	0.03256	0.08956	0.00819	0.00224	0.00329	0.04241	0.00491	0.00467
80	0.00746	0.00497	0.00560	0.00560	0.00560	0.00497	0.00311	0.00746	0.00746	0.00995	0.01617	0.03358	0.01865	0.81967	0.02612	0.00497	0.00497	0.00746	0.00311	0.00311
81	0.01917	0.02445	0.01454	0.01322	0.01586	0.79907	0.00991	0.02049	0.01454	0.01256	0.00793	0.00925	0.00661	0.00529	0.00463	0.00132	0.00925	0.00330	0.00264	0.00595
82	0.00827	0.00591	0.00827	0.00945	0.01063	0.00591	0.00827	0.01063	0.01181	0.01536	0.02717	0.05788	0.02953	0.01417	0.00709	0.00236	0.00472	0.75313	0.00472	0.00472
83	0.00665	0.00475	0.00641	0.00760	0.00807	0.00451	0.00545	0.00783	0.01021	0.01354	0.02806	0.66737	0.03307	0.01570	0.00665	0.00214	0.00332	0.15963	0.00476	0.00428
84	0.02202	0.00945	0.01224	0.00948	0.01340	0.00872	0.00780	0.10090	0.06338	0.66599	0.01948	0.01705	0.01248	0.00637	0.00516	0.00159	0.00448	0.00515	0.00616	0.00869
85	0.00643	0.00454	0.00590	0.00692	0.00717	0.00429	0.00452	0.00719	0.00947	0.01263	0.02649	0.70039	0.03167	0.13509	0.00945	0.00251	0.00327	0.01353	0.00452	0.00401
86	0.00823	0.00547	0.00713	0.00659	0.00799	0.00500	0.00499	0.01059	0.01445	0.06951	0.71538	0.03731	0.06709	0.01030	0.00600	0.00162	0.00255	0.00906	0.00567	0.00507
87	0.01064	0.00912	0.01064	0.00760	0.01216	0.00684	0.00608	0.01292	0.01064	0.01672	0.00912	0.01064	0.00760	0.00380	0.00380	0.00076	0.00380	0.00304	0.00304	0.85104
88	0.00663	0.00485	0.00631	0.00734	0.00801	0.00454	0.00534	0.00787	0.01048	0.01365	0.03133	0.55920	0.13681	0.01527	0.00659	0.00209	0.00327	0.16136	0.00476	0.00430
89	0.85592	0.00992	0.00754	0.00675	0.00992	0.01151	0.00556	0.01508	0.00873	0.02302	0.00714	0.00834	0.00556	0.00476	0.00318	0.00159	0.00397	0.00278	0.00318	0.00556
90	0.01831	0.01269	0.01392	0.01104	0.01479	0.01385	0.00904	0.51968	0.14566	0.12315	0.01521	0.01551	0.01104	0.00654	0.00517	0.00159	0.00513	0.02621	0.02304	0.00843
91	0.17322	0.02277	0.60521	0.01298	0.01955	0.01203	0.01595	0.05185	0.01106	0.01831	0.00896	0.01042	0.00642	0.00491	0.00456	0.00161	0.00680	0.00364	0.00250	0.00725
92	0.00629	0.00449	0.00600	0.00719	0.00751	0.00420	0.00483	0.00721	0.00986	0.01314	0.02826	0.80115	0.03385	0.01604	0.00656	0.00209	0.00301	0.02936	0.00476	0.00418
93	0.01029	0.02654	0.79309	0.01462	0.02221	0.01192	0.01896	0.01625	0.01083	0.01625	0.00921	0.01083	0.00650	0.00487	0.00487	0.00162	0.00758	0.00379	0.00217	0.00758
94	0.00969	0.00912	0.01539	0.80734	0.03534	0.01140	0.01425	0.01311	0.01026	0.01311	0.00912	0.01368	0.00684	0.00513	0.00513	0.00171	0.00684	0.00456	0.00228	0.00570
95	0.00616	0.00519	0.00534	0.00533	0.00700	0.00437	0.00399	0.00753	0.01187	0.01435	0.10608	0.06506	0.71448	0.01287	0.00607	0.00173	0.00259	0.01079	0.00483	0.00437
96	0.00805	0.00578	0.00799	0.00913	0.01021	0.00577	0.00775	0.01041	0.02481	0.01513	0.02722	0.16864	0.02994	0.01433	0.00698	0.00231	0.00446	0.63167	0.00474	0.00470
97	0.85592	0.00992	0.00754	0.00675	0.00992	0.01151	0.00556	0.01508	0.00873	0.02302	0.00714	0.00834	0.00556	0.00476	0.00318	0.00159	0.00397	0.00278	0.00318	0.00556
98	0.01935	0.01430	0.01531	0.01177	0.01585	0.01584	0.00972	0.75348	0.04145	0.03209	0.01252	0.01248	0.00889	0.00618	0.00513	0.00154	0.00561	0.00465	0.00513	0.00871
99	0.00707	0.00524	0.00659	0.00625	0.00755	0.00476	0.00469	0.00931	0.01407	0.01950	0.66712	0.04010	0.16693	0.01089	0.00605	0.00163	0.00245	0.00953	0.00551	0.00476
100	0.00969	0.00912	0.01539	0.80734	0.03534	0.01140	0.01425	0.01311	0.01026	0.01311	0.00912	0.01368	0.00684	0.00513	0.00513	0.00171	0.00684	0.00456	0.00228	0.00570
101	0.00668	0.00481	0.00651	0.00736	0.00784	0.00478	0.00517	0.00779	0.00950	0.01279	0.02490	0.54216	0.04126	0.07944	0.16214	0.00351	0.00532	0.05959	0.00425	0.00421
102	0.00843	0.00522	0.00684	0.00743	0.00820	0.00491	0.00516	0.02847	0.01058	0.09251	0.02622	0.64155	0.03000	0.06809	0.00769	0.00222	0.00337	0.03360	0.00482	0.00469
103	0.00807	0.00650	0.00933	0.00892	0.00956	0.00798	0.00693	0.00956	0.00808	0.01177	0.01272	0.02003	0.01236	0.12207	0.56558	0.00676	0.16094	0.00553	0.00270	0.00461
104	0.00855	0.00559	0.00700	0.00710	0.00845	0.00516	0.00531	0.01061	0.04084	0.09444	0.19444	0.30821	0.19517	0.01272	0.00619	0.00187	0.00311	0.07507	0.00513	0.00501
105	0.00776	0.00631	0.00706	0.00708	0.00880	0.00613	0.00554	0.01165	0.14616	0.01610	0.11557	0.07921	0.40875	0.01203	0.00612	0.00185	0.00323	0.14062	0.00493	0.00511
106	0.00696	0.00507	0.00591	0.00605	0.00699	0.00463	0.00418	0.00809	0.01083	0.02528	0.17345	0.19687	0.28134	0.21554	0.01120	0.00260	0.00330	0.02304	0.00454	0.00416
107	0.00627	0.00453	0.00589	0.00696	0.00735	0.00420	0.00465	0.00717	0.00989	0.01306	0.02967	0.73779	0.08862	0.03875	0.00707	0.00214	0.00301	0.01411	0.00472	0.00415
108	0.00647	0.00458	0.00602	0.00709	0.00740	0.00433	0.00475	0.00733	0.00967	0.01288	0.02700	0.70243	0.03218	0.09764	0.00856	0.00239	0.00326	0.04732	0.00459	0.00409
109	0.02302	0.00873	0.01191	0.00913	0.01310	0.00754	0.00754	0.02501	0.01469	0.79122	0.02024	0.01746	0.01270	0.00635	0.00516	0.00159	0.00437	0.00516	0.00635	0.00873
110	0.01165	0.00941	0.01023	0.00924	0.01177	0.01042	0.00716	0.03779	0.52638	0.04868	0.14680	0.04301	0.08891	0.00823	0.00546	0.00172	0.00369	0.00696	0.00528	0.00720
111	0.01712	0.01307	0.01397	0.01127	0.01494	0.01464	0.00913	0.48951	0.29708	0.04053	0.01555	0.01487	0.01130	0.00645	0.00517	0.00161	0.00505	0.00506	0.00518	0.00851
112	0.01919	0.02390	0.01459	0.01314	0.01587	0.75630	0.00991	0.06146	0.01506	0.01364	0.00817	0.00942	0.00672	0.00534	0.00465	0.00133	0.00906	0.00338	0.00278	0.00610
113	0.06060	0.00895	0.01181	0.00910	0.01303	0.00796	0.00751	0.04580	0.01469	0.73485	0.01942	0.01690	0.01226	0.00627	0.00507	0.00159	0.00438	0.00504	0.00617	0.00859
114	0.00644	0.00518	0.00576	0.00590	0.00728	0.00455	0.00431	0.00812	0.02685	0.01504	0.17572	0.19480	0.49583	0.01303	0.00614	0.00178	0.00267	0.01118	0.00493	0.00446
115	0.00679	0.00482	0.00567	0.00611	0.00649	0.00457	0.00385	0.00733	0.00901	0.01174	0.02632	0.32733	0.14523	0.39350	0.01567	0.00339	0.00386	0.01064	0.00399	0.00370
116	0.01139	0.01226	0.05091	0.01352	0.01393	0.03544	0.01154	0.01273	0.00816	0.01253	0.00688	0.01116	0.00672	0.00870	0.01599	0.00219	0.75357	0.00443	0.00225	0.00571
117	0.00700	0.00534	0.00651	0.00708	0.00798	0.00514	0.00497	0.00951	0.08876	0.01493	0.11762	0.52082	0.15709	0.01401	0.00628	0.00194	0.00296	0.01247	0.00491	0.00467
118	0.13155	0.00589	0.00639	0.00672	0.00788	0.00591	0.00475	0.00971	0.05620	0.01521	0.06228	0.38553	0.17154	0.09743	0.00791	0.00221	0.00330	0.01062	0.00442	0.00456
119	0.00787	0.00552	0.00599	0.00574	0.00759	0.00468	0.00433	0.00924	0.01195	0.09301	0.07604	0.08012	0.63061	0.02635	0.00634	0.00179	0.00283	0.01030	0.00493	0.00477
120	0.02274	0.00879	0.01190	0.00916	0.01310	0.00768	0.00756	0.02507	0.03532	0.77042	0.02026	0.01751	0.01278	0.00637	0.00516	0.00159	0.00436	0.00518	0.00632	0.00872
121	0.00870	0.00608	0.00774	0.00774	0.00872	0.00631	0.00557	0.09688	0.01111	0.03471	0.05734	0.35915	0.02386	0.13819	0.19919	0.00389	0.00617	0.00971	0.00416	0.00479
122	0.00808	0.00510	0.00659	0.00701	0.00799	0.00463	0.00495	0.00935	0.01122	0.09333	0.13864	0.52831	0.12751	0.01390	0.00628	0.00192	0.00299	0.01240	0.00505	0.00475
123	0.02314	0.00647	0.00850	0.00738	0.00955	0.00582	0.00579	0.01478	0.01421	0.28048	0.44965	0.05155	0.06831	0.00935	0.00575	0.00164	0.00316	0.02258	0.00577	0.00612
124	0.09174	0.02631	0.01205	0.00907	0.01299	0.00860	0.00752	0.06491	0.01462	0.66937	0.01844	0.01623	0.01176	0.00617	0.00495	0.00157	0.00443	0.00488	0.00593	0.00842

[dist]
# distance from previous block
# <min> <max>
0	4

[block]
# block no. 1 follows, 48 sequences, length 40
# corresponding to MSA columns:
# 291-330
name=unknown_B
#
# <colnr> <probs for GDERKNQSTAVLIFYWHMCP>
#	G	D	E	R	K	N	Q	S	T	A	V	L	I	F	Y	W	H	M	C	P
0	0.00921	0.02619	0.01131	0.02243	0.01111	0.02237	0.00809	0.02571	0.00911	0.01295	0.03621	0.08063	0.06389	0.03321	0.30418	0.00438	0.30479	0.00619	0.00297	0.00506
1	0.01136	0.00946	0.01270	0.02791	0.06448	0.00876	0.06520	0.03724	0.09283	0.05802	0.07186	0.03419	0.06950	0.00615	0.00541	0.00131	0.04623	0.00520	0.00374	0.36844
2	0.00867	0.04148	0.00929	0.00822	0.00921	0.03871	0.00624	0.03161	0.00959	0.01314	0.09221	0.06498	0.01756	0.17313	0.38781	0.00543	0.06842	0.00642	0.00322	0.00465
3	0.01159	0.13691	0.05172	0.01187	0.08178	0.01064	0.08307	0.02690	0.02116	0.02755	0.00998	0.03448	0.00854	0.00566	0.02700	0.00134	0.02820	0.00400	0.00291	0.41471
4	0.04935	0.12295	0.01278	0.00943	0.01112	0.07824	0.00760	0.07831	0.01041	0.01414	0.01179	0.01713	0.02462	0.11869	0.27938	0.00429	0.13660	0.00491	0.00289	0.00536
5	0.00662	0.00467	0.00594	0.00668	0.00703	0.00442	0.00437	0.00746	0.00976	0.01310	0.09800	0.54603	0.04680	0.20120	0.01101	0.00270	0.00338	0.01236	0.00447	0.00399
6	0.00903	0.00634	0.00841	0.00891	0.01028	0.00633	0.00746	0.06630	0.01302	0.03280	0.14920	0.12436	0.03116	0.01301	0.00668	0.00214	0.00424	0.49032	0.00494	0.00506
7	0.01460	0.22608	0.01598	0.01061	0.01326	0.33852	0.00871	0.01623	0.01234	0.03807	0.06727	0.01626	0.01226	0.00995	0.09345	0.00217	0.03609	0.05928	0.00302	0.00587
8	0.01048	0.02521	0.71307	0.01536	0.02269	0.01203	0.09764	0.01627	0.01097	0.01627	0.00933	0.01115	0.00663	0.00482	0.00500	0.00164	0.00770	0.00403	0.00221	0.00751
9	0.00956	0.00478	0.00478	0.00478	0.00598	0.00478	0.00359	0.01196	0.01076	0.01913	0.01674	0.01913	0.01315	0.00598	0.00359	0.00120	0.00239	0.00478	0.84816	0.00478
10	0.12009	0.01099	0.01382	0.01059	0.01460	0.01100	0.06418	0.25313	0.01670	0.40873	0.01552	0.01453	0.01026	0.00595	0.00498	0.00158	0.00503	0.00478	0.00532	0.00822
11	0.00614	0.00520	0.00531	0.00528	0.00698	0.00437	0.00396	0.00752	0.01188	0.01430	0.10034	0.04865	0.73694	0.01283	0.00606	0.00172	0.00259	0.01073	0.00482	0.00437
12	0.85592	0.00992	0.00754	0.00675	0.00992	0.01151	0.00556	0.01508	0.00873	0.02302	0.00714	0.00834	0.00556	0.00476	0.00318	0.00159	0.00397	0.00278	0.00318	0.00556
13	0.00746	0.00497	0.00560	0.00560	0.00560	0.00497	0.00311	0.00746	0.00746	0.00995	0.01617	0.03358	0.01865	0.81967	0.02612	0.00497	0.00497	0.00746	0.00311	0.00311
14	0.01951	0.01437	0.01540	0.01181	0.01591	0.01591	0.00975	0.77056	0.02412	0.03234	0.01232	0.01232	0.00873	0.00616	0.00513	0.00154	0.00565	0.00462	0.00513	0.00873
15	0.85592	0.00992	0.00754	0.00675	0.00992	0.01151	0.00556	0.01508	0.00873	0.02302	0.00714	0.00834	0.00556	0.00476	0.00318	0.00159	0.00397	0.00278	0.00318	0.00556
16	0.00655	0.00522	0.00587	0.00571	0.00723	0.00454	0.00428	0.00830	0.01284	0.01657	0.34777	0.04492	0.48810	0.01198	0.00606	0.00168	0.00253	0.01020	0.00512	0.00454
17	0.00619	0.00472	0.00569	0.00646	0.00726	0.00423	0.00446	0.00722	0.01049	0.01337	0.03666	0.54528	0.29957	0.01499	0.00638	0.00196	0.00284	0.01326	0.00476	0.00423
18	0.00746	0.00497	0.00560	0.00560	0.00560	0.00497	0.00311	0.00746	0.00746	0.00995	0.01617	0.03358	0.01865	0.81967	0.02612	0.00497	0.00497	0.00746	0.00311	0.00311
19	0.02026	0.01317	0.01465	0.01123	0.01531	0.01413	0.00928	0.61153	0.02211	0.19421	0.01401	0.01342	0.00957	0.00620	0.00514	0.00155	0.00537	0.00473	0.00539	0.00873
20	0.00818	0.00589	0.00811	0.00922	0.01036	0.00591	0.00788	0.01073	0.03365	0.01528	0.02711	0.14027	0.02962	0.01418	0.00697	0.00231	0.00451	0.65032	0.00474	0.00476
21	0.00610	0.00520	0.00524	0.00523	0.00695	0.00434	0.00392	0.00742	0.01177	0.01404	0.07114	0.04909	0.76632	0.01293	0.00606	0.00173	0.00259	0.01079	0.00479	0.00434
22	0.00726	0.00524	0.00686	0.00646	0.00767	0.00484	0.00484	0.00968	0.01452	0.02058	0.78496	0.03833	0.04841	0.01049	0.00605	0.00161	0.00242	0.00928	0.00565	0.00484
23	0.00637	0.00528	0.00563	0.00573	0.00737	0.00453	0.00442	0.00786	0.01189	0.01446	0.09775	0.04954	0.65792	0.01295	0.00617	0.00179	0.00281	0.08832	0.00482	0.00441
24	0.01029	0.02654	0.79309	0.01462	0.02221	0.01192	0.01896	0.01625	0.01083	0.01625	0.00921	0.01083	0.00650	0.00487	0.00487	0.00162	0.00758	0.00379	0.00217	0.00758
25	0.07498	0.01094	0.01130	0.01017	0.01309	0.01267	0.00793	0.02637	0.72160	0.02158	0.01987	0.01835	0.01492	0.00680	0.00507	0.00173	0.00405	0.00558	0.00507	0.00793
26	0.01899	0.01483	0.01511	0.03466	0.01626	0.07864	0.00977	0.67244	0.02267	0.02991	0.01197	0.01225	0.00859	0.00606	0.00506	0.00152	0.00590	0.00452	0.02251	0.00833
27	0.00638	0.00456	0.00611	0.00730	0.00765	0.00428	0.00499	0.00737	0.00995	0.01325	0.02821	0.76628	0.03365	0.01595	0.00658	0.00210	0.00309	0.06332	0.00476	0.00420
28	0.01859	0.01417	0.01483	0.01161	0.01541	0.05068	0.00951	0.68040	0.02252	0.02993	0.01223	0.01276	0.00893	0.00851	0.06372	0.00202	0.00641	0.00462	0.00484	0.00829
29	0.75541	0.00997	0.00798	0.00706	0.01028	0.01139	0.00577	0.01588	0.06562	0.02262	0.00825	0.00924	0.00640	0.00488	0.00335	0.00156	0.00397	0.00301	0.00332	0.04404
30	0.07246	0.00674	0.00830	0.00736	0.00934	0.00654	0.01923	0.01334	0.06975	0.12581	0.44278	0.03241	0.13384	0.00943	0.00583	0.00165	0.01618	0.00805	0.00530	0.00565
31	0.01212	0.01389	0.04464	0.02063	0.02570	0.01294	0.69575	0.01725	0.07025	0.01681	0.01115	0.01418	0.00836	0.00454	0.00597	0.00173	0.00828	0.00599	0.00279	0.00703
32	0.01713	0.01434	0.01385	0.01138	0.01468	0.12973	0.00910	0.43449	0.15792	0.03849	0.01345	0.01421	0.01021	0.03092	0.04998	0.00203	0.02101	0.00478	0.00456	0.00776
33	0.00969	0.00912	0.01539	0.80734	0.03534	0.01140	0.01425	0.01311	0.01026	0.01311	0.00912	0.01368	0.00684	0.00513	0.00513	0.00171	0.00684	0.00456	0.00228	0.00570
34	0.01877	0.01427	0.01537	0.07033	0.01734	0.03762	0.01009	0.69377	0.02284	0.03037	0.01196	0.01233	0.00853	0.00606	0.00512	0.00155	0.00584	0.00458	0.00485	0.00843
35	0.00713	0.00522	0.00653	0.00625	0.00742	0.00480	0.00460	0.00916	0.01340	0.01853	0.59538	0.03977	0.14827	0.08839	0.00799	0.00197	0.00273	0.02258	0.00527	0.00460
36	0.00781	0.00540	0.00605	0.00600	0.00622	0.00552	0.00353	0.00891	0.06422	0.01090	0.01690	0.05756	0.01892	0.73421	0.02395	0.00464	0.00484	0.00757	0.00332	0.00351
37	0.79345	0.00952	0.00742	0.00678	0.00974	0.01097	0.00550	0.01450	0.00881	0.02229	0.00870	0.06774	0.00764	0.00559	0.00342	0.00162	0.00390	0.00365	0.00329	0.00545
38	0.00633	0.00451	0.00596	0.00706	0.00736	0.00422	0.00469	0.00722	0.00983	0.01313	0.04554	0.76256	0.03359	0.05234	0.00742	0.00220	0.00305	0.01414	0.00471	0.00414
39	0.00730	0.00498	0.00557	0.00561	0.00578	0.00489	0.00323	0.00744	0.00792	0.01040	0.01980	0.06006	0.08871	0.72078	0.02367	0.00459	0.00470	0.00800	0.00331	0.00325

[dist]
# distance from previous block
# <min> <max>
0	1

[block]
# block no. 2 follows, 48 sequences, length 6
# corresponding to MSA columns:
# 332-337
name=unknown_C
#
# <colnr> <probs for GDERKNQSTAVLIFYWHMCP>
#	G	D	E	R	K	N	Q	S	T	A	V	L	I	F	Y	W	H	M	C	P
0	0.00848	0.00663	0.00785	0.00730	0.00896	0.00670	0.00555	0.01370	0.19758	0.02021	0.53804	0.03468	0.10449	0.00986	0.00585	0.00165	0.00283	0.00858	0.00547	0.00558
1	0.01024	0.00870	0.01022	0.00756	0.01173	0.00660	0.00596	0.01240	0.01057	0.01639	0.01085	0.08350	0.00998	0.00491	0.00405	0.00088	0.00373	0.00408	0.00320	0.77445
2	0.02007	0.01050	0.01665	0.01238	0.01666	0.00965	0.19049	0.09436	0.01497	0.53261	0.01712	0.01610	0.01114	0.00585	0.00537	0.00162	0.00552	0.00532	0.00533	0.00830
3	0.01202	0.01144	0.01739	0.02240	0.45748	0.04295	0.04978	0.01481	0.01158	0.01643	0.01117	0.01645	0.00997	0.00532	0.00499	0.00142	0.00567	0.07592	0.00288	0.20992
4	0.00791	0.00446	0.00641	0.00686	0.00697	0.00435	0.00457	0.00686	0.00787	0.01049	0.01623	0.31802	0.01836	0.01716	0.01495	0.53020	0.00390	0.00828	0.00319	0.00296
5	0.00804	0.01055	0.19658	0.00978	0.01229	0.00773	0.00942	0.01086	0.00887	0.01295	0.01266	0.01792	0.01131	0.03042	0.60869	0.00666	0.01227	0.00509	0.00261	0.00530

[dist]
# distance from previous block
# <min> <max>
0	73

[block]
# block no. 3 follows, 48 sequences, length 52
# corresponding to MSA columns:
# 411-420,423-463,465
name=unknown_D
#
# <colnr> <probs for GDERKNQSTAVLIFYWHMCP>
#	G	D	E	R	K	N	Q	S	T	A	V	L	I	F	Y	W	H	M	C	P
0	0.01686	0.00852	0.01093	0.00829	0.01220	0.00701	0.00673	0.01900	0.01318	0.42746	0.09366	0.01706	0.01444	0.00583	0.00475	0.00129	0.00396	0.00480	0.00506	0.31898
1	0.00844	0.00452	0.00648	0.00661	0.00665	0.00448	0.00434	0.00683	0.00714	0.00952	0.01200	0.11132	0.01295	0.10860	0.01916	0.65546	0.00434	0.00598	0.00262	0.00256
2	0.00962	0.00584	0.00670	0.00620	0.00814	0.00503	0.00468	0.01100	0.01202	0.16933	0.07901	0.09162	0.49122	0.06740	0.00730	0.00194	0.00313	0.00963	0.00501	0.00514
3	0.00625	0.00447	0.00595	0.00714	0.00744	0.00417	0.00476	0.00714	0.00982	0.01310	0.02828	0.81633	0.03394	0.01608	0.00655	0.00208	0.00298	0.01459	0.00476	0.00417
4	0.00625	0.00447	0.00595	0.00714	0.00744	0.00417	0.00476	0.00714	0.00982	0.01310	0.02828	0.81633	0.03394	0.01608	0.00655	0.00208	0.00298	0.01459	0.00476	0.00417
5	0.00691	0.00522	0.00629	0.00603	0.00733	0.00469	0.00446	0.00886	0.01328	0.01796	0.52075	0.04143	0.27067	0.05505	0.00714	0.00183	0.00261	0.00965	0.00524	0.00459
6	0.00819	0.00530	0.00694	0.00689	0.00807	0.00485	0.00507	0.01004	0.01288	0.08001	0.43478	0.27717	0.07824	0.01209	0.00616	0.00178	0.00281	0.02845	0.00537	0.00492
7	0.00736	0.00496	0.00560	0.00566	0.00573	0.00491	0.00322	0.00744	0.00771	0.01023	0.01787	0.07272	0.04303	0.75515	0.02453	0.00473	0.00480	0.00792	0.00324	0.00320
8	0.01211	0.01384	0.03028	0.02163	0.02682	0.01298	0.76903	0.01644	0.01211	0.01644	0.01038	0.01384	0.00779	0.00433	0.00606	0.00173	0.00865	0.00606	0.00260	0.00692
9	0.00657	0.00466	0.00613	0.00705	0.00745	0.00440	0.00479	0.00760	0.01016	0.01365	0.10174	0.62587	0.03368	0.09240	0.00840	0.00233	0.00320	0.05107	0.00469	0.00416
10	0.00637	0.00460	0.00603	0.00696	0.00744	0.00426	0.00473	0.00747	0.01050	0.01407	0.12343	0.68060	0.07409	0.01522	0.00646	0.00201	0.00289	0.01374	0.00487	0.00426
11	0.01125	0.00648	0.00900	0.00938	0.01113	0.00624	0.00812	0.01354	0.01239	0.17230	0.02577	0.04970	0.02613	0.01259	0.00670	0.00221	0.00465	0.60183	0.00505	0.00554
12	0.01385	0.01160	0.01376	0.01127	0.02918	0.01213	0.06068	0.20326	0.34702	0.02255	0.01510	0.01500	0.01139	0.00579	0.00492	0.00146	0.00474	0.00486	0.00445	0.20699
13	0.01809	0.02210	0.01480	0.09441	0.03365	0.66034	0.01047	0.06024	0.01456	0.01377	0.00833	0.00994	0.00678	0.00530	0.00471	0.00138	0.00875	0.00353	0.00274	0.00612
14	0.00801	0.00542	0.00704	0.00653	0.00791	0.00495	0.00493	0.01035	0.01440	0.05944	0.71200	0.03778	0.08087	0.01040	0.00601	0.00162	0.00253	0.00914	0.00564	0.00502
15	0.01951	0.01437	0.01540	0.01181	0.01591	0.01591	0.00975	0.77056	0.02412	0.03234	0.01232	0.01232	0.00873	0.00616	0.00513	0.00154	0.00565	0.00462	0.00513	0.00873
16	0.00631	0.00449	0.00594	0.00707	0.00736	0.00421	0.00469	0.00716	0.00971	0.01295	0.02772	0.77995	0.03323	0.05342	0.00746	0.00222	0.00307	0.01426	0.00469	0.00412
17	0.00628	0.00449	0.00598	0.00712	0.00745	0.00419	0.00477	0.00722	0.00996	0.01332	0.05050	0.79348	0.03436	0.01591	0.00653	0.00207	0.00296	0.01443	0.00479	0.00419
18	0.85592	0.00992	0.00754	0.00675	0.00992	0.01151	0.00556	0.01508	0.00873	0.02302	0.00714	0.00834	0.00556	0.00476	0.00318	0.00159	0.00397	0.00278	0.00318	0.00556
19	0.01123	0.01123	0.01572	0.01347	0.01347	0.01572	0.01123	0.01235	0.00786	0.01235	0.00674	0.01123	0.00674	0.00898	0.01684	0.00225	0.81028	0.00449	0.00225	0.00561
20	0.00625	0.00447	0.00595	0.00714	0.00744	0.00417	0.00476	0.00714	0.00982	0.01310	0.02828	0.81633	0.03394	0.01608	0.00655	0.00208	0.00298	0.01459	0.00476	0.00417
21	0.01241	0.00707	0.00746	0.00653	0.00850	0.00735	0.00513	0.17787	0.01387	0.06126	0.01595	0.01756	0.01216	0.00604	0.00400	0.00129	0.00320	0.00477	0.62172	0.00584
22	0.85592	0.00992	0.00754	0.00675	0.00992	0.01151	0.00556	0.01508	0.00873	0.02302	0.00714	0.00834	0.00556	0.00476	0.00318	0.00159	0.00397	0.00278	0.00318	0.00556
23	0.00608	0.00515	0.00525	0.00532	0.00696	0.00432	0.00395	0.00735	0.01158	0.01381	0.05046	0.09862	0.73732	0.01319	0.00610	0.00176	0.00262	0.01107	0.00476	0.00432
24	0.00627	0.00455	0.00592	0.00696	0.00741	0.00420	0.00470	0.00725	0.01014	0.01342	0.05664	0.72751	0.09483	0.01563	0.00649	0.00204	0.00293	0.01410	0.00479	0.00420
25	0.01919	0.01422	0.01522	0.01174	0.01579	0.01577	0.00968	0.73602	0.05917	0.03183	0.01272	0.01264	0.00905	0.00620	0.00514	0.00155	0.00557	0.00467	0.00514	0.00870
26	0.85592	0.00992	0.00754	0.00675	0.00992	0.01151	0.00556	0.01508	0.00873	0.02302	0.00714	0.00834	0.00556	0.00476	0.00318	0.00159	0.00397	0.00278	0.00318	0.00556
27	0.00738	0.00495	0.00568	0.00575	0.00579	0.00495	0.00329	0.00748	0.00763	0.01019	0.01689	0.08354	0.01951	0.75090	0.04186	0.00486	0.00504	0.00788	0.00321	0.00321
28	0.02219	0.00931	0.01219	0.00938	0.01329	0.00846	0.00773	0.11283	0.01580	0.68110	0.03947	0.01741	0.01317	0.00644	0.00518	0.00158	0.00447	0.00520	0.00619	0.00863
29	0.00734	0.00546	0.00808	0.00808	0.00893	0.00632	0.00620	0.00905	0.00820	0.01179	0.01390	0.02102	0.01320	0.08864	0.74969	0.00804	0.01318	0.00562	0.00277	0.00449
30	0.01417	0.01134	0.01206	0.01037	0.01351	0.01278	0.00820	0.19617	0.53317	0.04606	0.02093	0.01950	0.06422	0.00715	0.00525	0.00169	0.00434	0.00584	0.00520	0.00803
31	0.00732	0.00542	0.00790	0.00793	0.00873	0.00620	0.00602	0.00893	0.00820	0.01173	0.01436	0.04124	0.01398	0.12242	0.69617	0.00774	0.01253	0.00593	0.00284	0.00441
32	0.85592	0.00992	0.00754	0.00675	0.00992	0.01151	0.00556	0.01508	0.00873	0.02302	0.00714	0.00834	0.00556	0.00476	0.00318	0.00159	0.00397	0.00278	0.00318	0.00556
33	0.00668	0.00452	0.00607	0.00706	0.00733	0.00428	0.00472	0.00719	0.00937	0.01249	0.02533	0.66328	0.03007	0.05850	0.00919	0.10267	0.00330	0.02969	0.00438	0.00390
34	0.00733	0.00492	0.00564	0.00577	0.00580	0.00489	0.00329	0.00743	0.00772	0.01030	0.01751	0.12021	0.02035	0.73074	0.02395	0.00465	0.00475	0.00825	0.00329	0.00323
35	0.01902	0.02384	0.01472	0.01363	0.03489	0.75555	0.01005	0.04347	0.01477	0.01327	0.00811	0.00943	0.00671	0.00530	0.00465	0.00133	0.00906	0.00338	0.00272	0.00609
36	0.00752	0.00513	0.00668	0.00678	0.00738	0.00528	0.00478	0.00857	0.00931	0.01303	0.12872	0.08987	0.03740	0.27877	0.22680	0.05905	0.00659	0.04784	0.04653	0.00398
37	0.05061	0.00507	0.00638	0.00710	0.00779	0.00482	0.00485	0.00872	0.00995	0.06335	0.02626	0.65325	0.04417	0.07260	0.00769	0.00223	0.00325	0.01280	0.00467	0.00446
38	0.00704	0.00528	0.00670	0.00750	0.00860	0.00494	0.00594	0.00868	0.01128	0.01439	0.04991	0.26643	0.25231	0.01429	0.00662	0.00209	0.00357	0.31521	0.00477	0.00446
39	0.00967	0.00809	0.00961	0.00750	0.01112	0.00625	0.00579	0.01165	0.01046	0.01592	0.01334	0.18805	0.01340	0.00650	0.00441	0.00105	0.00362	0.00558	0.00342	0.66456
40	0.71146	0.01039	0.00871	0.00748	0.01081	0.01182	0.00616	0.10538	0.01088	0.06571	0.00847	0.00930	0.00632	0.00501	0.00352	0.00158	0.00419	0.00313	0.00358	0.00611
41	0.01447	0.01190	0.01418	0.01106	0.01501	0.01227	0.07040	0.27942	0.24725	0.02353	0.01388	0.01405	0.01044	0.00561	0.00487	0.00140	0.00491	0.00467	0.00439	0.23630
42	0.01935	0.01392	0.01503	0.01160	0.01564	0.01533	0.00956	0.69550	0.06120	0.07052	0.01315	0.01292	0.00927	0.00621	0.00514	0.00155	0.00550	0.00471	0.00520	0.00870
43	0.00918	0.00625	0.00743	0.00768	0.04669	0.00638	0.00460	0.01115	0.09704	0.05410	0.03049	0.03007	0.01799	0.62594	0.02114	0.00418	0.00485	0.00703	0.00354	0.00428
44	0.00728	0.00537	0.00751	0.00751	0.00829	0.00599	0.00558	0.00870	0.00831	0.01164	0.01669	0.02476	0.06363	0.19577	0.59111	0.00716	0.01124	0.00624	0.00295	0.00427
45	0.03344	0.01340	0.01442	0.01132	0.01518	0.01480	0.00927	0.60823	0.12281	0.06899	0.01403	0.02686	0.01021	0.00642	0.00513	0.00158	0.00530	0.00494	0.00517	0.00851
46	0.06022	0.01075	0.01314	0.01211	0.09487	0.01107	0.00880	0.20311	0.15712	0.30428	0.05807	0.01670	0.01338	0.00637	0.00510	0.00160	0.00468	0.00519	0.00525	0.00818
47	0.00629	0.00524	0.00551	0.00553	0.00718	0.00446	0.00420	0.00776	0.01200	0.01464	0.12776	0.04862	0.67308	0.01279	0.00611	0.00175	0.00268	0.04516	0.00486	0.00440
48	0.01029	0.02654	0.79309	0.01462	0.02221	0.01192	0.01896	0.01625	0.01083	0.01625	0.00921	0.01083	0.00650	0.00487	0.00487	0.00162	0.00758	0.00379	0.00217	0.00758
49	0.15551	0.01345	0.01381	0.01080	0.01470	0.03515	0.00889	0.56600	0.02059	0.09360	0.01202	0.01202	0.00849	0.00593	0.00480	0.00155	0.00536	0.00433	0.00485	0.00814
50	0.01641	0.01127	0.01245	0.01010	0.01319	0.01213	0.00805	0.49284	0.03359	0.08982	0.01596	0.13250	0.01376	0.06012	0.00661	0.00183	0.00490	0.00634	0.05068	0.00747
51	0.01783	0.01315	0.01435	0.01118	0.01503	0.01432	0.00915	0.58142	0.08759	0.05694	0.01332	0.03109	0.00990	0.00634	0.00534	0.00152	0.02449	0.00484	0.00494	0.07726

[dist]
# distance from previous block
# <min> <max>
0	1

[block]
# block no. 4 follows, 48 sequences, length 18
# corresponding to MSA columns:
# 467-472,476-481,485-490
name=unknown_E
#
# <colnr> <probs for GDERKNQSTAVLIFYWHMCP>
#	G	D	E	R	K	N	Q	S	T	A	V	L	I	F	Y	W	H	M	C	P
0	0.00697	0.00474	0.00636	0.00743	0.00793	0.00444	0.00519	0.00804	0.01017	0.03777	0.02792	0.71845	0.03285	0.01559	0.00656	0.00209	0.00319	0.08516	0.00481	0.00436
1	0.07741	0.01290	0.01414	0.01091	0.01492	0.01388	0.00901	0.56482	0.02112	0.18855	0.01360	0.01311	0.00933	0.00610	0.00500	0.00155	0.00527	0.00461	0.00525	0.00851
2	0.01470	0.01059	0.01174	0.00958	0.01281	0.01110	0.00760	0.27451	0.21049	0.09756	0.06092	0.03245	0.04886	0.06242	0.00655	0.00176	0.00448	0.00568	0.00488	0.11132
3	0.00901	0.00475	0.00498	0.00514	0.00615	0.00471	0.00371	0.01107	0.01044	0.01781	0.01820	0.12358	0.01618	0.05514	0.00530	0.00153	0.00262	0.00621	0.68886	0.00460
4	0.00718	0.00525	0.00676	0.00651	0.00774	0.00483	0.00493	0.00946	0.01401	0.01951	0.66099	0.05979	0.11405	0.01104	0.00612	0.00167	0.00257	0.04731	0.00550	0.00477
5	0.00969	0.00912	0.01539	0.80734	0.03534	0.01140	0.01425	0.01311	0.01026	0.01311	0.00912	0.01368	0.00684	0.00513	0.00513	0.00171	0.00684	0.00456	0.00228	0.00570
6	0.00980	0.00917	0.01545	0.71286	0.03282	0.01139	0.03337	0.01290	0.01004	0.01299	0.00902	0.01363	0.00694	0.00582	0.00637	0.03568	0.04929	0.00459	0.00228	0.00559
7	0.01152	0.00964	0.01111	0.00802	0.01253	0.00774	0.00644	0.08806	0.01198	0.01827	0.00944	0.01081	0.00771	0.00403	0.00393	0.00084	0.00398	0.00320	0.00325	0.76750
8	0.32830	0.01133	0.01628	0.05233	0.41512	0.01196	0.06283	0.01544	0.01055	0.01894	0.00874	0.01118	0.00709	0.00465	0.00443	0.00157	0.00550	0.00400	0.00277	0.00699
9	0.00741	0.00500	0.00581	0.00585	0.00593	0.00506	0.00341	0.00758	0.00760	0.01020	0.01636	0.05684	0.01868	0.73469	0.08494	0.00514	0.00559	0.00753	0.00313	0.00326
10	0.00606	0.00520	0.00520	0.00520	0.00693	0.00433	0.00390	0.00736	0.01170	0.01386	0.05198	0.04938	0.78558	0.01299	0.00606	0.00173	0.00260	0.01083	0.00476	0.00433
11	0.00705	0.00509	0.00677	0.00742	0.00828	0.00481	0.00562	0.00879	0.01183	0.01599	0.26180	0.35970	0.06686	0.01377	0.00651	0.00199	0.00322	0.19494	0.00503	0.00452
12	0.23593	0.00649	0.00589	0.00556	0.00738	0.00697	0.00433	0.03957	0.01069	0.02064	0.01402	0.01601	0.01097	0.00566	0.00353	0.00131	0.00293	0.00424	0.59275	0.00513
13	0.23853	0.01103	0.01086	0.00958	0.01266	0.01271	0.00758	0.09100	0.50488	0.02286	0.01644	0.01564	0.01234	0.00630	0.00467	0.00168	0.00418	0.00489	0.00467	0.00749
