[name]
unknown

[dist]
# distance from previous block
# <min> <max>
0	65

[block]
# block no. 0 follows, 48 sequences, length 35
# corresponding to MSA columns:
# 76-96,104-117
name=unknown_A
#
# <colnr> <probs for GDERKNQSTAVLIFYWHMCP>
#	G	D	E	R	K	N	Q	S	T	A	V	L	I	F	Y	W	H	M	C	P
0	0.00673	0.00551	0.03284	0.00736	0.00817	0.00472	0.00547	0.00808	0.01053	0.01405	0.10037	0.55090	0.08423	0.05112	0.00735	0.00216	0.00332	0.08804	0.00468	0.00437
1	0.01144	0.12869	0.63231	0.01376	0.02054	0.07601	0.01693	0.01648	0.01108	0.01542	0.00884	0.01037	0.00652	0.00485	0.00465	0.00153	0.00745	0.00362	0.00221	0.00732
2	0.14788	0.14445	0.02436	0.08267	0.05383	0.03915	0.05359	0.18332	0.01415	0.07895	0.07349	0.04396	0.02695	0.00618	0.00470	0.00153	0.00529	0.00494	0.00380	0.00680
3	0.00766	0.00507	0.00673	0.00727	0.00814	0.00471	0.00528	0.00915	0.01150	0.05952	0.21083	0.47929	0.05976	0.01388	0.00639	0.00196	0.00309	0.09005	0.00506	0.00465
4	0.48182	0.06629	0.10274	0.00854	0.01255	0.01203	0.00792	0.11003	0.01136	0.02190	0.02371	0.00998	0.00722	0.00493	0.00376	0.00146	0.00466	0.00329	0.00327	0.10253
5	0.33215	0.28215	0.04107	0.00813	0.01192	0.01353	0.00739	0.01607	0.04337	0.07948	0.03111	0.01088	0.00848	0.00571	0.02168	0.00152	0.00480	0.00339	0.00320	0.07397
6	0.00911	0.00665	0.04352	0.00810	0.00941	0.00578	0.00619	0.01093	0.03876	0.10950	0.02460	0.56704	0.02731	0.03011	0.00694	0.00202	0.03052	0.02984	0.00469	0.02897
7	0.03073	0.00707	0.00854	0.00739	0.00977	0.00662	0.00578	0.04904	0.05309	0.25471	0.17805	0.08712	0.12244	0.00868	0.00527	0.00158	0.00337	0.00732	0.12800	0.02542
8	0.00653	0.00473	0.00607	0.00703	0.00756	0.00443	0.00489	0.00755	0.01005	0.01316	0.02988	0.59067	0.11724	0.07986	0.00811	0.00230	0.00327	0.08789	0.00463	0.00416
9	0.05421	0.08577	0.10841	0.01354	0.01639	0.09741	0.13584	0.04932	0.01117	0.01558	0.07036	0.01321	0.01022	0.00672	0.00910	0.00177	0.28723	0.00469	0.00278	0.00626
10	0.01225	0.00943	0.04423	0.00864	0.01123	0.03745	0.00707	0.08629	0.17782	0.13028	0.07006	0.08989	0.18467	0.02497	0.00592	0.00177	0.00408	0.04388	0.04365	0.00643
11	0.00637	0.00521	0.00562	0.00552	0.00712	0.00446	0.00414	0.00796	0.01242	0.01558	0.23947	0.04655	0.59702	0.01235	0.00606	0.00170	0.00255	0.01043	0.00499	0.00446
12	0.00680	0.00484	0.00594	0.00657	0.00725	0.00446	0.00447	0.00774	0.01010	0.02810	0.04595	0.47573	0.19334	0.14095	0.00949	0.00245	0.00328	0.03382	0.00455	0.00416
13	0.09639	0.01251	0.05468	0.02121	0.02976	0.01257	0.00906	0.41750	0.04038	0.14779	0.01413	0.05576	0.01065	0.00648	0.00494	0.00158	0.00507	0.00506	0.04662	0.00786
14	0.02558	0.01142	0.01858	0.08257	0.61367	0.01173	0.01413	0.01598	0.07272	0.01663	0.01135	0.01468	0.01974	0.04233	0.00604	0.00172	0.00585	0.00486	0.00280	0.00763
15	0.00863	0.00532	0.00691	0.00734	0.00833	0.00494	0.00518	0.01025	0.03688	0.11103	0.08240	0.59043	0.07455	0.01398	0.00627	0.00196	0.00313	0.01252	0.00504	0.00493
16	0.48198	0.16286	0.06576	0.00847	0.01225	0.03620	0.00769	0.06615	0.04704	0.05820	0.00893	0.00973	0.00688	0.00499	0.00368	0.00150	0.00479	0.00324	0.00329	0.00638
17	0.03293	0.00915	0.01122	0.00842	0.01253	0.00772	0.00681	0.05562	0.02621	0.34105	0.01429	0.01432	0.01020	0.02808	0.00508	0.00130	0.00417	0.00417	0.00457	0.40215
18	0.01292	0.01408	0.16310	0.16730	0.20604	0.02874	0.07340	0.10131	0.01319	0.07983	0.06055	0.01564	0.01105	0.00567	0.00524	0.00162	0.00633	0.02346	0.00328	0.00725
19	0.01385	0.43925	0.15439	0.01087	0.01552	0.11646	0.03921	0.03538	0.02626	0.03331	0.00865	0.00989	0.00716	0.00527	0.01731	0.00138	0.00644	0.00335	0.00255	0.05348
20	0.01402	0.00851	0.00985	0.00857	0.01122	0.00877	0.00672	0.05025	0.28851	0.22401	0.10760	0.05913	0.06921	0.00786	0.00522	0.00163	0.00369	0.00659	0.10150	0.00713
21	0.03465	0.00877	0.01146	0.00895	0.01267	0.00788	0.00734	0.06032	0.03386	0.65293	0.04674	0.01958	0.05701	0.00684	0.00521	0.00160	0.00425	0.00556	0.00610	0.00829
22	0.01371	0.00906	0.01306	0.29357	0.08408	0.00963	0.01020	0.08623	0.03240	0.21313	0.08707	0.02042	0.09167	0.00682	0.00531	0.00164	0.00514	0.00581	0.00423	0.00679
23	0.01148	0.00618	0.00805	0.00723	0.00908	0.00560	0.00549	0.01360	0.02623	0.22980	0.38527	0.13237	0.07744	0.05022	0.00685	0.00184	0.00319	0.00877	0.00554	0.00576
24	0.04895	0.00920	0.01177	0.00933	0.01301	0.00858	0.00774	0.12061	0.01540	0.58736	0.01925	0.01976	0.01330	0.00689	0.00521	0.00163	0.00451	0.06488	0.02442	0.00822
25	0.03494	0.00494	0.00487	0.00484	0.00610	0.00498	0.00365	0.01205	0.01070	0.01925	0.01645	0.01881	0.01292	0.00594	0.00357	0.00121	0.00244	0.00472	0.82283	0.00481
26	0.00950	0.00602	0.00770	0.00703	0.00868	0.00565	0.00535	0.01255	0.06398	0.11633	0.58215	0.06628	0.06842	0.01006	0.00591	0.00164	0.00280	0.00881	0.00564	0.00549
27	0.01838	0.04563	0.01621	0.01244	0.01598	0.16848	0.04461	0.46877	0.01949	0.05816	0.01108	0.01177	0.00820	0.00607	0.00595	0.00155	0.07084	0.00437	0.00424	0.00777
28	0.01271	0.01161	0.01665	0.21801	0.32855	0.03490	0.01277	0.09792	0.11504	0.01803	0.01121	0.01350	0.00879	0.00516	0.00500	0.00153	0.00587	0.00458	0.00316	0.07500
29	0.07698	0.00933	0.01387	0.43336	0.08752	0.02744	0.03415	0.01309	0.03186	0.01438	0.01317	0.07998	0.04835	0.04173	0.00673	0.00188	0.05195	0.00571	0.00283	0.00569
30	0.00738	0.00462	0.00597	0.00650	0.00669	0.00449	0.00418	0.00736	0.00848	0.01154	0.01979	0.37340	0.02278	0.23305	0.01493	0.20633	0.00384	0.00975	0.04547	0.00345
31	0.01185	0.01088	0.03310	0.50258	0.17366	0.04542	0.03237	0.01500	0.01105	0.07619	0.01002	0.01348	0.00756	0.00522	0.00547	0.00166	0.03075	0.00457	0.00267	0.00648
32	0.01465	0.13562	0.03123	0.00997	0.01309	0.06389	0.06839	0.09552	0.04057	0.20082	0.12427	0.08119	0.02646	0.06358	0.00660	0.00179	0.00504	0.00621	0.00444	0.00668
33	0.01579	0.01064	0.01155	0.00964	0.01217	0.07313	0.00756	0.24334	0.04848	0.17838	0.08066	0.04461	0.01454	0.05687	0.00885	0.10542	0.04483	0.00556	0.02134	0.00663
34	0.01848	0.00819	0.01076	0.00872	0.01190	0.00746	0.00701	0.05641	0.04890	0.53257	0.14562	0.08466	0.02019	0.00782	0.00542	0.00164	0.00398	0.00659	0.00600	0.00770

[dist]
# distance from previous block
# <min> <max>
0	1

[block]
# block no. 1 follows, 48 sequences, length 16
# corresponding to MSA columns:
# 119-134
name=unknown_B
#
# <colnr> <probs for GDERKNQSTAVLIFYWHMCP>
#	G	D	E	R	K	N	Q	S	T	A	V	L	I	F	Y	W	H	M	C	P
0	0.02938	0.06248	0.01607	0.08311	0.01720	0.01446	0.05344	0.46646	0.03684	0.05365	0.01191	0.01303	0.00883	0.00748	0.04218	0.00188	0.04560	0.00464	0.02365	0.00772
1	0.04425	0.46347	0.29687	0.01152	0.01704	0.01658	0.05684	0.01573	0.01060	0.01422	0.00806	0.00948	0.00659	0.00457	0.00401	0.00134	0.00636	0.00331	0.00225	0.00692
2	0.01292	0.55615	0.25263	0.01068	0.01594	0.04857	0.01183	0.01583	0.01071	0.01332	0.00778	0.00904	0.00656	0.00457	0.00381	0.00126	0.00625	0.00308	0.00220	0.00685
3	0.08336	0.01096	0.01137	0.00951	0.01258	0.05232	0.00757	0.26707	0.12102	0.14157	0.04300	0.09298	0.08325	0.00778	0.00517	0.00162	0.00459	0.00626	0.01760	0.02045
4	0.00638	0.00465	0.00606	0.00694	0.00748	0.00433	0.00475	0.00749	0.01040	0.01387	0.10581	0.64166	0.10115	0.01605	0.03503	0.00223	0.00328	0.01339	0.00478	0.00426
5	0.00891	0.00446	0.00668	0.00668	0.00668	0.00446	0.00446	0.00668	0.00668	0.00891	0.00891	0.01560	0.00891	0.01783	0.02005	0.85071	0.00446	0.00446	0.00223	0.00223
6	0.01371	0.01153	0.05982	0.29871	0.06126	0.01193	0.01132	0.25839	0.03418	0.07198	0.01311	0.03144	0.02765	0.06471	0.00668	0.00188	0.00592	0.00516	0.00372	0.00693
7	0.06069	0.03950	0.02627	0.09730	0.13165	0.11186	0.09836	0.04102	0.02986	0.01616	0.03171	0.02954	0.08715	0.00609	0.00552	0.00149	0.04596	0.00511	0.00310	0.13167
8	0.00813	0.00650	0.00755	0.00734	0.00769	0.03502	0.00502	0.00872	0.00839	0.01118	0.01797	0.11215	0.06725	0.45337	0.11614	0.00438	0.10841	0.00766	0.00322	0.00390
9	0.00938	0.00480	0.00486	0.00486	0.00594	0.00480	0.00354	0.01155	0.01046	0.01831	0.01669	0.02043	0.01365	0.07898	0.00561	0.00153	0.00262	0.00502	0.77235	0.00463
10	0.01520	0.01304	0.14587	0.11472	0.01726	0.02457	0.01048	0.21890	0.01497	0.18812	0.04258	0.01631	0.01139	0.06883	0.02699	0.00202	0.02401	0.00498	0.03255	0.00721
11	0.01335	0.12582	0.16405	0.15519	0.03952	0.10875	0.13433	0.06801	0.01238	0.06025	0.01068	0.02456	0.02016	0.00543	0.00539	0.00157	0.03638	0.00455	0.00285	0.00679
12	0.01229	0.53766	0.18323	0.01005	0.01457	0.01691	0.01068	0.01486	0.01073	0.01372	0.07732	0.01164	0.01033	0.00530	0.00465	0.00132	0.05202	0.00365	0.00250	0.00658
13	0.00669	0.00468	0.00595	0.00670	0.00694	0.00454	0.00432	0.00734	0.00899	0.01203	0.02370	0.52725	0.02802	0.27382	0.05172	0.00331	0.00414	0.01187	0.00414	0.00385
14	0.13469	0.18613	0.01666	0.01096	0.02904	0.12422	0.06376	0.01822	0.01180	0.21716	0.01102	0.01171	0.00823	0.00547	0.00547	0.00147	0.08012	0.00391	0.00357	0.05640
15	0.00720	0.00586	0.00841	0.00829	0.00946	0.00553	0.07340	0.00936	0.05570	0.01449	0.07896	0.52829	0.14795	0.01365	0.00632	0.00195	0.00345	0.01238	0.00465	0.00472

[dist]
# distance from previous block
# <min> <max>
1	2

[block]
# block no. 2 follows, 48 sequences, length 23
# corresponding to MSA columns:
# 137-144,174-188
name=unknown_C
#
# <colnr> <probs for GDERKNQSTAVLIFYWHMCP>
#	G	D	E	R	K	N	Q	S	T	A	V	L	I	F	Y	W	H	M	C	P
0	0.01714	0.13319	0.01718	0.02927	0.01587	0.01253	0.11253	0.16510	0.12354	0.26972	0.01551	0.04128	0.01134	0.00612	0.00505	0.00157	0.00533	0.00521	0.00467	0.00785
1	0.01339	0.00920	0.01163	0.03734	0.05504	0.00744	0.00720	0.01569	0.01156	0.18403	0.01155	0.01233	0.00870	0.00444	0.00421	0.00101	0.00415	0.00363	0.00370	0.59372
2	0.00953	0.00765	0.04138	0.10122	0.01358	0.00714	0.06118	0.01207	0.04512	0.09280	0.07053	0.33045	0.10863	0.01088	0.00626	0.00184	0.03229	0.00963	0.03238	0.00544
3	0.04858	0.63240	0.02269	0.00867	0.01251	0.01752	0.00820	0.05283	0.01109	0.03369	0.01018	0.10211	0.00997	0.00590	0.00381	0.00127	0.00511	0.00427	0.00279	0.00643
4	0.01072	0.04008	0.01144	0.00811	0.01201	0.00816	0.00651	0.01320	0.03706	0.01603	0.00962	0.01204	0.00833	0.04514	0.00597	0.00113	0.06735	0.00346	0.00302	0.68061
5	0.01077	0.20511	0.06484	0.02466	0.01362	0.03871	0.06416	0.02971	0.01030	0.01361	0.01416	0.22083	0.01512	0.02013	0.00818	0.00184	0.19125	0.04419	0.00312	0.00570
6	0.61731	0.10644	0.10101	0.04837	0.01301	0.01258	0.00792	0.01515	0.00925	0.02046	0.00748	0.00888	0.00585	0.00475	0.00348	0.00154	0.00471	0.00298	0.00290	0.00592
7	0.03011	0.10021	0.01672	0.13744	0.04444	0.41432	0.06089	0.01908	0.10141	0.01420	0.00974	0.01139	0.00780	0.00527	0.00472	0.00145	0.00766	0.00395	0.00284	0.00636
8	0.01091	0.01109	0.10161	0.00904	0.01360	0.00775	0.03426	0.03844	0.01120	0.03679	0.01111	0.07573	0.00976	0.00507	0.00430	0.00105	0.00442	0.00427	0.00322	0.60639
9	0.02345	0.00653	0.00782	0.00733	0.00912	0.00637	0.00556	0.04594	0.06501	0.18544	0.03792	0.23423	0.03374	0.04187	0.00603	0.00179	0.00345	0.03810	0.23448	0.00581
10	0.01335	0.00982	0.01197	0.00885	0.01304	0.00852	0.03340	0.12269	0.01303	0.10852	0.01124	0.01222	0.00862	0.00467	0.00449	0.00105	0.02120	0.00373	0.04595	0.54365
11	0.06095	0.02781	0.01459	0.01116	0.01504	0.01517	0.00920	0.65012	0.06331	0.03042	0.01260	0.01267	0.00907	0.00609	0.00495	0.00153	0.00535	0.00456	0.03704	0.00835
12	0.00752	0.00503	0.00605	0.00605	0.00619	0.00516	0.00368	0.00768	0.00754	0.01019	0.01541	0.03058	0.01725	0.65861	0.14237	0.05112	0.00627	0.00700	0.00301	0.00328
13	0.01216	0.01167	0.02012	0.11994	0.63876	0.01189	0.04734	0.01528	0.01154	0.01627	0.01029	0.01458	0.00878	0.00499	0.00520	0.00159	0.00624	0.03310	0.00260	0.00767
14	0.01460	0.06063	0.23783	0.02609	0.01489	0.00916	0.01041	0.01809	0.03732	0.30686	0.12519	0.05968	0.01689	0.03225	0.00582	0.00171	0.00507	0.00578	0.00450	0.00723
15	0.03253	0.00930	0.01149	0.00930	0.01281	0.00905	0.00756	0.06919	0.18100	0.50387	0.01966	0.01839	0.01340	0.00660	0.00509	0.00161	0.00427	0.02228	0.05438	0.00823
16	0.00735	0.00544	0.00794	0.00794	0.00875	0.00625	0.00603	0.00897	0.00816	0.01168	0.01402	0.02171	0.01350	0.12880	0.70994	0.00787	0.01273	0.00572	0.00279	0.00441
17	0.10449	0.01213	0.05966	0.05504	0.14083	0.01127	0.34123	0.01575	0.03833	0.05558	0.01273	0.10605	0.01103	0.00603	0.00547	0.00171	0.00657	0.00621	0.00314	0.00675
18	0.01392	0.00892	0.02827	0.02642	0.02569	0.00861	0.02063	0.16008	0.06678	0.20913	0.09911	0.20452	0.04501	0.00952	0.00571	0.00176	0.00427	0.04973	0.00516	0.00676
19	0.00894	0.00447	0.00661	0.00661	0.00665	0.00447	0.00442	0.00690	0.00685	0.00934	0.00924	0.01574	0.00909	0.01733	0.01937	0.81522	0.00437	0.00447	0.03757	0.00233
20	0.01038	0.00974	0.01505	0.41331	0.06646	0.02770	0.07646	0.02656	0.09931	0.01465	0.01284	0.09693	0.01141	0.04892	0.00703	0.00193	0.04635	0.00598	0.00301	0.00597
21	0.02697	0.05939	0.43644	0.03975	0.11338	0.01138	0.01481	0.01706	0.05275	0.10592	0.02484	0.05337	0.00999	0.00576	0.00495	0.00161	0.00633	0.00474	0.00307	0.00745
22	0.01830	0.04372	0.07024	0.01130	0.01509	0.01343	0.00988	0.39701	0.01820	0.21869	0.02969	0.01378	0.01010	0.00647	0.00642	0.00162	0.09842	0.00471	0.00479	0.00812

[dist]
# distance from previous block
# <min> <max>
1	7

[block]
# block no. 3 follows, 48 sequences, length 64
# corresponding to MSA columns:
# 197-215,217-225,285-293,328-354
name=unknown_D
#
# <colnr> <probs for GDERKNQSTAVLIFYWHMCP>
#	G	D	E	R	K	N	Q	S	T	A	V	L	I	F	Y	W	H	M	C	P
0	0.00642	0.00458	0.00614	0.00733	0.00770	0.00431	0.00505	0.00743	0.00999	0.01328	0.02819	0.75458	0.03358	0.01592	0.00659	0.00211	0.00312	0.07471	0.00476	0.00421
1	0.00853	0.00580	0.00736	0.00682	0.00824	0.00550	0.00511	0.01155	0.06355	0.06580	0.62874	0.04757	0.05472	0.04967	0.00693	0.00179	0.00278	0.00883	0.00551	0.00518
2	0.06214	0.01078	0.01679	0.10471	0.40069	0.01128	0.04927	0.06402	0.05956	0.01793	0.06344	0.01681	0.03190	0.00743	0.04672	0.00195	0.00606	0.01819	0.00320	0.00714
3	0.00969	0.00912	0.01539	0.80734	0.03534	0.01140	0.01425	0.01311	0.01026	0.01311	0.00912	0.01368	0.00684	0.00513	0.00513	0.00171	0.00684	0.00456	0.00228	0.00570
4	0.01265	0.00696	0.00889	0.00763	0.00985	0.00656	0.00598	0.05215	0.05490	0.23822	0.46980	0.02963	0.03369	0.00880	0.00564	0.00160	0.00321	0.00758	0.02996	0.00630
5	0.01166	0.01101	0.01848	0.07793	0.62043	0.01124	0.01416	0.01441	0.01125	0.01595	0.01185	0.11266	0.01122	0.00616	0.00560	0.00163	0.02836	0.00581	0.00279	0.00741
6	0.03133	0.02624	0.06051	0.31875	0.10429	0.03319	0.11717	0.01360	0.02593	0.01447	0.01273	0.13136	0.02215	0.00693	0.00612	0.00175	0.05839	0.00619	0.00283	0.00605
7	0.01008	0.00567	0.00587	0.00581	0.00704	0.02778	0.00432	0.01205	0.01077	0.06326	0.01857	0.06516	0.03020	0.09806	0.00666	0.00178	0.00318	0.05417	0.56476	0.00482
8	0.00883	0.00446	0.00666	0.00670	0.00671	0.00445	0.00447	0.00670	0.00679	0.00905	0.00954	0.04138	0.00972	0.01777	0.01962	0.82339	0.00441	0.00478	0.00231	0.00229
9	0.10809	0.45039	0.01955	0.05622	0.01387	0.01571	0.00833	0.06983	0.03894	0.10175	0.03658	0.01169	0.00931	0.00518	0.00390	0.00132	0.00502	0.00366	0.03393	0.00674
10	0.06841	0.05479	0.01627	0.26378	0.07913	0.06993	0.05633	0.19969	0.08157	0.04458	0.01108	0.01294	0.00830	0.00544	0.00493	0.00159	0.00620	0.00449	0.00348	0.00705
11	0.00636	0.00484	0.00588	0.00658	0.00746	0.00436	0.00467	0.00756	0.01084	0.01392	0.08122	0.47132	0.28578	0.01461	0.00639	0.00195	0.00291	0.05422	0.00481	0.00429
12	0.01193	0.01259	0.06513	0.20362	0.50620	0.03500	0.02940	0.01537	0.02489	0.01580	0.01051	0.01358	0.02336	0.00494	0.00511	0.00158	0.00639	0.00466	0.00255	0.00739
13	0.14437	0.14060	0.04514	0.01147	0.04071	0.16172	0.02902	0.17483	0.13603	0.02002	0.01161	0.04226	0.00945	0.00586	0.00453	0.00150	0.00586	0.00437	0.00364	0.00700
14	0.00883	0.00450	0.00669	0.00667	0.00674	0.00448	0.00448	0.00684	0.00709	0.00952	0.04952	0.01679	0.01098	0.01744	0.01932	0.80628	0.00435	0.00471	0.00241	0.00236
15	0.00879	0.00523	0.00696	0.00747	0.00840	0.00483	0.00534	0.00999	0.01080	0.12020	0.06142	0.57229	0.04366	0.04305	0.00707	0.00211	0.00334	0.06925	0.00496	0.00483
16	0.03748	0.04045	0.01589	0.10738	0.01819	0.06225	0.10376	0.20592	0.12808	0.19035	0.01441	0.02967	0.01047	0.00600	0.00515	0.00161	0.00578	0.00508	0.00444	0.00763
17	0.01192	0.07614	0.13958	0.01175	0.02948	0.07381	0.10381	0.07363	0.08678	0.05436	0.09149	0.10784	0.09425	0.00785	0.00539	0.00164	0.00548	0.01439	0.00390	0.00650
18	0.01729	0.03590	0.01510	0.01344	0.02595	0.60707	0.01025	0.01859	0.01300	0.01256	0.00769	0.00970	0.00666	0.00605	0.00721	0.00152	0.17999	0.00356	0.00255	0.00592
19	0.00843	0.00525	0.00624	0.00609	0.00643	0.00525	0.00372	0.00874	0.00805	0.06080	0.01650	0.04914	0.01811	0.68107	0.09130	0.00497	0.00565	0.00730	0.00333	0.00362
20	0.01089	0.00951	0.01181	0.00935	0.05057	0.00757	0.03121	0.01384	0.04636	0.01693	0.00973	0.01124	0.00801	0.00400	0.00400	0.00087	0.00408	0.00334	0.00310	0.74357
21	0.01181	0.07489	0.58308	0.01324	0.01965	0.01156	0.03707	0.01661	0.01106	0.10230	0.01079	0.01296	0.00802	0.05777	0.00621	0.00181	0.00695	0.00418	0.00271	0.00734
22	0.02949	0.00714	0.00940	0.00777	0.01049	0.00633	0.00620	0.01762	0.01433	0.42248	0.32537	0.02766	0.07681	0.00840	0.00554	0.00161	0.00347	0.00712	0.00592	0.00685
23	0.02822	0.02099	0.09831	0.02248	0.08270	0.05585	0.00948	0.08238	0.01291	0.23171	0.03221	0.19618	0.01577	0.00905	0.02347	0.00186	0.05833	0.00691	0.00434	0.00686
24	0.01752	0.16876	0.02808	0.03582	0.06861	0.05091	0.00922	0.14691	0.03349	0.28008	0.01324	0.01317	0.00944	0.00558	0.00498	0.00143	0.02788	0.00425	0.00429	0.07634
25	0.01428	0.01178	0.01246	0.01075	0.01392	0.01347	0.00849	0.19432	0.60887	0.02391	0.01896	0.01761	0.01410	0.00678	0.00520	0.00170	0.00442	0.00554	0.00520	0.00826
26	0.00629	0.00448	0.00594	0.00709	0.00738	0.00420	0.00471	0.00716	0.00974	0.01299	0.02787	0.78948	0.03341	0.04363	0.00722	0.00218	0.00305	0.01434	0.00471	0.00413
27	0.02740	0.01119	0.01570	0.41599	0.02581	0.10424	0.11307	0.02852	0.01173	0.09335	0.01108	0.01401	0.00820	0.00526	0.00500	0.00160	0.00659	0.00467	0.09045	0.00615
28	0.01218	0.01209	0.03230	0.12927	0.42112	0.05590	0.03721	0.02879	0.02309	0.01627	0.01081	0.01340	0.02971	0.00485	0.00490	0.00142	0.00595	0.00446	0.00274	0.15353
29	0.81176	0.01013	0.00873	0.00753	0.01081	0.01159	0.04551	0.01515	0.00891	0.02268	0.00731	0.00862	0.00567	0.00474	0.00333	0.00160	0.00421	0.00295	0.00314	0.00563
30	0.02029	0.00824	0.01111	0.00874	0.01225	0.00725	0.00713	0.02266	0.03362	0.65115	0.14030	0.02078	0.01838	0.00702	0.00530	0.00160	0.00405	0.00582	0.00621	0.00811
31	0.01804	0.01350	0.01447	0.01145	0.01527	0.01504	0.00934	0.58731	0.19575	0.04406	0.01442	0.01397	0.01038	0.00635	0.00515	0.00159	0.00526	0.00490	0.00518	0.00859
32	0.01085	0.02328	0.66755	0.01353	0.02018	0.01091	0.01685	0.01593	0.01084	0.06596	0.01084	0.05083	0.00835	0.00612	0.00568	0.04104	0.00700	0.00444	0.00257	0.00724
33	0.01756	0.22973	0.11486	0.00978	0.01413	0.01196	0.00931	0.06754	0.02596	0.37749	0.03827	0.03739	0.01176	0.00604	0.00469	0.00148	0.00505	0.00471	0.00454	0.00775
34	0.01328	0.29538	0.33436	0.01285	0.01858	0.01438	0.11155	0.01706	0.01134	0.11122	0.01002	0.01116	0.00747	0.00482	0.00452	0.00145	0.00660	0.00390	0.00275	0.00730
35	0.00620	0.00498	0.00554	0.00587	0.00713	0.00431	0.00422	0.00745	0.01131	0.01406	0.09222	0.28307	0.50810	0.01377	0.00621	0.00183	0.00270	0.01188	0.00482	0.00431
36	0.01190	0.07823	0.13732	0.08990	0.16656	0.04582	0.19336	0.01534	0.01196	0.05386	0.10146	0.04621	0.01342	0.00585	0.00530	0.00160	0.00646	0.00557	0.00308	0.00681
37	0.01448	0.04879	0.30639	0.05329	0.04836	0.01195	0.05878	0.12553	0.02357	0.17469	0.01236	0.01401	0.00897	0.01937	0.00595	0.00169	0.04309	0.01754	0.00359	0.00762
38	0.01280	0.00646	0.00846	0.00780	0.00965	0.00595	0.00581	0.01490	0.04961	0.29237	0.13289	0.32263	0.02641	0.07041	0.00735	0.00203	0.00359	0.00950	0.00536	0.00601
39	0.01043	0.02557	0.73461	0.01516	0.02256	0.01200	0.07646	0.01626	0.01093	0.01626	0.00930	0.01106	0.00660	0.00483	0.00497	0.00163	0.00766	0.00397	0.00220	0.00753
40	0.01514	0.14040	0.09388	0.04237	0.16855	0.05814	0.07247	0.08412	0.09125	0.15162	0.02501	0.01361	0.00984	0.00540	0.00488	0.00151	0.00595	0.00456	0.00366	0.00763
41	0.03472	0.09360	0.10962	0.02607	0.07319	0.01146	0.02298	0.16264	0.09182	0.11751	0.07663	0.06752	0.06041	0.00708	0.00508	0.00158	0.00495	0.00585	0.02011	0.00718
42	0.00625	0.00447	0.00595	0.00714	0.00744	0.00417	0.00476	0.00714	0.00982	0.01310	0.02828	0.81633	0.03394	0.01608	0.00655	0.00208	0.00298	0.01459	0.00476	0.00417
43	0.42680	0.01141	0.02601	0.05229	0.32783	0.02337	0.01048	0.03660	0.01055	0.02004	0.00844	0.01051	0.00678	0.00475	0.00414	0.00156	0.00514	0.00366	0.00291	0.00674
44	0.00775	0.00515	0.00650	0.00626	0.00715	0.00486	0.00441	0.00928	0.01208	0.03211	0.47218	0.07276	0.04790	0.19153	0.01115	0.04680	0.00316	0.00860	0.04602	0.00435
45	0.01265	0.02631	0.05199	0.11200	0.56670	0.01176	0.03181	0.01577	0.01157	0.05219	0.01001	0.01279	0.00807	0.00468	0.00500	0.00151	0.00609	0.00449	0.00269	0.05193
46	0.00639	0.00453	0.00591	0.00696	0.00723	0.00426	0.00457	0.00718	0.00955	0.01273	0.02686	0.72445	0.03214	0.11039	0.00885	0.00242	0.00321	0.01375	0.00457	0.00404
47	0.01058	0.00886	0.01029	0.00743	0.01179	0.00672	0.00593	0.01286	0.01065	0.01686	0.00957	0.01115	0.00793	0.00393	0.00379	0.00079	0.00372	0.00314	0.05339	0.80062
48	0.00794	0.04431	0.03080	0.00765	0.00947	0.00594	0.00594	0.00956	0.01058	0.01465	0.07141	0.44118	0.04355	0.01185	0.00573	0.00171	0.00352	0.07451	0.00423	0.19547
49	0.01355	0.00934	0.01121	0.00836	0.01239	0.00800	0.00677	0.06998	0.01223	0.16104	0.01164	0.01245	0.00884	0.00482	0.00482	0.00107	0.04618	0.00370	0.04297	0.55065
50	0.01191	0.00952	0.01045	0.00957	0.01204	0.01066	0.00735	0.02292	0.57010	0.05794	0.09721	0.12009	0.02102	0.00841	0.00547	0.00176	0.00378	0.00721	0.00526	0.00734
51	0.01014	0.00949	0.01594	0.59845	0.18580	0.01114	0.01394	0.01342	0.01082	0.01433	0.05949	0.01508	0.00979	0.00536	0.00518	0.00167	0.00640	0.00487	0.00255	0.00614
52	0.00770	0.00514	0.00658	0.00674	0.00782	0.00467	0.00485	0.00930	0.01220	0.06648	0.32100	0.36023	0.14221	0.01288	0.00620	0.00182	0.00280	0.01142	0.00521	0.00474
53	0.00633	0.00466	0.00588	0.00682	0.00740	0.00428	0.00467	0.00731	0.01016	0.01321	0.03218	0.62520	0.17042	0.04132	0.00711	0.00212	0.00303	0.03900	0.00471	0.00418
54	0.00726	0.00541	0.00801	0.00808	0.00893	0.00622	0.00619	0.00897	0.00832	0.01192	0.01477	0.07219	0.01439	0.06382	0.72147	0.00773	0.01275	0.00615	0.00289	0.00450
55	0.00980	0.00934	0.01608	0.77089	0.03494	0.01147	0.04927	0.01326	0.01035	0.01326	0.00918	0.01369	0.00688	0.00509	0.00517	0.00171	0.00692	0.00463	0.00229	0.00576
56	0.00725	0.00497	0.00577	0.00584	0.00610	0.00485	0.00353	0.00770	0.00877	0.01177	0.11465	0.11336	0.05947	0.60107	0.02073	0.00412	0.00435	0.00856	0.00367	0.00349
57	0.00975	0.00674	0.00834	0.00766	0.00849	0.00809	0.00609	0.01173	0.00999	0.01675	0.06309	0.01813	0.01353	0.00935	0.06154	0.00201	0.23895	0.00504	0.48972	0.00501
58	0.01589	0.50439	0.02196	0.01055	0.01424	0.33088	0.00923	0.01741	0.01207	0.01227	0.00745	0.00864	0.00659	0.00475	0.00382	0.00119	0.00699	0.00297	0.00237	0.00633
59	0.80945	0.00986	0.00779	0.00688	0.01010	0.01129	0.00567	0.01564	0.00906	0.06588	0.00788	0.00884	0.00596	0.00485	0.00329	0.00159	0.00399	0.00291	0.00335	0.00573
60	0.01211	0.01384	0.03028	0.02163	0.02682	0.01298	0.76903	0.01644	0.01211	0.01644	0.01038	0.01384	0.00779	0.00433	0.00606	0.00173	0.00865	0.00606	0.00260	0.00692
61	0.01277	0.09677	0.28600	0.06517	0.01912	0.06367	0.11657	0.03786	0.01205	0.11207	0.03734	0.09375	0.01165	0.00632	0.00513	0.00161	0.00650	0.00547	0.00325	0.00691
62	0.00824	0.00660	0.00794	0.02198	0.00960	0.00638	0.01969	0.02193	0.12881	0.01505	0.02711	0.33448	0.16368	0.08851	0.00771	0.00206	0.00357	0.00993	0.01379	0.10296
63	0.03865	0.02829	0.16923	0.02338	0.02659	0.01029	0.06429	0.10233	0.10644	0.03402	0.07791	0.04873	0.01504	0.07700	0.00715	0.00189	0.01945	0.04371	0.01960	0.08600

[dist]
# distance from previous block
# <min> <max>
1	42

[block]
# block no. 4 follows, 48 sequences, length 32
# corresponding to MSA columns:
# 397-428
name=unknown_E
#
# <colnr> <probs for GDERKNQSTAVLIFYWHMCP>
#	G	D	E	R	K	N	Q	S	T	A	V	L	I	F	Y	W	H	M	C	P
0	0.13702	0.03364	0.01281	0.01092	0.04708	0.07914	0.03303	0.21112	0.01484	0.12479	0.05430	0.01748	0.01247	0.02818	0.02621	0.00185	0.04188	0.05181	0.05463	0.00680
1	0.01167	0.00905	0.01037	0.00894	0.01132	0.02050	0.00690	0.21877	0.06820	0.01962	0.06433	0.17369	0.01743	0.05570	0.10385	0.01796	0.02116	0.00692	0.00420	0.14943
2	0.00721	0.00530	0.00717	0.00780	0.00821	0.00550	0.00562	0.00819	0.00997	0.01365	0.08367	0.55205	0.03006	0.01470	0.00833	0.05553	0.08141	0.06842	0.02292	0.00429
3	0.85592	0.00992	0.00754	0.00675	0.00992	0.01151	0.00556	0.01508	0.00873	0.02302	0.00714	0.00834	0.00556	0.00476	0.00318	0.00159	0.00397	0.00278	0.00318	0.00556
4	0.00628	0.00474	0.00581	0.00652	0.00731	0.00427	0.00452	0.00742	0.01075	0.01394	0.09768	0.52999	0.25273	0.01472	0.00637	0.00194	0.00282	0.01306	0.00484	0.00427
5	0.00635	0.00516	0.00539	0.00545	0.00686	0.00447	0.00394	0.00750	0.01108	0.01344	0.05948	0.07220	0.61725	0.12907	0.00899	0.00222	0.00300	0.02942	0.00454	0.00417
6	0.85592	0.00992	0.00754	0.00675	0.00992	0.01151	0.00556	0.01508	0.00873	0.02302	0.00714	0.00834	0.00556	0.00476	0.00318	0.00159	0.00397	0.00278	0.00318	0.00556
7	0.85592	0.00992	0.00754	0.00675	0.00992	0.01151	0.00556	0.01508	0.00873	0.02302	0.00714	0.00834	0.00556	0.00476	0.00318	0.00159	0.00397	0.00278	0.00318	0.00556
8	0.00733	0.00550	0.00825	0.00825	0.00916	0.00641	0.00641	0.00916	0.00825	0.01191	0.01374	0.02016	0.01283	0.03848	0.79934	0.00825	0.01374	0.00550	0.00275	0.00458
9	0.01670	0.01377	0.07195	0.03286	0.01543	0.04880	0.00967	0.46635	0.06129	0.07096	0.05869	0.01494	0.01173	0.00776	0.04089	0.00185	0.00587	0.00491	0.03775	0.00783
10	0.00804	0.00515	0.00599	0.00583	0.00613	0.00506	0.00348	0.00840	0.00858	0.04120	0.10746	0.03352	0.02195	0.69253	0.02293	0.00445	0.00465	0.00759	0.00353	0.00353
11	0.00795	0.00588	0.00846	0.00830	0.00937	0.00679	0.00648	0.04375	0.00905	0.01307	0.01377	0.01977	0.01265	0.03598	0.73803	0.00772	0.01302	0.00543	0.02976	0.00478
12	0.09723	0.34197	0.04900	0.01070	0.01417	0.22109	0.00945	0.08020	0.03005	0.01537	0.00814	0.00949	0.00689	0.00532	0.00516	0.00138	0.08186	0.00333	0.00273	0.00648
13	0.01077	0.01059	0.01517	0.01303	0.01328	0.01450	0.02998	0.01206	0.00801	0.01240	0.00769	0.01239	0.00751	0.01250	0.11307	0.00297	0.69158	0.00465	0.00232	0.00552
14	0.00864	0.04948	0.03674	0.00812	0.00946	0.02233	0.00638	0.04421	0.04990	0.01453	0.03889	0.33474	0.07380	0.07674	0.04115	0.03935	0.02309	0.09630	0.02130	0.00484
15	0.00821	0.00546	0.00711	0.00657	0.00798	0.00499	0.00497	0.01056	0.01442	0.06886	0.70736	0.03746	0.07576	0.01033	0.00600	0.00162	0.00255	0.00908	0.00566	0.00507
16	0.01895	0.04437	0.01492	0.01289	0.01575	0.67317	0.00983	0.10780	0.02907	0.01501	0.00865	0.00976	0.00702	0.00539	0.00466	0.00135	0.00864	0.00349	0.00297	0.00633
17	0.00752	0.00552	0.00709	0.00679	0.00803	0.00525	0.00510	0.01049	0.05497	0.02002	0.67733	0.08681	0.04528	0.01075	0.00606	0.00167	0.00260	0.02821	0.00555	0.00497
18	0.01004	0.00883	0.01227	0.12495	0.01487	0.02666	0.03370	0.06583	0.01001	0.01402	0.01277	0.01794	0.04420	0.07252	0.25723	0.00408	0.22962	0.00534	0.02979	0.00532
19	0.00643	0.00454	0.00610	0.00726	0.00759	0.00427	0.00494	0.00732	0.00985	0.01311	0.02773	0.75536	0.03306	0.01602	0.00692	0.02376	0.00311	0.05379	0.00470	0.00415
20	0.00778	0.00565	0.00699	0.00747	0.00829	0.00549	0.00517	0.08570	0.01122	0.01498	0.02619	0.64138	0.05369	0.06530	0.00756	0.00217	0.00338	0.01273	0.00466	0.02419
21	0.01154	0.00965	0.01112	0.00803	0.01254	0.00776	0.00645	0.08953	0.01200	0.01830	0.00944	0.01081	0.00771	0.00404	0.00393	0.00084	0.00399	0.00320	0.00325	0.76587
22	0.00624	0.00453	0.00589	0.00698	0.00740	0.00418	0.00469	0.00716	0.00998	0.01316	0.03023	0.75322	0.09578	0.01582	0.00651	0.00205	0.00295	0.01428	0.00476	0.00418
23	0.01270	0.09192	0.16612	0.22350	0.11852	0.06512	0.03834	0.11433	0.01249	0.01659	0.00917	0.01179	0.00717	0.00544	0.00604	0.00162	0.08534	0.00421	0.00269	0.00689
24	0.01098	0.01378	0.12804	0.13076	0.07392	0.01200	0.38773	0.01478	0.01113	0.01536	0.01127	0.08258	0.00968	0.00590	0.00656	0.00177	0.06847	0.00606	0.00265	0.00658
25	0.00761	0.00544	0.00663	0.00660	0.00808	0.00490	0.00513	0.00951	0.01282	0.05089	0.32283	0.08607	0.31651	0.01210	0.00620	0.00180	0.00296	0.12400	0.00516	0.00477
26	0.00683	0.00547	0.00617	0.00613	0.00751	0.01734	0.00456	0.00857	0.01271	0.01653	0.34710	0.12015	0.38162	0.01218	0.00611	0.00173	0.00272	0.02693	0.00509	0.00456
27	0.01287	0.01186	0.10657	0.10871	0.04584	0.04560	0.03408	0.14842	0.04906	0.09309	0.01741	0.07401	0.06834	0.00871	0.00675	0.07488	0.00552	0.07795	0.00392	0.00642
28	0.02545	0.01852	0.45802	0.01325	0.05338	0.02613	0.04614	0.01401	0.01037	0.03070	0.02662	0.05023	0.02912	0.00912	0.04423	0.12404	0.00687	0.00487	0.00260	0.00633
29	0.01306	0.01117	0.01177	0.01050	0.01346	0.01290	0.00819	0.06006	0.74512	0.02194	0.02051	0.01884	0.01536	0.00693	0.00522	0.00173	0.00413	0.00575	0.00522	0.00815
30	0.02952	0.01322	0.03136	0.11540	0.43400	0.08699	0.06189	0.05095	0.07204	0.01710	0.01040	0.01287	0.00834	0.00493	0.00504	0.00154	0.00639	0.00455	0.00287	0.03059
31	0.01115	0.06955	0.24856	0.11086	0.03398	0.01200	0.08090	0.06809	0.09696	0.01667	0.04088	0.03619	0.01144	0.05798	0.02154	0.00201	0.05289	0.01858	0.00309	0.00668

[dist]
# distance from previous block
# <min> <max>
8	14

[block]
# block no. 5 follows, 48 sequences, length 6
# corresponding to MSA columns:
# 450-455
name=unknown_F
#
# <colnr> <probs for GDERKNQSTAVLIFYWHMCP>
#	G	D	E	R	K	N	Q	S	T	A	V	L	I	F	Y	W	H	M	C	P
0	0.01322	0.14276	0.01924	0.22943	0.32810	0.15348	0.01320	0.01583	0.01162	0.01430	0.00880	0.01163	0.00727	0.00482	0.00473	0.00147	0.00676	0.00405	0.00243	0.00685
1	0.00905	0.00759	0.01064	0.15159	0.07999	0.02731	0.00838	0.02896	0.00984	0.01363	0.01544	0.19879	0.01586	0.08568	0.18470	0.00352	0.08193	0.00727	0.05473	0.00510
2	0.00768	0.00570	0.00710	0.09208	0.01056	0.00533	0.00554	0.00936	0.01187	0.06000	0.16666	0.17867	0.39684	0.01189	0.00600	0.00176	0.00319	0.01023	0.00474	0.00479
3	0.00761	0.00523	0.00655	0.00650	0.00775	0.00471	0.00477	0.00938	0.01275	0.05910	0.39750	0.23332	0.20129	0.01219	0.00613	0.00175	0.00270	0.01071	0.00528	0.00478
4	0.00694	0.00518	0.00648	0.00652	0.00771	0.00472	0.00490	0.00890	0.01304	0.01766	0.45967	0.15155	0.20491	0.01211	0.00621	0.00176	0.00272	0.06915	0.00526	0.00463
5	0.06324	0.00777	0.00994	0.00803	0.01108	0.00695	0.00639	0.01964	0.01330	0.52789	0.08724	0.02346	0.08805	0.09452	0.00746	0.00197	0.00408	0.00616	0.00562	0.00722

[dist]
# distance from previous block
# <min> <max>
0	2

[block]
# block no. 6 follows, 48 sequences, length 24
# corresponding to MSA columns:
# 458,461-483
name=unknown_G
#
# <colnr> <probs for GDERKNQSTAVLIFYWHMCP>
#	G	D	E	R	K	N	Q	S	T	A	V	L	I	F	Y	W	H	M	C	P
0	0.01892	0.01162	0.01325	0.01052	0.01422	0.01226	0.00864	0.40242	0.11158	0.25422	0.01650	0.01690	0.01180	0.00666	0.00519	0.00160	0.00493	0.03807	0.03235	0.00835
1	0.01731	0.01226	0.01329	0.01046	0.01389	0.01338	0.00848	0.57832	0.03719	0.05862	0.05649	0.01596	0.01220	0.05745	0.00639	0.00174	0.00510	0.00512	0.06851	0.00785
2	0.06856	0.00965	0.01041	0.00923	0.01124	0.04503	0.00718	0.12509	0.20527	0.03839	0.10960	0.04251	0.01658	0.02995	0.02809	0.09822	0.07381	0.01397	0.05109	0.00611
3	0.05385	0.01264	0.02713	0.00981	0.01172	0.25367	0.00759	0.04284	0.01134	0.07225	0.01269	0.04903	0.01164	0.10758	0.27489	0.00415	0.02340	0.00516	0.00320	0.00543
4	0.02735	0.01026	0.01087	0.08248	0.01333	0.10023	0.01670	0.15797	0.05426	0.01736	0.05968	0.18900	0.04945	0.12308	0.00918	0.00220	0.05941	0.00753	0.00398	0.00565
5	0.10213	0.05316	0.27642	0.08950	0.01833	0.12892	0.04277	0.01513	0.01102	0.01570	0.01054	0.08691	0.00924	0.00583	0.00468	0.00150	0.00640	0.00466	0.00273	0.11443
6	0.01270	0.01219	0.02083	0.03149	0.78767	0.01219	0.01575	0.01575	0.01168	0.01676	0.00965	0.01270	0.00813	0.00457	0.00508	0.00152	0.00610	0.00457	0.00254	0.00813
7	0.00807	0.00598	0.00749	0.04287	0.02058	0.00604	0.00566	0.01058	0.08524	0.02661	0.10656	0.18811	0.13029	0.19137	0.03939	0.02414	0.00426	0.08786	0.00428	0.00464
8	0.00721	0.00491	0.00568	0.00586	0.00601	0.00482	0.00346	0.00747	0.00821	0.01091	0.04203	0.16173	0.04939	0.63623	0.02162	0.00429	0.00449	0.00880	0.00351	0.00338
9	0.00715	0.00486	0.00589	0.00625	0.00652	0.00483	0.00394	0.00773	0.00850	0.01161	0.02046	0.27290	0.03853	0.44909	0.08505	0.00412	0.00494	0.00943	0.04454	0.00367
10	0.00654	0.00449	0.00585	0.00694	0.00732	0.00422	0.00466	0.00756	0.00990	0.01362	0.02729	0.74780	0.03215	0.01521	0.00629	0.00201	0.00293	0.01374	0.07726	0.00422
11	0.01659	0.38446	0.02027	0.01153	0.03002	0.40669	0.00951	0.04198	0.01293	0.01305	0.00775	0.00896	0.00670	0.00490	0.00405	0.00123	0.00737	0.00312	0.00252	0.00637
12	0.01051	0.00509	0.00537	0.00515	0.00651	0.00500	0.00387	0.01276	0.01092	0.07807	0.01698	0.01964	0.01336	0.04204	0.00471	0.00139	0.00266	0.00493	0.74604	0.00501
13	0.01518	0.14194	0.05843	0.10235	0.01692	0.01399	0.00986	0.22726	0.23110	0.09659	0.01475	0.01474	0.02239	0.00604	0.00487	0.00156	0.00525	0.00475	0.00431	0.00773
14	0.01703	0.22466	0.03265	0.01144	0.01505	0.29228	0.00957	0.22223	0.09465	0.01876	0.01027	0.01087	0.00810	0.00546	0.00449	0.00137	0.00675	0.00378	0.00346	0.00712
15	0.79108	0.03410	0.00844	0.00712	0.01030	0.04990	0.00586	0.01535	0.00906	0.02220	0.00718	0.00838	0.00564	0.00478	0.00325	0.00156	0.00427	0.00280	0.00312	0.00561
16	0.01109	0.02853	0.13465	0.01736	0.02187	0.03937	0.46922	0.01490	0.01165	0.01567	0.01355	0.12675	0.01246	0.00666	0.00592	0.00178	0.00744	0.05173	0.00296	0.00646
17	0.00651	0.00466	0.00618	0.00697	0.00750	0.00434	0.00478	0.00778	0.01101	0.01498	0.21895	0.62028	0.03758	0.01467	0.00642	0.00197	0.00284	0.01325	0.00499	0.00434
18	0.00818	0.00678	0.00953	0.13840	0.01340	0.03184	0.00760	0.01004	0.00873	0.01200	0.01322	0.04226	0.01259	0.10076	0.52897	0.00631	0.03626	0.00568	0.00274	0.00469
19	0.00760	0.00573	0.00710	0.00678	0.00812	0.00550	0.00507	0.01095	0.08630	0.01951	0.59139	0.09726	0.10756	0.01080	0.00601	0.00167	0.00263	0.00949	0.00546	0.00506
20	0.72504	0.01045	0.02421	0.00728	0.01056	0.03242	0.00610	0.01598	0.00958	0.08858	0.02593	0.00987	0.00719	0.00505	0.00349	0.00158	0.00419	0.00317	0.00347	0.00587
21	0.01328	0.01128	0.01189	0.01055	0.01354	0.01300	0.00825	0.08440	0.72042	0.02230	0.02023	0.01862	0.01513	0.00690	0.00521	0.00172	0.00418	0.00571	0.00521	0.00817
22	0.01366	0.01102	0.01451	0.26368	0.16067	0.07422	0.01124	0.09869	0.05055	0.12168	0.07954	0.01703	0.03464	0.00666	0.01876	0.00172	0.00592	0.00521	0.00373	0.00689
23	0.01625	0.12444	0.01734	0.01445	0.08372	0.46514	0.06838	0.03033	0.04318	0.01394	0.00983	0.01286	0.00850	0.00644	0.02634	0.00160	0.00808	0.04004	0.00282	0.00633

[dist]
# distance from previous block
# <min> <max>
0	11

[block]
# block no. 7 follows, 48 sequences, length 9
# corresponding to MSA columns:
# 495-503
name=unknown_H
#
# <colnr> <probs for GDERKNQSTAVLIFYWHMCP>
#	G	D	E	R	K	N	Q	S	T	A	V	L	I	F	Y	W	H	M	C	P
0	0.03341	0.18681	0.46115	0.01339	0.01943	0.04648	0.07449	0.01711	0.07218	0.01585	0.00970	0.01107	0.00733	0.00491	0.00462	0.00152	0.00693	0.00387	0.00250	0.00725
1	0.00820	0.00605	0.00849	0.07862	0.03904	0.00613	0.00774	0.01045	0.01155	0.01555	0.08381	0.13981	0.07042	0.01228	0.00636	0.00206	0.00426	0.41252	0.07180	0.00485
2	0.00707	0.00527	0.00676	0.00764	0.00869	0.00496	0.00606	0.00871	0.01116	0.01427	0.03386	0.29272	0.22412	0.01447	0.00666	0.00211	0.00364	0.33264	0.00475	0.00445
3	0.01173	0.00955	0.01264	0.00920	0.01361	0.00768	0.08133	0.03735	0.01144	0.06893	0.01078	0.04050	0.00894	0.00454	0.00425	0.00098	0.00434	0.00394	0.00334	0.65490
4	0.01246	0.00607	0.00666	0.00596	0.00781	0.00597	0.00465	0.06345	0.01228	0.14885	0.01704	0.01841	0.01279	0.00605	0.00395	0.00128	0.00293	0.00483	0.65286	0.00570
5	0.00857	0.00550	0.00724	0.00673	0.00813	0.00504	0.00507	0.01087	0.01426	0.08728	0.67318	0.08293	0.04444	0.01046	0.00600	0.00164	0.00262	0.00924	0.00566	0.00514
6	0.01131	0.00952	0.01100	0.00792	0.01244	0.00753	0.00636	0.07028	0.01166	0.01790	0.00936	0.01077	0.00769	0.00398	0.00390	0.00082	0.00394	0.00316	0.00320	0.78726
7	0.08668	0.06581	0.05989	0.01253	0.10024	0.11125	0.05611	0.07121	0.01283	0.07922	0.08459	0.06434	0.06358	0.00670	0.00510	0.00149	0.01820	0.00551	0.00367	0.09106
8	0.11344	0.11029	0.06952	0.01082	0.04151	0.06246	0.03990	0.10353	0.01368	0.27030	0.02672	0.01395	0.02695	0.00562	0.00462	0.00145	0.00527	0.00437	0.00423	0.07136

[dist]
# distance from previous block
# <min> <max>
2	11

[block]
# block no. 8 follows, 48 sequences, length 27
# corresponding to MSA columns:
# 528-554
name=unknown_I
#
# <colnr> <probs for GDERKNQSTAVLIFYWHMCP>
#	G	D	E	R	K	N	Q	S	T	A	V	L	I	F	Y	W	H	M	C	P
0	0.06661	0.09684	0.08906	0.01450	0.03637	0.06936	0.26773	0.02409	0.06647	0.01600	0.01341	0.10336	0.01239	0.02194	0.00607	0.00177	0.02806	0.05646	0.00315	0.00637
1	0.01343	0.01113	0.01962	0.01468	0.03235	0.01004	0.34448	0.05181	0.01266	0.14082	0.01384	0.02984	0.03029	0.00546	0.00535	0.00149	0.00616	0.03794	0.00361	0.21501
2	0.05849	0.01262	0.02592	0.04484	0.05755	0.01210	0.60355	0.01584	0.01173	0.01694	0.01068	0.01394	0.00811	0.00453	0.00561	0.00167	0.00768	0.00565	0.07588	0.00667
3	0.06389	0.77434	0.02574	0.00866	0.01298	0.01978	0.00859	0.01535	0.01032	0.01272	0.00713	0.00824	0.00652	0.00441	0.00329	0.00113	0.00540	0.00275	0.00225	0.00652
4	0.47355	0.00938	0.00955	0.00784	0.01138	0.00969	0.00647	0.01964	0.01147	0.37569	0.01316	0.01253	0.00884	0.00549	0.00409	0.00159	0.00415	0.00387	0.00463	0.00701
5	0.00773	0.00536	0.00721	0.00812	0.00907	0.00523	0.00657	0.00971	0.01150	0.01564	0.11086	0.25448	0.03146	0.01360	0.00654	0.00211	0.00381	0.41254	0.07386	0.00459
6	0.00637	0.00455	0.00609	0.00728	0.00763	0.00427	0.00497	0.00735	0.00994	0.01323	0.02821	0.77114	0.03367	0.01596	0.00658	0.00210	0.00308	0.05858	0.00476	0.00420
7	0.00735	0.00592	0.00888	0.24993	0.01600	0.00641	0.00774	0.00906	0.01001	0.01317	0.02244	0.55067	0.02559	0.01270	0.00613	0.00198	0.00420	0.03316	0.00401	0.00465
8	0.00891	0.00446	0.00668	0.00668	0.00668	0.00446	0.00446	0.00668	0.00668	0.00891	0.00891	0.01560	0.00891	0.01783	0.02005	0.85071	0.00446	0.00446	0.00223	0.00223
9	0.00656	0.00464	0.00610	0.00715	0.00748	0.00441	0.00485	0.00747	0.00970	0.01291	0.02674	0.66069	0.03175	0.11198	0.00893	0.00245	0.00336	0.07417	0.00456	0.00409
10	0.01029	0.02654	0.79309	0.01462	0.02221	0.01192	0.01896	0.01625	0.01083	0.01625	0.00921	0.01083	0.00650	0.00487	0.00487	0.00162	0.00758	0.00379	0.00217	0.00758
11	0.01072	0.02573	0.72250	0.01451	0.02152	0.04644	0.01820	0.01625	0.01085	0.01590	0.00904	0.01078	0.00652	0.00509	0.00543	0.00164	0.04547	0.00380	0.00219	0.00742
12	0.01013	0.00933	0.01319	0.01165	0.01184	0.01260	0.00948	0.01111	0.00784	0.01192	0.00859	0.01394	0.00845	0.03313	0.18243	0.07300	0.55916	0.00476	0.00237	0.00507
13	0.30930	0.00871	0.00940	0.05197	0.01194	0.00922	0.00666	0.09285	0.01268	0.18722	0.12497	0.07704	0.02704	0.00758	0.01610	0.00172	0.00416	0.00561	0.02952	0.00631
14	0.01090	0.05425	0.01583	0.64786	0.03092	0.01199	0.01327	0.01395	0.01036	0.06357	0.00954	0.01343	0.00720	0.00548	0.00597	0.00171	0.07082	0.00449	0.00254	0.00594
15	0.05766	0.00868	0.01303	0.53386	0.02661	0.01026	0.01138	0.05482	0.01125	0.06593	0.01187	0.06196	0.00955	0.00599	0.00494	0.00165	0.00575	0.00512	0.09383	0.00586
16	0.00651	0.00455	0.00596	0.00696	0.00738	0.00426	0.00471	0.00761	0.01026	0.01404	0.08957	0.70918	0.03399	0.01507	0.00635	0.00200	0.00290	0.01362	0.05083	0.00426
17	0.01270	0.01344	0.12706	0.01614	0.02024	0.01144	0.36852	0.01610	0.01149	0.12926	0.01314	0.10175	0.01106	0.00662	0.00727	0.00180	0.11556	0.00634	0.00328	0.00680
18	0.01766	0.04041	0.01394	0.01128	0.01433	0.24857	0.00899	0.23044	0.09351	0.13385	0.04900	0.01404	0.01116	0.00634	0.00574	0.00153	0.06102	0.00458	0.02634	0.00727
19	0.81100	0.05328	0.00857	0.00686	0.01010	0.01198	0.00573	0.01510	0.00882	0.02244	0.00714	0.00833	0.00561	0.00474	0.00318	0.00156	0.00405	0.00278	0.00312	0.00561
20	0.00878	0.02800	0.00968	0.06208	0.09612	0.00698	0.00761	0.01096	0.03768	0.02839	0.08243	0.03817	0.21398	0.03881	0.02265	0.07157	0.00445	0.22254	0.00409	0.00505
21	0.00654	0.00523	0.00592	0.00589	0.00724	0.00482	0.00434	0.00788	0.01081	0.01358	0.09690	0.04148	0.50376	0.10784	0.15170	0.00326	0.00487	0.00937	0.00428	0.00428
