[name]
unknown

[dist]
# distance from previous block
# <min> <max>
0	300

[block]
# block no. 0 follows, 46 sequences, length 17
# corresponding to MSA columns:
# 445-461
name=unknown_A
#
# <colnr> <probs for GDERKNQSTAVLIFYWHMCP>
#	G	D	E	R	K	N	Q	S	T	A	V	L	I	F	Y	W	H	M	C	P
0	0.05287	0.02794	0.08083	0.01277	0.04421	0.25667	0.05595	0.10101	0.07081	0.01784	0.03454	0.08697	0.03066	0.00732	0.00528	0.00161	0.00660	0.05265	0.00366	0.04981
1	0.01427	0.01103	0.08105	0.01101	0.01486	0.00911	0.09378	0.01742	0.03862	0.23373	0.11320	0.03516	0.01550	0.00657	0.00626	0.00153	0.07509	0.00549	0.00436	0.21197
2	0.01841	0.00882	0.01172	0.01013	0.05175	0.00811	0.00768	0.06942	0.04306	0.46919	0.19556	0.02225	0.02109	0.00738	0.00549	0.00162	0.00418	0.00620	0.00595	0.03199
3	0.02486	0.01866	0.34371	0.03043	0.03030	0.04708	0.04212	0.16398	0.07144	0.04131	0.07398	0.01704	0.05888	0.00645	0.00530	0.00166	0.00635	0.00524	0.00369	0.00753
4	0.01319	0.04930	0.19218	0.05123	0.29121	0.01196	0.11926	0.01723	0.03215	0.10143	0.01249	0.04162	0.01009	0.00571	0.00537	0.00167	0.00659	0.02641	0.00316	0.00774
5	0.02348	0.00939	0.01251	0.00959	0.01369	0.00835	0.00792	0.07534	0.01578	0.73439	0.02031	0.01764	0.01281	0.00653	0.00531	0.00163	0.00459	0.00528	0.00646	0.00900
6	0.00892	0.00770	0.01285	0.01232	0.06622	0.00737	0.15651	0.03793	0.01215	0.01644	0.12718	0.37876	0.04485	0.01193	0.00646	0.00196	0.00462	0.07592	0.00444	0.00546
7	0.02734	0.03535	0.01328	0.01233	0.08119	0.23437	0.00886	0.05065	0.08638	0.20886	0.05568	0.03778	0.09407	0.00727	0.00550	0.00159	0.02224	0.00570	0.00445	0.00711
8	0.00699	0.00524	0.00688	0.00755	0.00806	0.00521	0.00531	0.00816	0.01071	0.01444	0.12707	0.56102	0.07918	0.04822	0.00815	0.00220	0.05229	0.03405	0.00480	0.00446
9	0.00658	0.00494	0.00634	0.00727	0.00779	0.00471	0.00499	0.00757	0.01035	0.01359	0.03209	0.67039	0.14611	0.01585	0.00702	0.00210	0.02902	0.01411	0.00482	0.00437
10	0.01026	0.00968	0.01635	0.73354	0.10223	0.01182	0.01482	0.01375	0.01070	0.01384	0.00944	0.01401	0.00716	0.00523	0.00528	0.00174	0.00698	0.00470	0.00237	0.00609
11	0.25108	0.01214	0.01300	0.14651	0.03057	0.06066	0.02924	0.18527	0.12391	0.05785	0.01202	0.01308	0.00891	0.00575	0.00468	0.00164	0.00547	0.00438	0.02674	0.00710
12	0.01031	0.00973	0.01645	0.71976	0.11558	0.01183	0.01485	0.01380	0.01073	0.01391	0.00945	0.01399	0.00719	0.00522	0.00528	0.00174	0.00697	0.00470	0.00238	0.00614
13	0.00640	0.00475	0.00598	0.00696	0.00756	0.00433	0.00473	0.00741	0.01050	0.01365	0.03398	0.66010	0.18250	0.01593	0.00665	0.00208	0.00299	0.01426	0.00491	0.00433
14	0.01117	0.00646	0.00677	0.00629	0.00791	0.00669	0.00481	0.13080	0.01318	0.02131	0.01758	0.08851	0.01472	0.00711	0.00422	0.00137	0.00305	0.00579	0.63676	0.00551
15	0.15869	0.38378	0.01942	0.01008	0.01385	0.23860	0.00875	0.03374	0.01224	0.06623	0.00860	0.00952	0.00708	0.00502	0.00393	0.00133	0.00642	0.00320	0.00291	0.00661
16	0.04960	0.00947	0.01167	0.05731	0.01421	0.00822	0.03015	0.05077	0.03952	0.06415	0.01238	0.08266	0.01077	0.00557	0.00450	0.00116	0.00433	0.00468	0.00363	0.53526

[dist]
# distance from previous block
# <min> <max>
4	14

[block]
# block no. 1 follows, 46 sequences, length 39
# corresponding to MSA columns:
# 476-495,497-515
name=unknown_B
#
# <colnr> <probs for GDERKNQSTAVLIFYWHMCP>
#	G	D	E	R	K	N	Q	S	T	A	V	L	I	F	Y	W	H	M	C	P
0	0.01426	0.01136	0.01383	0.07784	0.13239	0.03986	0.01010	0.32365	0.01700	0.02279	0.01640	0.14744	0.01545	0.00854	0.00565	0.00176	0.00543	0.08899	0.04011	0.00715
1	0.01506	0.25728	0.11556	0.01073	0.01537	0.03705	0.02062	0.18084	0.01439	0.07535	0.02230	0.01161	0.00861	0.00530	0.00484	0.00134	0.03223	0.00386	0.00348	0.16419
2	0.01699	0.14523	0.10290	0.01149	0.01588	0.01572	0.01049	0.48111	0.03659	0.02645	0.01193	0.01261	0.00890	0.00712	0.03332	0.00176	0.00612	0.00442	0.04281	0.00815
3	0.01243	0.02294	0.01105	0.00820	0.01194	0.00817	0.00646	0.11269	0.01309	0.07226	0.08237	0.01691	0.01348	0.09543	0.00696	0.00152	0.00424	0.00460	0.00390	0.49136
4	0.01252	0.51168	0.19691	0.01074	0.01568	0.01685	0.04549	0.01543	0.01139	0.01459	0.09398	0.01281	0.01163	0.00533	0.00421	0.00134	0.00594	0.00398	0.00267	0.00683
5	0.05831	0.01328	0.01508	0.01330	0.08601	0.01444	0.00994	0.48025	0.12000	0.11372	0.01426	0.01405	0.01018	0.00626	0.00520	0.00162	0.00542	0.00489	0.00510	0.00870
6	0.01884	0.02368	0.01512	0.01365	0.01607	0.70636	0.01037	0.02017	0.01421	0.01291	0.00803	0.00976	0.00682	0.00587	0.00617	0.00147	0.09819	0.00354	0.00268	0.00609
7	0.00848	0.00681	0.01121	0.06486	0.01304	0.00756	0.09114	0.01082	0.00932	0.01356	0.01373	0.01948	0.01224	0.03024	0.57782	0.00661	0.01200	0.00559	0.08037	0.00509
8	0.01788	0.01440	0.01683	0.08875	0.15673	0.05276	0.01160	0.52322	0.02074	0.02760	0.01167	0.01274	0.00859	0.00591	0.00525	0.00159	0.00619	0.00468	0.00441	0.00845
9	0.01366	0.01385	0.02154	0.03000	0.65823	0.08464	0.06755	0.01672	0.01234	0.01685	0.00983	0.01284	0.00821	0.00476	0.00526	0.00157	0.00676	0.00470	0.00263	0.00808
10	0.00644	0.00460	0.00613	0.00736	0.00767	0.00429	0.00491	0.00736	0.01012	0.01350	0.02914	0.81076	0.03497	0.01656	0.00675	0.00215	0.00307	0.01503	0.00491	0.00429
11	0.01208	0.01303	0.09017	0.04097	0.55816	0.01211	0.01511	0.01522	0.01126	0.01628	0.01015	0.01368	0.00864	0.00896	0.09394	0.00241	0.06284	0.00474	0.00258	0.00769
12	0.01014	0.06275	0.00908	0.00744	0.00865	0.00759	0.00529	0.01249	0.09404	0.08372	0.01707	0.06273	0.01710	0.41968	0.15560	0.00461	0.00650	0.00692	0.00370	0.00488
13	0.00697	0.00522	0.00598	0.00650	0.00764	0.00477	0.00470	0.00869	0.03313	0.01477	0.03810	0.35586	0.34736	0.01389	0.00624	0.00191	0.00297	0.04842	0.08231	0.00457
14	0.00683	0.00519	0.00632	0.00664	0.00778	0.00468	0.00488	0.00847	0.01236	0.01623	0.26242	0.27459	0.28733	0.01364	0.00646	0.00190	0.00289	0.06161	0.00518	0.00460
15	0.01970	0.01253	0.01402	0.01087	0.01484	0.01320	0.00894	0.51489	0.02132	0.21384	0.01844	0.01750	0.08105	0.00704	0.00538	0.00162	0.00521	0.00549	0.00556	0.00857
16	0.09491	0.10480	0.01600	0.01153	0.01510	0.12377	0.00952	0.39147	0.08489	0.02486	0.01135	0.01195	0.00863	0.00616	0.00567	0.00158	0.06157	0.00428	0.00421	0.00777
17	0.01820	0.01386	0.01480	0.01178	0.01567	0.01551	0.00959	0.56255	0.22900	0.03026	0.01510	0.01461	0.01094	0.00657	0.00531	0.00164	0.00537	0.00509	0.00531	0.00882
18	0.00701	0.00541	0.00642	0.00625	0.00772	0.00482	0.00474	0.00902	0.01362	0.01805	0.44038	0.04518	0.35444	0.01206	0.00629	0.00175	0.00268	0.04399	0.00539	0.00476
19	0.01426	0.01444	0.17005	0.01169	0.03062	0.03124	0.01057	0.09330	0.34431	0.11792	0.07011	0.01845	0.01518	0.02673	0.00586	0.00179	0.00520	0.00556	0.00473	0.00797
20	0.01252	0.06158	0.54174	0.01650	0.10596	0.13905	0.01717	0.01735	0.01186	0.01599	0.00923	0.01099	0.00691	0.00503	0.00493	0.00159	0.00782	0.00387	0.00236	0.00756
21	0.26706	0.00983	0.01120	0.00891	0.01275	0.00970	0.00735	0.07668	0.02777	0.49199	0.01630	0.01487	0.01067	0.00606	0.00471	0.00164	0.00447	0.00457	0.00547	0.00802
22	0.01015	0.00589	0.00648	0.00628	0.00765	0.00611	0.00475	0.08076	0.01195	0.01941	0.01780	0.10740	0.01548	0.01120	0.09531	0.00221	0.00419	0.00612	0.57564	0.00521
23	0.01975	0.02520	0.01498	0.01362	0.01634	0.79299	0.01021	0.02111	0.01498	0.01294	0.00817	0.00953	0.00681	0.00545	0.00477	0.00136	0.00953	0.00340	0.00272	0.00613
24	0.01838	0.02299	0.01410	0.01284	0.01540	0.70511	0.00963	0.01987	0.01498	0.01386	0.09407	0.01287	0.01161	0.00605	0.00493	0.00140	0.00875	0.00409	0.00307	0.00600
25	0.02010	0.01481	0.01587	0.01216	0.01639	0.01639	0.01005	0.76360	0.02486	0.03332	0.01269	0.01269	0.00899	0.00635	0.00529	0.00159	0.00582	0.00476	0.00529	0.00899
26	0.01147	0.00636	0.00798	0.00707	0.00923	0.00560	0.00552	0.01350	0.01411	0.22229	0.35248	0.03746	0.25076	0.01049	0.00602	0.00171	0.00313	0.02321	0.00573	0.00590
27	0.00644	0.00460	0.00613	0.00736	0.00767	0.00429	0.00491	0.00736	0.01012	0.01350	0.02914	0.81076	0.03497	0.01656	0.00675	0.00215	0.00307	0.01503	0.00491	0.00429
28	0.00644	0.00460	0.00613	0.00736	0.00767	0.00429	0.00491	0.00736	0.01012	0.01350	0.02914	0.81076	0.03497	0.01656	0.00675	0.00215	0.00307	0.01503	0.00491	0.00429
29	0.00647	0.00462	0.00616	0.00734	0.00767	0.00431	0.00491	0.00744	0.01026	0.01372	0.05078	0.78848	0.03540	0.01640	0.00673	0.00213	0.00305	0.01487	0.00493	0.00431
30	0.85155	0.01022	0.00777	0.00695	0.01022	0.01186	0.00573	0.01554	0.00900	0.02372	0.00736	0.00859	0.00573	0.00491	0.00327	0.00164	0.00409	0.00286	0.00327	0.00573
31	0.01140	0.00966	0.01120	0.00804	0.01271	0.00750	0.00645	0.04953	0.01163	0.01800	0.00956	0.01105	0.00789	0.00403	0.00398	0.00082	0.00401	0.00321	0.00324	0.80610
32	0.00998	0.00940	0.01586	0.80150	0.03641	0.01175	0.01468	0.01351	0.01057	0.01351	0.00940	0.01409	0.00705	0.00529	0.00529	0.00176	0.00705	0.00470	0.00235	0.00587
33	0.85155	0.01022	0.00777	0.00695	0.01022	0.01186	0.00573	0.01554	0.00900	0.02372	0.00736	0.00859	0.00573	0.00491	0.00327	0.00164	0.00409	0.00286	0.00327	0.00573
34	0.10871	0.01060	0.01056	0.00872	0.01160	0.03063	0.00703	0.36073	0.01733	0.02629	0.01381	0.01497	0.01040	0.00609	0.00441	0.00144	0.00437	0.00458	0.34081	0.00693
35	0.85155	0.01022	0.00777	0.00695	0.01022	0.01186	0.00573	0.01554	0.00900	0.02372	0.00736	0.00859	0.00573	0.00491	0.00327	0.00164	0.00409	0.00286	0.00327	0.00573
36	0.01305	0.01264	0.02193	0.03196	0.74486	0.01260	0.05222	0.01626	0.01206	0.01725	0.00998	0.01314	0.00836	0.00470	0.00528	0.00158	0.00641	0.00478	0.00262	0.00831
37	0.05527	0.00922	0.01004	0.00870	0.01140	0.02407	0.00687	0.13173	0.17516	0.13121	0.16682	0.04121	0.17705	0.00903	0.00563	0.00171	0.00395	0.01874	0.00535	0.00683
38	0.01930	0.00977	0.06608	0.00952	0.01325	0.00781	0.00816	0.03659	0.03285	0.54983	0.02092	0.14555	0.01602	0.00799	0.00549	0.00170	0.00450	0.00673	0.00582	0.03213

[dist]
# distance from previous block
# <min> <max>
0	47

[block]
# block no. 2 follows, 46 sequences, length 49
# corresponding to MSA columns:
# 568-580,626-657,661-664
name=unknown_C
#
# <colnr> <probs for GDERKNQSTAVLIFYWHMCP>
#	G	D	E	R	K	N	Q	S	T	A	V	L	I	F	Y	W	H	M	C	P
0	0.00730	0.00540	0.00681	0.00646	0.00779	0.00491	0.00484	0.00962	0.01453	0.02017	0.67082	0.04118	0.15815	0.01119	0.00624	0.00168	0.00252	0.00980	0.00568	0.00491
1	0.00740	0.00521	0.00676	0.00743	0.00815	0.00496	0.00516	0.00937	0.04878	0.03382	0.18561	0.59135	0.03665	0.01466	0.00654	0.00202	0.00304	0.01321	0.00516	0.00475
2	0.01214	0.36148	0.44789	0.01269	0.01905	0.01596	0.03237	0.01636	0.01101	0.01492	0.00861	0.01010	0.00676	0.00480	0.00436	0.00145	0.00692	0.00350	0.00225	0.00736
3	0.05864	0.00575	0.00764	0.07902	0.01110	0.00585	0.00659	0.00932	0.01083	0.01503	0.06514	0.47086	0.04940	0.01405	0.00648	0.00211	0.00383	0.16906	0.00462	0.00469
4	0.00847	0.00614	0.00775	0.00731	0.00865	0.00558	0.00541	0.01064	0.01544	0.02183	0.74786	0.04071	0.07001	0.01144	0.00663	0.00184	0.00286	0.00984	0.00608	0.00549
5	0.00749	0.00558	0.00673	0.00751	0.00832	0.00499	0.00514	0.00832	0.01148	0.01503	0.07534	0.57067	0.22087	0.01595	0.00699	0.00220	0.00330	0.01393	0.00526	0.00490
6	0.11632	0.08020	0.20541	0.10131	0.08484	0.07133	0.06711	0.05398	0.03316	0.12147	0.01110	0.01246	0.00810	0.00529	0.00486	0.00161	0.00654	0.00427	0.00329	0.00737
7	0.01482	0.67494	0.07036	0.01119	0.04107	0.03823	0.01043	0.01650	0.01139	0.01382	0.00857	0.01036	0.00778	0.00547	0.00471	0.00143	0.04557	0.00339	0.00263	0.00732
8	0.00644	0.00460	0.00613	0.00736	0.00767	0.00429	0.00491	0.00736	0.01012	0.01350	0.02914	0.81076	0.03497	0.01656	0.00675	0.00215	0.00307	0.01503	0.00491	0.00429
9	0.00967	0.00903	0.01542	0.03594	0.20498	0.02227	0.16024	0.01196	0.01121	0.01517	0.01979	0.40263	0.02167	0.01067	0.00621	0.00191	0.00529	0.02618	0.00379	0.00596
10	0.01277	0.01323	0.12641	0.05615	0.15370	0.01100	0.19299	0.07009	0.03922	0.09083	0.08525	0.08144	0.02903	0.00678	0.00570	0.00172	0.00622	0.00647	0.00375	0.00726
11	0.01169	0.08902	0.59783	0.01469	0.02166	0.01292	0.07442	0.01761	0.04886	0.04776	0.01046	0.01188	0.00753	0.00511	0.00501	0.00164	0.00741	0.00416	0.00260	0.00775
12	0.00893	0.00754	0.01053	0.00975	0.01018	0.00953	0.00758	0.01018	0.00819	0.01201	0.01224	0.02052	0.01234	0.18935	0.37355	0.00572	0.27863	0.00573	0.00273	0.00477
13	0.01136	0.00946	0.01203	0.00872	0.01325	0.00735	0.05221	0.01381	0.01133	0.04733	0.03462	0.02671	0.00987	0.00450	0.00424	0.00093	0.00418	0.00382	0.00335	0.72092
14	0.05155	0.55834	0.22031	0.01050	0.01579	0.01796	0.01154	0.01630	0.01088	0.03368	0.00824	0.00941	0.00687	0.00472	0.00385	0.00131	0.00610	0.00317	0.00241	0.00706
15	0.01342	0.00963	0.03048	0.15627	0.01736	0.00982	0.02307	0.13010	0.09327	0.14587	0.02239	0.03012	0.09848	0.00898	0.00591	0.00188	0.00519	0.18627	0.00470	0.00680
16	0.00655	0.00533	0.00573	0.00569	0.00725	0.00458	0.00420	0.00804	0.01236	0.01541	0.18962	0.07399	0.58371	0.04541	0.00710	0.00191	0.00276	0.01084	0.00501	0.00451
17	0.01803	0.01336	0.01425	0.01129	0.01505	0.01485	0.00921	0.57451	0.14878	0.03025	0.01457	0.01449	0.01059	0.00647	0.00516	0.00159	0.00525	0.00498	0.07879	0.00853
18	0.00750	0.00549	0.00705	0.00673	0.00798	0.00511	0.00502	0.01013	0.03143	0.02050	0.68907	0.08395	0.07778	0.01116	0.00625	0.00170	0.00257	0.00986	0.00572	0.00500
19	0.00665	0.00537	0.00592	0.00578	0.00739	0.00463	0.00433	0.00837	0.01300	0.01655	0.29101	0.04715	0.54022	0.01254	0.00624	0.00175	0.00262	0.01063	0.00521	0.00463
20	0.01068	0.01010	0.01711	0.62954	0.20295	0.01193	0.01503	0.01411	0.01090	0.01435	0.00952	0.01387	0.00734	0.00516	0.00527	0.00172	0.00688	0.00470	0.00241	0.00643
21	0.00644	0.00460	0.00613	0.00736	0.00767	0.00429	0.00491	0.00736	0.01012	0.01350	0.02914	0.81076	0.03497	0.01656	0.00675	0.00215	0.00307	0.01503	0.00491	0.00429
22	0.01963	0.04810	0.01552	0.01324	0.01627	0.64431	0.01015	0.14020	0.01644	0.01620	0.00887	0.01001	0.00716	0.00556	0.00481	0.00139	0.00882	0.00360	0.00312	0.00661
23	0.85155	0.01022	0.00777	0.00695	0.01022	0.01186	0.00573	0.01554	0.00900	0.02372	0.00736	0.00859	0.00573	0.00491	0.00327	0.00164	0.00409	0.00286	0.00327	0.00573
24	0.00674	0.00481	0.00646	0.00764	0.00809	0.00454	0.00537	0.00790	0.01053	0.01403	0.05223	0.69184	0.03485	0.01614	0.00680	0.00217	0.00328	0.10727	0.00493	0.00439
25	0.00650	0.00465	0.00619	0.00732	0.00768	0.00434	0.00491	0.00752	0.01042	0.01396	0.07470	0.76386	0.03587	0.01621	0.00672	0.00212	0.00303	0.01470	0.00496	0.00434
26	0.01157	0.01157	0.01619	0.01388	0.01388	0.01619	0.01157	0.01272	0.00810	0.01272	0.00694	0.01157	0.00694	0.00925	0.01735	0.00231	0.80453	0.00463	0.00231	0.00578
27	0.08707	0.01269	0.01386	0.01084	0.01469	0.01374	0.00892	0.49468	0.03874	0.16805	0.01410	0.01386	0.00986	0.00633	0.00528	0.00160	0.02100	0.00474	0.05151	0.00843
28	0.01399	0.73904	0.08614	0.00958	0.01435	0.02015	0.00988	0.03199	0.01108	0.01322	0.00763	0.00878	0.00682	0.00460	0.00356	0.00118	0.00582	0.00295	0.00232	0.00691
29	0.01402	0.64765	0.13594	0.01024	0.01510	0.07440	0.01064	0.01634	0.01110	0.01309	0.00772	0.00894	0.00677	0.00466	0.00372	0.00123	0.00624	0.00302	0.00229	0.00689
30	0.01666	0.02010	0.01420	0.12678	0.03523	0.55862	0.01034	0.01865	0.02603	0.01349	0.01130	0.01318	0.04508	0.00723	0.03682	0.00174	0.00868	0.00417	0.02571	0.00601
31	0.03129	0.00701	0.00661	0.00622	0.00783	0.04217	0.00472	0.06220	0.05824	0.02022	0.01654	0.01900	0.01310	0.03175	0.00467	0.00143	0.00323	0.00495	0.65339	0.00542
32	0.06136	0.00905	0.01206	0.00929	0.01335	0.00796	0.00768	0.02530	0.01485	0.75028	0.02024	0.01757	0.01275	0.00647	0.00522	0.00164	0.00448	0.00520	0.00639	0.00885
33	0.00745	0.00541	0.00680	0.00740	0.00790	0.00541	0.00506	0.00914	0.05319	0.01379	0.07230	0.45211	0.02997	0.21775	0.01200	0.00288	0.01959	0.06299	0.00451	0.00436
34	0.01308	0.01256	0.02146	0.03245	0.78123	0.01256	0.01622	0.01622	0.01204	0.01727	0.00994	0.01308	0.00837	0.00471	0.00523	0.00157	0.00628	0.00471	0.00262	0.00837
35	0.01135	0.04849	0.72747	0.01462	0.02216	0.01230	0.01866	0.01716	0.01135	0.05447	0.00999	0.01142	0.00701	0.00508	0.00499	0.00166	0.00759	0.00395	0.00245	0.00784
36	0.00625	0.00536	0.00536	0.00536	0.00714	0.00446	0.00402	0.00759	0.01205	0.01428	0.05355	0.05088	0.77909	0.01339	0.00625	0.00179	0.00268	0.01116	0.00491	0.00446
37	0.02269	0.00892	0.01205	0.00931	0.01323	0.00780	0.00766	0.04157	0.01534	0.72333	0.06483	0.01913	0.01514	0.00679	0.00537	0.00164	0.00441	0.00555	0.00647	0.00876
38	0.01022	0.01049	0.05421	0.71183	0.08506	0.01183	0.01502	0.01385	0.01070	0.01392	0.00944	0.01388	0.00712	0.00523	0.00527	0.00174	0.00703	0.00466	0.00236	0.00613
39	0.01248	0.01426	0.03119	0.02228	0.02763	0.01337	0.76203	0.01693	0.01248	0.01693	0.01070	0.01426	0.00802	0.00446	0.00624	0.00178	0.00891	0.00624	0.00267	0.00713
40	0.00644	0.00460	0.00613	0.00736	0.00767	0.00429	0.00491	0.00736	0.01012	0.01350	0.02914	0.81076	0.03497	0.01656	0.00675	0.00215	0.00307	0.01503	0.00491	0.00429
41	0.00985	0.00493	0.00493	0.00493	0.00616	0.00493	0.00370	0.01232	0.01109	0.01971	0.01725	0.01971	0.01355	0.00616	0.00370	0.00123	0.00246	0.00493	0.84356	0.00493
42	0.00928	0.00767	0.05544	0.00879	0.01056	0.00668	0.00732	0.05282	0.05574	0.05198	0.11449	0.29195	0.08312	0.01289	0.00647	0.00204	0.00403	0.20829	0.00496	0.00546
43	0.01116	0.14092	0.65625	0.01440	0.02167	0.01355	0.03874	0.01662	0.01114	0.01613	0.00921	0.01086	0.00675	0.00493	0.00482	0.00160	0.00753	0.00382	0.00225	0.00765
44	0.01283	0.01369	0.01531	0.01333	0.01387	0.16133	0.01081	0.01399	0.00938	0.01264	0.00779	0.01245	0.00762	0.04587	0.03403	0.00241	0.59994	0.00456	0.00244	0.00571
45	0.01248	0.11128	0.09077	0.03734	0.04715	0.03003	0.43140	0.01608	0.01144	0.01555	0.00948	0.01273	0.00755	0.00534	0.00751	0.00177	0.13743	0.00523	0.00252	0.00692
46	0.00644	0.00460	0.00613	0.00736	0.00767	0.00429	0.00491	0.00736	0.01012	0.01350	0.02914	0.81076	0.03497	0.01656	0.00675	0.00215	0.00307	0.01503	0.00491	0.00429
47	0.01000	0.00685	0.00834	0.00805	0.00962	0.00665	0.00596	0.12178	0.01339	0.06452	0.12096	0.39281	0.07853	0.04511	0.00706	0.00202	0.00367	0.04600	0.00503	0.04366
48	0.00760	0.00514	0.00574	0.00574	0.00585	0.00508	0.00325	0.00768	0.00795	0.01050	0.01890	0.03559	0.06542	0.76552	0.02565	0.00492	0.00498	0.00790	0.00331	0.00328

[dist]
# distance from previous block
# <min> <max>
0	1

[block]
# block no. 3 follows, 46 sequences, length 40
# corresponding to MSA columns:
# 666-704,706
name=unknown_D
#
# <colnr> <probs for GDERKNQSTAVLIFYWHMCP>
#	G	D	E	R	K	N	Q	S	T	A	V	L	I	F	Y	W	H	M	C	P
0	0.02010	0.01481	0.01587	0.01216	0.01639	0.01639	0.01005	0.76360	0.02486	0.03332	0.01269	0.01269	0.00899	0.00635	0.00529	0.00159	0.00582	0.00476	0.00529	0.00899
1	0.01300	0.01248	0.02131	0.05241	0.76190	0.01254	0.01618	0.01615	0.01200	0.01717	0.00993	0.01311	0.00834	0.00473	0.00524	0.00158	0.00630	0.00471	0.00261	0.00831
2	0.01101	0.00722	0.00941	0.00969	0.01152	0.00733	0.00819	0.01536	0.13358	0.11008	0.05462	0.06431	0.02689	0.01234	0.00670	0.00220	0.00458	0.49386	0.00519	0.00592
3	0.02334	0.00960	0.01264	0.00969	0.01379	0.00866	0.00801	0.10204	0.01614	0.70719	0.02001	0.01745	0.01266	0.00652	0.00531	0.00163	0.00463	0.00526	0.00641	0.00900
4	0.01958	0.01413	0.01526	0.01186	0.01596	0.01558	0.00975	0.64630	0.10152	0.07419	0.01406	0.01372	0.00996	0.00644	0.00530	0.00161	0.00557	0.00492	0.00537	0.00893
5	0.01104	0.00770	0.00845	0.00748	0.00866	0.00811	0.00508	0.20978	0.01243	0.01676	0.01587	0.04409	0.01664	0.55818	0.02003	0.00400	0.00519	0.00697	0.02872	0.00482
6	0.01415	0.68408	0.10542	0.00987	0.01471	0.01973	0.01019	0.06403	0.01169	0.01423	0.00791	0.00903	0.00692	0.00469	0.00368	0.00122	0.00589	0.00306	0.00245	0.00703
7	0.01272	0.59580	0.15765	0.00992	0.01458	0.01769	0.01044	0.01511	0.01075	0.01330	0.00997	0.09189	0.00968	0.00585	0.00402	0.00133	0.00576	0.00428	0.00253	0.00671
8	0.01975	0.02520	0.01498	0.01362	0.01634	0.79299	0.01021	0.02111	0.01498	0.01294	0.00817	0.00953	0.00681	0.00545	0.00477	0.00136	0.00953	0.00340	0.00272	0.00613
9	0.01614	0.01213	0.01303	0.01086	0.01400	0.03043	0.00861	0.45551	0.12697	0.04524	0.01772	0.19222	0.01586	0.00873	0.00562	0.00174	0.00502	0.00721	0.00519	0.00779
10	0.01188	0.01533	0.13466	0.10123	0.03899	0.01329	0.50038	0.01616	0.01169	0.01618	0.01004	0.01354	0.00764	0.00506	0.00695	0.00181	0.08003	0.00558	0.00254	0.00700
11	0.00765	0.00511	0.00578	0.00582	0.00582	0.00510	0.00326	0.00768	0.00776	0.01035	0.01704	0.05867	0.01971	0.78947	0.02628	0.00503	0.00506	0.00792	0.00326	0.00324
12	0.00749	0.00546	0.00724	0.00812	0.00913	0.00521	0.00646	0.00933	0.01185	0.01555	0.11878	0.28727	0.12352	0.01462	0.00688	0.00218	0.00378	0.34748	0.00500	0.00466
13	0.00803	0.00668	0.00721	0.00705	0.00892	0.00652	0.00537	0.01255	0.18207	0.01670	0.11095	0.09785	0.44932	0.01205	0.00614	0.00183	0.00314	0.04712	0.00510	0.00539
14	0.03316	0.28571	0.02885	0.00936	0.01353	0.01304	0.00835	0.09231	0.01424	0.38100	0.01688	0.01581	0.05316	0.00617	0.00467	0.00147	0.00496	0.00468	0.00475	0.00791
15	0.00803	0.00591	0.00784	0.00874	0.01007	0.00572	0.00748	0.01025	0.01228	0.01577	0.06748	0.05700	0.17699	0.01419	0.00705	0.00227	0.00433	0.56889	0.00492	0.00479
16	0.00650	0.00464	0.00620	0.00743	0.00776	0.00434	0.00501	0.00746	0.01018	0.01356	0.02911	0.79040	0.03484	0.01651	0.00676	0.00215	0.00312	0.03484	0.00491	0.00431
17	0.01090	0.01024	0.01670	0.57052	0.16574	0.01206	0.02689	0.01555	0.08955	0.01512	0.01077	0.01450	0.00824	0.00536	0.00530	0.00173	0.00665	0.00486	0.00272	0.00659
18	0.01093	0.02689	0.76768	0.01493	0.02265	0.01217	0.01924	0.01696	0.01126	0.03572	0.00977	0.01133	0.00685	0.00506	0.00503	0.00167	0.00773	0.00394	0.00234	0.00784
19	0.01037	0.00550	0.00564	0.00543	0.00682	0.00561	0.00413	0.05426	0.01179	0.02027	0.01691	0.01935	0.01329	0.00707	0.02512	0.00145	0.00297	0.00494	0.77397	0.00515
20	0.64019	0.00954	0.00837	0.00729	0.01047	0.01054	0.00596	0.01650	0.01053	0.13757	0.08910	0.01319	0.01139	0.00576	0.00388	0.00164	0.00399	0.00392	0.00403	0.00614
21	0.00713	0.00542	0.00772	0.00995	0.08764	0.00515	0.00608	0.00828	0.01032	0.01389	0.02715	0.72829	0.03222	0.01534	0.00659	0.00209	0.00340	0.01396	0.00467	0.00472
22	0.02328	0.00970	0.01270	0.00974	0.01384	0.00881	0.00804	0.11449	0.01630	0.69451	0.01987	0.01736	0.01259	0.00652	0.00531	0.00163	0.00466	0.00525	0.00639	0.00900
23	0.01173	0.06340	0.01693	0.01357	0.01386	0.01650	0.01140	0.01292	0.00827	0.01270	0.00697	0.01137	0.00693	0.00895	0.01645	0.00224	0.75314	0.00451	0.00231	0.00585
24	0.01276	0.01223	0.02088	0.11196	0.70423	0.01248	0.01606	0.01594	0.01189	0.01688	0.00989	0.01319	0.00824	0.00477	0.00524	0.00159	0.00636	0.00471	0.00259	0.00812
25	0.01572	0.01108	0.01228	0.01059	0.01386	0.01222	0.00839	0.08838	0.54593	0.17348	0.02078	0.01956	0.01521	0.00712	0.00540	0.00176	0.00439	0.01979	0.00559	0.00848
26	0.00679	0.00543	0.00608	0.00600	0.00754	0.00478	0.00447	0.00871	0.02631	0.01663	0.28793	0.09549	0.47981	0.01264	0.00626	0.00177	0.00267	0.01079	0.00521	0.00469
27	0.00655	0.00533	0.00579	0.00575	0.00734	0.00458	0.00429	0.00814	0.01264	0.01587	0.22296	0.08391	0.57255	0.01293	0.00627	0.00177	0.00265	0.01096	0.00512	0.00458
28	0.00765	0.00514	0.00579	0.00578	0.00585	0.00511	0.00326	0.00774	0.00796	0.01060	0.03535	0.03511	0.03854	0.77584	0.02592	0.00496	0.00500	0.00782	0.00331	0.00328
29	0.00860	0.00593	0.00735	0.00681	0.00842	0.00549	0.00517	0.01150	0.05291	0.06918	0.56612	0.03907	0.17168	0.01079	0.00613	0.00169	0.00274	0.00938	0.00569	0.00533
30	0.00647	0.00462	0.00616	0.00734	0.00767	0.00431	0.00491	0.00743	0.01024	0.01369	0.04771	0.79165	0.03533	0.01642	0.00673	0.00213	0.00305	0.01489	0.00493	0.00431
31	0.01318	0.56435	0.25626	0.01095	0.01643	0.03285	0.01223	0.01620	0.01095	0.01374	0.00801	0.00931	0.00676	0.00469	0.00391	0.00130	0.00638	0.00316	0.00226	0.00708
32	0.01060	0.02735	0.78682	0.01507	0.02288	0.01228	0.01953	0.01674	0.01116	0.01674	0.00949	0.01116	0.00670	0.00502	0.00502	0.00167	0.00781	0.00391	0.00223	0.00781
33	0.00769	0.00513	0.00577	0.00577	0.00577	0.00513	0.00320	0.00769	0.00769	0.01025	0.01666	0.03460	0.01922	0.81421	0.02691	0.00513	0.00513	0.00769	0.00320	0.00320
34	0.01413	0.81739	0.02770	0.00905	0.01357	0.02092	0.00905	0.01583	0.01074	0.01244	0.00735	0.00848	0.00678	0.00452	0.00339	0.00113	0.00565	0.00283	0.00226	0.00678
35	0.00678	0.00494	0.00683	0.00782	0.00829	0.00466	0.02015	0.00787	0.01027	0.01367	0.02829	0.70591	0.03356	0.04032	0.00740	0.00226	0.00340	0.07841	0.00481	0.00437
36	0.00769	0.00513	0.00577	0.00577	0.00577	0.00513	0.00320	0.00769	0.00769	0.01025	0.01666	0.03460	0.01922	0.81421	0.02691	0.00513	0.00513	0.00769	0.00320	0.00320
37	0.02094	0.00962	0.01219	0.00976	0.01356	0.00918	0.00793	0.02637	0.21379	0.58460	0.02103	0.01845	0.01389	0.00671	0.00533	0.00168	0.00442	0.00549	0.00624	0.00883
38	0.01212	0.01360	0.02920	0.03816	0.02653	0.01276	0.69146	0.01635	0.01229	0.01672	0.01141	0.04773	0.00913	0.00497	0.00617	0.00177	0.00848	0.00648	0.00277	0.03188
39	0.64522	0.01001	0.00968	0.18470	0.01615	0.01174	0.00777	0.01531	0.00948	0.03810	0.00811	0.01003	0.00618	0.00503	0.00377	0.00166	0.00476	0.00333	0.00314	0.00583

[dist]
# distance from previous block
# <min> <max>
0	1

[block]
# block no. 4 follows, 46 sequences, length 9
# corresponding to MSA columns:
# 708-716
name=unknown_E
#
# <colnr> <probs for GDERKNQSTAVLIFYWHMCP>
#	G	D	E	R	K	N	Q	S	T	A	V	L	I	F	Y	W	H	M	C	P
0	0.01308	0.01256	0.02146	0.03245	0.78123	0.01256	0.01622	0.01622	0.01204	0.01727	0.00994	0.01308	0.00837	0.00471	0.00523	0.00157	0.00628	0.00471	0.00262	0.00837
1	0.01248	0.01426	0.03119	0.02228	0.02763	0.01337	0.76203	0.01693	0.01248	0.01693	0.01070	0.01426	0.00802	0.00446	0.00624	0.00178	0.00891	0.00624	0.00267	0.00713
2	0.01028	0.00940	0.01533	0.68435	0.06647	0.01150	0.01384	0.01433	0.05058	0.01445	0.01047	0.01464	0.00792	0.00540	0.00520	0.00173	0.00662	0.00478	0.04664	0.00606
3	0.00658	0.00468	0.00618	0.00723	0.00758	0.00439	0.00482	0.00756	0.01033	0.01386	0.08035	0.71613	0.03516	0.05855	0.00778	0.00227	0.00314	0.01426	0.00488	0.00428
4	0.00644	0.00460	0.00613	0.00736	0.00767	0.00429	0.00491	0.00736	0.01012	0.01350	0.02914	0.81076	0.03497	0.01656	0.00675	0.00215	0.00307	0.01503	0.00491	0.00429
5	0.00755	0.00566	0.00850	0.00850	0.00944	0.00661	0.00661	0.00944	0.00850	0.01227	0.01416	0.02077	0.01322	0.03965	0.79326	0.00850	0.01416	0.00566	0.00283	0.00472
6	0.02023	0.01611	0.01554	0.01224	0.01623	0.13671	0.00995	0.60896	0.02280	0.07005	0.01242	0.01248	0.00887	0.00622	0.00521	0.00155	0.00633	0.00458	0.00496	0.00855
7	0.00742	0.00531	0.00683	0.00800	0.00840	0.00488	0.00533	0.00809	0.01071	0.01437	0.02977	0.80045	0.03544	0.01701	0.00712	0.00231	0.00340	0.01517	0.00519	0.00479
8	0.00644	0.00460	0.00613	0.00736	0.00767	0.00429	0.00491	0.00736	0.01012	0.01350	0.02914	0.81076	0.03497	0.01656	0.00675	0.00215	0.00307	0.01503	0.00491	0.00429

[dist]
# distance from previous block
# <min> <max>
0	1

[block]
# block no. 5 follows, 46 sequences, length 62
# corresponding to MSA columns:
# 718-765,813-826
name=unknown_F
#
# <colnr> <probs for GDERKNQSTAVLIFYWHMCP>
#	G	D	E	R	K	N	Q	S	T	A	V	L	I	F	Y	W	H	M	C	P
0	0.01413	0.81739	0.02770	0.00905	0.01357	0.02092	0.00905	0.01583	0.01074	0.01244	0.00735	0.00848	0.00678	0.00452	0.00339	0.00113	0.00565	0.00283	0.00226	0.00678
1	0.02355	0.00927	0.01244	0.00954	0.01363	0.00818	0.00788	0.06079	0.01559	0.74922	0.02047	0.01774	0.01289	0.00653	0.00531	0.00163	0.00456	0.00529	0.00648	0.00900
2	0.00818	0.00592	0.00809	0.00921	0.01041	0.00582	0.00789	0.01042	0.01201	0.01553	0.03013	0.11380	0.09105	0.01465	0.00718	0.00236	0.00456	0.63313	0.00487	0.00479
3	0.01268	0.01457	0.03074	0.02204	0.02731	0.03530	0.74088	0.01705	0.01255	0.01682	0.01062	0.01413	0.00799	0.00448	0.00620	0.00177	0.00893	0.00616	0.00268	0.00710
4	0.01889	0.01411	0.01510	0.01181	0.01577	0.01567	0.00965	0.65193	0.11575	0.03129	0.01389	0.01418	0.01016	0.02962	0.00592	0.00171	0.00560	0.00499	0.00524	0.00875
5	0.00860	0.00643	0.00780	0.00751	0.00894	0.00634	0.00558	0.07127	0.07495	0.01977	0.41136	0.23507	0.09225	0.01182	0.00622	0.00180	0.00306	0.01041	0.00544	0.00537
6	0.01330	0.01161	0.01299	0.01260	0.07562	0.03064	0.02284	0.07687	0.57335	0.02162	0.02055	0.05661	0.03285	0.00741	0.00545	0.00177	0.00459	0.00628	0.00501	0.00806
7	0.01921	0.01437	0.01536	0.01198	0.01606	0.01598	0.00983	0.66946	0.12045	0.03188	0.01382	0.01359	0.00991	0.00645	0.00530	0.00161	0.00561	0.00492	0.00530	0.00891
8	0.01248	0.01426	0.03119	0.02228	0.02763	0.01337	0.76203	0.01693	0.01248	0.01693	0.01070	0.01426	0.00802	0.00446	0.00624	0.00178	0.00891	0.00624	0.00267	0.00713
9	0.02303	0.00907	0.01216	0.00936	0.01338	0.00795	0.00772	0.04950	0.01535	0.73493	0.02166	0.01889	0.03798	0.00676	0.00535	0.00164	0.00448	0.00549	0.00645	0.00885
10	0.01060	0.00610	0.00804	0.00716	0.00897	0.00552	0.00551	0.01298	0.01493	0.16894	0.61602	0.03557	0.05857	0.01004	0.00606	0.00166	0.00289	0.00877	0.00594	0.00575
11	0.00748	0.00540	0.00707	0.00665	0.00790	0.00499	0.00499	0.00998	0.01496	0.02120	0.77844	0.03949	0.04988	0.01081	0.00624	0.00166	0.00249	0.00956	0.00582	0.00499
12	0.00664	0.00533	0.00592	0.00586	0.00740	0.00462	0.00436	0.00831	0.01285	0.01637	0.27556	0.08683	0.51584	0.01276	0.00627	0.00177	0.00264	0.01087	0.00519	0.00462
13	0.85155	0.01022	0.00777	0.00695	0.01022	0.01186	0.00573	0.01554	0.00900	0.02372	0.00736	0.00859	0.00573	0.00491	0.00327	0.00164	0.00409	0.00286	0.00327	0.00573
14	0.00701	0.00535	0.00646	0.00645	0.00780	0.00481	0.00486	0.00894	0.01329	0.01767	0.40255	0.11806	0.30606	0.01251	0.00636	0.00180	0.00276	0.05716	0.00535	0.00473
15	0.02010	0.01481	0.01587	0.01216	0.01639	0.01639	0.01005	0.76360	0.02486	0.03332	0.01269	0.01269	0.00899	0.00635	0.00529	0.00159	0.00582	0.00476	0.00529	0.00899
16	0.01116	0.00588	0.00607	0.00567	0.00725	0.00597	0.00435	0.07497	0.01236	0.04584	0.01699	0.01907	0.01316	0.00619	0.00388	0.00127	0.00281	0.00493	0.74680	0.00540
17	0.01010	0.00951	0.01606	0.77290	0.06411	0.01178	0.01474	0.01361	0.01063	0.01365	0.00942	0.01406	0.00710	0.00526	0.00528	0.00175	0.00702	0.00470	0.00236	0.00597
18	0.00668	0.00477	0.00640	0.00763	0.00804	0.00450	0.00532	0.00777	0.01035	0.01376	0.02901	0.72550	0.03445	0.01634	0.00681	0.00218	0.00327	0.09796	0.00490	0.00436
19	0.01413	0.81739	0.02770	0.00905	0.01357	0.02092	0.00905	0.01583	0.01074	0.01244	0.00735	0.00848	0.00678	0.00452	0.00339	0.00113	0.00565	0.00283	0.00226	0.00678
20	0.02260	0.00875	0.01191	0.00922	0.01311	0.00758	0.00758	0.02468	0.01512	0.73249	0.07284	0.01947	0.01561	0.00684	0.00538	0.00164	0.00436	0.00561	0.00649	0.00872
21	0.01413	0.81739	0.02770	0.00905	0.01357	0.02092	0.00905	0.01583	0.01074	0.01244	0.00735	0.00848	0.00678	0.00452	0.00339	0.00113	0.00565	0.00283	0.00226	0.00678
22	0.01213	0.01571	0.12727	0.02101	0.02655	0.01302	0.64580	0.01674	0.01230	0.01688	0.01103	0.01514	0.00848	0.00481	0.00611	0.00179	0.00866	0.02674	0.00268	0.00715
23	0.00644	0.00460	0.00613	0.00736	0.00767	0.00429	0.00491	0.00736	0.01012	0.01350	0.02914	0.81076	0.03497	0.01656	0.00675	0.00215	0.00307	0.01503	0.00491	0.00429
24	0.00644	0.00460	0.00613	0.00736	0.00767	0.00429	0.00491	0.00736	0.01012	0.01350	0.02914	0.81076	0.03497	0.01656	0.00675	0.00215	0.00307	0.01503	0.00491	0.00429
25	0.01070	0.04957	0.76547	0.01490	0.02262	0.01252	0.01924	0.01672	0.01115	0.01662	0.00943	0.01109	0.00670	0.00501	0.00498	0.00166	0.00775	0.00388	0.00223	0.00778
26	0.01308	0.01256	0.02146	0.03245	0.78123	0.01256	0.01622	0.01622	0.01204	0.01727	0.00994	0.01308	0.00837	0.00471	0.00523	0.00157	0.00628	0.00471	0.00262	0.00837
27	0.00998	0.00940	0.01586	0.80150	0.03641	0.01175	0.01468	0.01351	0.01057	0.01351	0.00940	0.01409	0.00705	0.00529	0.00529	0.00176	0.00705	0.00470	0.00235	0.00587
28	0.00742	0.00540	0.00698	0.00659	0.00786	0.00496	0.00494	0.00985	0.01482	0.02085	0.74161	0.04007	0.08693	0.01094	0.00624	0.00167	0.00250	0.00964	0.00577	0.00496
29	0.01006	0.00947	0.01591	0.74328	0.07454	0.01162	0.01452	0.01351	0.01068	0.01372	0.01043	0.01488	0.02473	0.00544	0.00530	0.00175	0.00691	0.00485	0.00242	0.00597
30	0.02010	0.01481	0.01587	0.01216	0.01639	0.01639	0.01005	0.76360	0.02486	0.03332	0.01269	0.01269	0.00899	0.00635	0.00529	0.00159	0.00582	0.00476	0.00529	0.00899
31	0.00998	0.00940	0.01586	0.80150	0.03641	0.01175	0.01468	0.01351	0.01057	0.01351	0.00940	0.01409	0.00705	0.00529	0.00529	0.00176	0.00705	0.00470	0.00235	0.00587
32	0.00764	0.00511	0.00578	0.00583	0.00584	0.00509	0.00327	0.00768	0.00778	0.01037	0.01712	0.06346	0.01981	0.78455	0.02616	0.00501	0.00505	0.00796	0.00327	0.00324
33	0.02010	0.01481	0.01587	0.01216	0.01639	0.01639	0.01005	0.76360	0.02486	0.03332	0.01269	0.01269	0.00899	0.00635	0.00529	0.00159	0.00582	0.00476	0.00529	0.00899
34	0.01232	0.01282	0.01608	0.01386	0.01411	0.08753	0.01144	0.01349	0.00873	0.01274	0.00705	0.01138	0.00693	0.00890	0.01619	0.00223	0.73153	0.00451	0.00235	0.00581
35	0.00998	0.00940	0.01586	0.80150	0.03641	0.01175	0.01468	0.01351	0.01057	0.01351	0.00940	0.01409	0.00705	0.00529	0.00529	0.00176	0.00705	0.00470	0.00235	0.00587
36	0.01283	0.01231	0.02101	0.09438	0.72125	0.01250	0.01610	0.01601	0.01192	0.01697	0.00990	0.01317	0.00827	0.00476	0.00524	0.00159	0.00634	0.00471	0.00260	0.00817
37	0.00652	0.00470	0.00609	0.00713	0.00754	0.00437	0.00476	0.00746	0.01025	0.01358	0.04942	0.70226	0.08237	0.05706	0.00773	0.00226	0.00313	0.01426	0.00484	0.00427
38	0.00697	0.00541	0.00820	0.00861	0.00934	0.00506	0.06595	0.00820	0.01035	0.01382	0.02763	0.73165	0.03270	0.01555	0.00672	0.00212	0.00357	0.02888	0.00473	0.00453
39	0.00767	0.00515	0.00587	0.00584	0.00594	0.00511	0.00335	0.00787	0.00827	0.01113	0.07800	0.03499	0.02169	0.74951	0.02524	0.00485	0.00491	0.00784	0.00341	0.00335
40	0.00700	0.00513	0.00651	0.00722	0.00790	0.00493	0.00502	0.00869	0.03605	0.01509	0.12910	0.56910	0.10390	0.01468	0.00666	0.00201	0.01714	0.01309	0.03618	0.00459
41	0.01137	0.01112	0.07367	0.00867	0.01355	0.00802	0.00755	0.04446	0.03336	0.01798	0.00988	0.01130	0.00802	0.00420	0.00410	0.00092	0.00431	0.00334	0.00321	0.72096
42	0.01203	0.01003	0.01154	0.00834	0.01298	0.00814	0.00671	0.10100	0.01259	0.01911	0.00978	0.01116	0.00797	0.00420	0.00408	0.00088	0.00414	0.00332	0.00338	0.74864
43	0.01864	0.01370	0.01546	0.01327	0.07722	0.01489	0.01005	0.61925	0.02235	0.05170	0.01348	0.04872	0.01030	0.00663	0.00529	0.00159	0.00559	0.00521	0.02323	0.02345
44	0.02770	0.01080	0.02997	0.10700	0.23490	0.04485	0.05752	0.05101	0.03802	0.09581	0.08341	0.09618	0.04486	0.00768	0.00564	0.00173	0.00554	0.04652	0.00393	0.00692
45	0.01214	0.20102	0.53099	0.02664	0.02061	0.07707	0.02964	0.01684	0.01139	0.01544	0.00893	0.01054	0.00675	0.00494	0.00467	0.00153	0.00748	0.00368	0.00229	0.00741
46	0.01352	0.59728	0.20874	0.01061	0.01590	0.01868	0.01159	0.04513	0.01139	0.01428	0.00807	0.00929	0.00685	0.00471	0.00386	0.00128	0.00618	0.00316	0.00237	0.00712
47	0.00858	0.00624	0.00749	0.00767	0.00904	0.00606	0.00575	0.04955	0.06914	0.04144	0.09906	0.31675	0.20157	0.03989	0.00710	0.00209	0.00351	0.10889	0.00504	0.00514
48	0.01177	0.11014	0.09719	0.03301	0.04820	0.01275	0.41139	0.01597	0.03692	0.01682	0.07300	0.02928	0.01219	0.00610	0.02063	0.00179	0.00731	0.00586	0.04287	0.00684
49	0.06685	0.01073	0.01659	0.53016	0.10280	0.01255	0.04908	0.11744	0.01267	0.01743	0.00983	0.01345	0.00740	0.00531	0.00519	0.00171	0.00670	0.00466	0.00286	0.00659
50	0.00646	0.00474	0.00600	0.00698	0.00751	0.00435	0.00470	0.00741	0.01033	0.01349	0.03246	0.66021	0.15098	0.04836	0.00749	0.00221	0.00309	0.01412	0.00484	0.00428
51	0.00683	0.00497	0.00642	0.00736	0.00793	0.00470	0.00510	0.00829	0.02945	0.01432	0.08225	0.62227	0.07916	0.04268	0.00736	0.00220	0.00321	0.05613	0.00492	0.00445
52	0.02863	0.03585	0.46826	0.02992	0.05874	0.01188	0.09736	0.01667	0.01163	0.07855	0.03829	0.01467	0.02311	0.00578	0.00582	0.00171	0.04495	0.01784	0.00289	0.00746
53	0.01186	0.17124	0.01833	0.01263	0.01394	0.01592	0.05200	0.01342	0.00906	0.01330	0.00813	0.01196	0.00761	0.00907	0.04405	0.00223	0.52214	0.00442	0.05271	0.00596
54	0.00920	0.00567	0.00709	0.00709	0.00858	0.00508	0.00530	0.01080	0.01237	0.12383	0.16736	0.28989	0.23896	0.01296	0.00631	0.00189	0.00317	0.06047	0.01881	0.00517
55	0.00647	0.00461	0.00612	0.00732	0.00762	0.00432	0.00486	0.00737	0.01006	0.01341	0.02882	0.79072	0.03456	0.03716	0.00727	0.00222	0.00312	0.01484	0.00486	0.00427
56	0.01275	0.00966	0.01150	0.07365	0.01420	0.01063	0.00838	0.25976	0.10773	0.03569	0.02042	0.17644	0.05728	0.02687	0.06287	0.00240	0.02361	0.07482	0.00467	0.00665
57	0.00644	0.00460	0.00613	0.00736	0.00767	0.00429	0.00491	0.00736	0.01012	0.01350	0.02914	0.81076	0.03497	0.01656	0.00675	0.00215	0.00307	0.01503	0.00491	0.00429
58	0.01176	0.04459	0.01176	0.00797	0.01262	0.00769	0.00646	0.01407	0.01117	0.05693	0.00990	0.01122	0.00806	0.00408	0.00397	0.00084	0.00402	0.00323	0.00327	0.76638
59	0.01275	0.01196	0.08554	0.01444	0.14949	0.02430	0.04154	0.05531	0.19706	0.08321	0.06251	0.04753	0.07155	0.00739	0.00547	0.00167	0.00506	0.04387	0.00430	0.07501
60	0.01465	0.59387	0.10533	0.01088	0.04019	0.04776	0.01048	0.07660	0.01223	0.03386	0.00845	0.00953	0.00716	0.00481	0.00388	0.00126	0.00603	0.00324	0.00264	0.00715
61	0.05818	0.01362	0.01445	0.01132	0.01510	0.01509	0.00920	0.62714	0.06342	0.03039	0.01324	0.01464	0.01005	0.07138	0.00694	0.00189	0.00559	0.00497	0.00503	0.00834

[dist]
# distance from previous block
# <min> <max>
0	5

[block]
# block no. 6 follows, 46 sequences, length 16
# corresponding to MSA columns:
# 847-862
name=unknown_G
#
# <colnr> <probs for GDERKNQSTAVLIFYWHMCP>
#	G	D	E	R	K	N	Q	S	T	A	V	L	I	F	Y	W	H	M	C	P
0	0.12559	0.23370	0.06861	0.01460	0.13023	0.05981	0.10733	0.06300	0.01223	0.03042	0.01072	0.01228	0.03474	0.00509	0.00450	0.00143	0.00607	0.00414	0.00295	0.07257
1	0.00758	0.00556	0.00798	0.00798	0.00875	0.00633	0.00597	0.00911	0.00834	0.01189	0.01463	0.02337	0.01435	0.18556	0.64890	0.00786	0.01246	0.00605	0.00290	0.00443
2	0.01285	0.00685	0.00866	0.00748	0.00986	0.00617	0.00586	0.01553	0.04899	0.27190	0.34560	0.03382	0.18529	0.00976	0.00590	0.00168	0.00327	0.00832	0.00585	0.00636
3	0.01337	0.04889	0.01226	0.02701	0.06370	0.01036	0.00809	0.15033	0.16615	0.10813	0.20643	0.05148	0.06848	0.00846	0.00562	0.00169	0.00426	0.03303	0.00514	0.00710
4	0.01298	0.08106	0.35397	0.10462	0.06989	0.01181	0.05274	0.01747	0.02911	0.13437	0.01287	0.01659	0.00997	0.00599	0.00523	0.00170	0.00669	0.06222	0.00324	0.00748
5	0.00777	0.00522	0.00653	0.00653	0.00676	0.00545	0.00415	0.00806	0.00782	0.01067	0.01546	0.02974	0.01695	0.56092	0.21559	0.07158	0.00731	0.00695	0.00304	0.00351
6	0.01975	0.02520	0.01498	0.01362	0.01634	0.79299	0.01021	0.02111	0.01498	0.01294	0.00817	0.00953	0.00681	0.00545	0.00477	0.00136	0.00953	0.00340	0.00272	0.00613
7	0.06380	0.04680	0.14736	0.05058	0.12297	0.04207	0.01184	0.16920	0.05066	0.16596	0.01395	0.01665	0.01068	0.00631	0.00517	0.00166	0.00592	0.05641	0.00414	0.00786
8	0.01252	0.01325	0.04798	0.28790	0.39073	0.08847	0.01503	0.01564	0.01161	0.01535	0.00943	0.01293	0.00764	0.00520	0.00577	0.00165	0.04468	0.00454	0.00251	0.00717
9	0.00747	0.00571	0.00687	0.00729	0.00828	0.00558	0.00513	0.01040	0.10646	0.01567	0.14316	0.44086	0.14578	0.05653	0.00750	0.00213	0.00317	0.01210	0.00501	0.00488
10	0.01223	0.01209	0.05514	0.04939	0.25913	0.01227	0.09496	0.08025	0.10851	0.01789	0.01372	0.10759	0.01236	0.00835	0.03493	0.00204	0.10226	0.00624	0.00341	0.00725
11	0.01708	0.01950	0.05406	0.01763	0.19735	0.39426	0.01188	0.13879	0.01553	0.01778	0.04158	0.01226	0.00933	0.00571	0.00532	0.00150	0.02585	0.00424	0.00321	0.00715
12	0.00709	0.00571	0.00641	0.00653	0.00808	0.00521	0.00496	0.00950	0.05915	0.01586	0.15601	0.14079	0.46187	0.01311	0.00635	0.00187	0.00299	0.07865	0.00507	0.00480
13	0.00730	0.00539	0.00670	0.00762	0.02718	0.00524	0.00489	0.00889	0.05375	0.01333	0.02714	0.48265	0.09312	0.21771	0.01170	0.00284	0.00370	0.01205	0.00444	0.00437
14	0.03356	0.06006	0.16950	0.03809	0.01736	0.10523	0.01142	0.26475	0.01702	0.21209	0.01305	0.01307	0.00905	0.00586	0.00504	0.00157	0.00633	0.00443	0.00439	0.00814
15	0.05024	0.60303	0.02416	0.01050	0.04996	0.04986	0.00929	0.04326	0.01168	0.07418	0.00874	0.00971	0.00739	0.00492	0.00408	0.00127	0.02469	0.00325	0.00278	0.00702

[dist]
# distance from previous block
# <min> <max>
0	1

[block]
# block no. 7 follows, 46 sequences, length 23
# corresponding to MSA columns:
# 864-886
name=unknown_H
#
# <colnr> <probs for GDERKNQSTAVLIFYWHMCP>
#	G	D	E	R	K	N	Q	S	T	A	V	L	I	F	Y	W	H	M	C	P
