[name]
unknown

[dist]
# distance from previous block
# <min> <max>
0	4

[block]
# block no. 0 follows, 39 sequences, length 16
# corresponding to MSA columns:
# 41-56
name=unknown_A
#
# <colnr> <probs for GDERKNQSTAVLIFYWHMCP>
#	G	D	E	R	K	N	Q	S	T	A	V	L	I	F	Y	W	H	M	C	P
0	0.01489	0.08560	0.26182	0.01550	0.10371	0.04246	0.01409	0.06320	0.01407	0.09013	0.01307	0.03255	0.01050	0.00621	0.00540	0.00161	0.00674	0.03034	0.00363	0.18447
1	0.01582	0.01194	0.01346	0.01114	0.01485	0.03903	0.02586	0.15331	0.18966	0.10439	0.03685	0.13824	0.01769	0.00855	0.00588	0.00173	0.00510	0.00722	0.00532	0.19396
2	0.10000	0.01540	0.01412	0.01187	0.01540	0.17004	0.03553	0.21174	0.10779	0.06647	0.04901	0.02165	0.11465	0.00805	0.00575	0.00179	0.00625	0.00626	0.03039	0.00785
3	0.01565	0.01829	0.15805	0.07644	0.04934	0.04010	0.32767	0.14578	0.01603	0.05135	0.01222	0.01487	0.00898	0.00585	0.00673	0.00192	0.03293	0.00584	0.00355	0.00842
4	0.00828	0.00528	0.00741	0.00821	0.00853	0.00519	0.00559	0.00833	0.01001	0.01347	0.02390	0.46753	0.02758	0.02201	0.09687	0.25588	0.00533	0.01207	0.00434	0.00417
5	0.07155	0.00881	0.00943	0.00868	0.01111	0.00921	0.00669	0.03662	0.24476	0.02252	0.26115	0.03729	0.22735	0.01097	0.00640	0.00194	0.00367	0.00922	0.00585	0.00679
6	0.01410	0.01414	0.04683	0.08697	0.08119	0.03343	0.25837	0.07137	0.03424	0.03797	0.01467	0.01715	0.05124	0.00609	0.00652	0.00173	0.03719	0.00588	0.00358	0.17737
7	0.01312	0.01253	0.01715	0.01466	0.01549	0.03463	0.03784	0.06745	0.01089	0.01603	0.00984	0.01489	0.00920	0.01577	0.14902	0.00369	0.54282	0.00542	0.00296	0.00659
8	0.00744	0.00587	0.00671	0.00680	0.00834	0.00514	0.00499	0.00926	0.01412	0.01819	0.26599	0.17171	0.42508	0.01468	0.00708	0.00202	0.00300	0.01264	0.00580	0.00514
9	0.01215	0.08729	0.70739	0.01636	0.02482	0.01445	0.02098	0.01865	0.01245	0.01837	0.01044	0.01226	0.00750	0.00558	0.00548	0.00183	0.00856	0.00428	0.00250	0.00865
10	0.02044	0.01293	0.01465	0.01177	0.01575	0.01371	0.00952	0.36398	0.12828	0.20680	0.04750	0.06357	0.01599	0.00814	0.00601	0.00185	0.00542	0.00656	0.03784	0.00930
11	0.00855	0.00594	0.00750	0.00750	0.00787	0.00631	0.00490	0.00928	0.00891	0.01225	0.01767	0.03336	0.01918	0.53422	0.28488	0.00703	0.00922	0.00782	0.00344	0.00417
12	0.00837	0.00604	0.00790	0.00744	0.00883	0.00558	0.00558	0.01116	0.01674	0.02371	0.75216	0.04417	0.05580	0.01209	0.00697	0.00186	0.00279	0.01069	0.00651	0.00558
13	0.01726	0.62395	0.02799	0.01101	0.01587	0.07495	0.01038	0.12673	0.01474	0.01749	0.00919	0.01028	0.00796	0.00544	0.00422	0.00136	0.00666	0.00353	0.00308	0.00791
14	0.01631	0.01185	0.01320	0.01084	0.01428	0.01251	0.00867	0.33382	0.11057	0.06664	0.19284	0.05044	0.08233	0.00928	0.00626	0.00183	0.00488	0.00765	0.00600	0.03983
15	0.02121	0.01558	0.01652	0.01298	0.01746	0.03943	0.01059	0.52292	0.13374	0.09132	0.01611	0.01567	0.01150	0.00712	0.00585	0.00177	0.00616	0.00546	0.00586	0.04276

[dist]
# distance from previous block
# <min> <max>
3	8

[block]
# block no. 1 follows, 39 sequences, length 93
# corresponding to MSA columns:
# 70-89,104-114,116-137,147-186
name=unknown_B
#
# <colnr> <probs for GDERKNQSTAVLIFYWHMCP>
#	G	D	E	R	K	N	Q	S	T	A	V	L	I	F	Y	W	H	M	C	P
0	0.02173	0.09964	0.01616	0.01180	0.04350	0.02831	0.00939	0.14371	0.04225	0.40591	0.09839	0.02020	0.01730	0.00746	0.00580	0.00176	0.00537	0.00600	0.00615	0.00918
1	0.02289	0.14039	0.06346	0.01104	0.01587	0.01210	0.00986	0.04397	0.06974	0.51897	0.01989	0.01790	0.01318	0.00689	0.00558	0.00175	0.00549	0.00543	0.00610	0.00952
2	0.07542	0.06071	0.01788	0.01306	0.01771	0.03568	0.01086	0.63113	0.02549	0.03471	0.01335	0.01355	0.00962	0.00685	0.00563	0.00174	0.00647	0.00503	0.00551	0.00960
3	0.00766	0.00573	0.00740	0.03324	0.00963	0.00535	0.00572	0.00940	0.01334	0.01786	0.25553	0.41830	0.15786	0.01558	0.00723	0.00216	0.00331	0.01387	0.00571	0.00513
4	0.01640	0.37941	0.09061	0.03813	0.12707	0.13423	0.01270	0.01983	0.05469	0.04454	0.01054	0.01208	0.00873	0.00569	0.00510	0.00154	0.02358	0.00409	0.00305	0.00798
5	0.02396	0.01006	0.01326	0.01039	0.01456	0.00908	0.00847	0.06048	0.04820	0.61733	0.08252	0.02231	0.01809	0.02490	0.00656	0.00192	0.00492	0.00640	0.00705	0.00952
6	0.00745	0.00606	0.00663	0.00674	0.00842	0.00533	0.00495	0.00951	0.03507	0.01721	0.15479	0.17198	0.51518	0.01493	0.00705	0.00204	0.00309	0.01275	0.00565	0.00518
7	0.04468	0.01080	0.01345	0.01068	0.01483	0.01034	0.00870	0.10555	0.10744	0.50554	0.07153	0.02175	0.03147	0.00780	0.00598	0.00185	0.00495	0.00634	0.00682	0.00948
8	0.05040	0.01258	0.01490	0.01357	0.07889	0.01323	0.00996	0.32158	0.07951	0.16703	0.07952	0.09691	0.01813	0.00857	0.00609	0.00188	0.00543	0.00708	0.00585	0.00890
9	0.00961	0.00661	0.00834	0.00892	0.00991	0.00647	0.00625	0.09148	0.01339	0.04349	0.03018	0.67375	0.03497	0.01684	0.00731	0.00231	0.00384	0.01513	0.00560	0.00558
10	0.00784	0.00566	0.00744	0.00791	0.00883	0.00526	0.00567	0.00978	0.01403	0.01929	0.37272	0.38872	0.06592	0.01531	0.00729	0.00215	0.00320	0.04183	0.00597	0.00520
11	0.01599	0.02000	0.13115	0.04321	0.41799	0.20666	0.01676	0.01943	0.01397	0.01773	0.01041	0.01327	0.00856	0.00572	0.00616	0.00175	0.03513	0.00476	0.00288	0.00847
12	0.01796	0.05023	0.04534	0.02197	0.27609	0.31339	0.01382	0.05986	0.10903	0.01881	0.01203	0.01372	0.00969	0.00605	0.00558	0.00168	0.00817	0.00476	0.00350	0.00832
13	0.11937	0.58312	0.02612	0.01052	0.01517	0.10165	0.00984	0.04787	0.01293	0.01652	0.00857	0.00982	0.00755	0.00531	0.00403	0.00138	0.00658	0.00333	0.00287	0.00746
14	0.01156	0.00846	0.01190	0.03038	0.09859	0.00836	0.03644	0.06557	0.04359	0.07323	0.16476	0.28649	0.05076	0.07172	0.00859	0.00234	0.00464	0.01086	0.00526	0.00651
15	0.00724	0.00524	0.00685	0.00805	0.00855	0.00485	0.00543	0.00839	0.01171	0.01555	0.06741	0.70571	0.08718	0.01800	0.00748	0.00235	0.00337	0.01624	0.00554	0.00485
16	0.01686	0.01323	0.01412	0.01193	0.01566	0.01477	0.00947	0.22819	0.45148	0.04492	0.02040	0.01936	0.01514	0.00752	0.00581	0.00185	0.00508	0.00608	0.05238	0.04576
17	0.00729	0.00560	0.00672	0.00752	0.00859	0.00502	0.00536	0.00865	0.01243	0.01580	0.05997	0.44329	0.31472	0.01687	0.00736	0.00225	0.00337	0.05874	0.00551	0.00493
18	0.05039	0.04423	0.47014	0.01423	0.02034	0.10427	0.01621	0.01785	0.03192	0.01749	0.01239	0.03876	0.01063	0.11607	0.00894	0.00237	0.00804	0.00524	0.00295	0.00755
19	0.06413	0.17256	0.04437	0.01192	0.01607	0.01353	0.09122	0.05363	0.11202	0.18172	0.10038	0.03691	0.03887	0.00854	0.02690	0.00199	0.00594	0.00632	0.00493	0.00807
20	0.00721	0.00515	0.00686	0.00823	0.00858	0.00480	0.00549	0.00823	0.01132	0.01510	0.03259	0.78831	0.03911	0.01853	0.00755	0.00240	0.00343	0.01681	0.00549	0.00480
21	0.00837	0.00604	0.00790	0.00744	0.00883	0.00558	0.00558	0.01116	0.01674	0.02371	0.75216	0.04417	0.05580	0.01209	0.00697	0.00186	0.00279	0.01069	0.00651	0.00558
22	0.01419	0.01227	0.01942	0.34745	0.24169	0.01353	0.04397	0.11701	0.01499	0.04582	0.04282	0.03625	0.01167	0.00648	0.00603	0.00188	0.00710	0.00588	0.00359	0.00796
23	0.01272	0.08973	0.59987	0.01858	0.11098	0.03072	0.02025	0.01868	0.01266	0.01832	0.01045	0.01246	0.00772	0.00554	0.00549	0.00180	0.00839	0.00437	0.00256	0.00868
24	0.00925	0.00661	0.00921	0.01057	0.01181	0.00657	0.00905	0.01177	0.01334	0.01739	0.03146	0.15266	0.03464	0.01660	0.00809	0.00268	0.00521	0.63225	0.00545	0.00537
25	0.15136	0.11996	0.51422	0.04597	0.02255	0.01481	0.01758	0.01823	0.01199	0.01931	0.00991	0.01177	0.00734	0.00554	0.00508	0.00180	0.00770	0.00406	0.00270	0.00811
26	0.04144	0.00690	0.00970	0.01051	0.01189	0.00684	0.03349	0.01172	0.01309	0.01773	0.05893	0.22703	0.03412	0.01585	0.00776	0.00255	0.00500	0.47468	0.00534	0.00543
27	0.00845	0.00634	0.00950	0.00950	0.01056	0.00739	0.00739	0.01056	0.00950	0.01373	0.01584	0.02323	0.01478	0.04435	0.76873	0.00950	0.01584	0.00634	0.00317	0.00528
28	0.00721	0.00515	0.00686	0.00823	0.00858	0.00480	0.00549	0.00823	0.01132	0.01510	0.03259	0.78831	0.03911	0.01853	0.00755	0.00240	0.00343	0.01681	0.00549	0.00480
29	0.01471	0.01270	0.01337	0.01203	0.01538	0.01471	0.00936	0.03142	0.74459	0.02474	0.02407	0.02206	0.01805	0.00802	0.00602	0.00201	0.00468	0.00669	0.00602	0.00936
30	0.01551	0.01295	0.01341	0.01185	0.01524	0.03627	0.00926	0.08850	0.59024	0.05062	0.04218	0.02298	0.04796	0.00825	0.00605	0.00196	0.00491	0.00680	0.00596	0.00910
31	0.01550	0.01286	0.01366	0.01205	0.01550	0.01473	0.00944	0.09244	0.65348	0.04040	0.03729	0.02177	0.01802	0.00801	0.00603	0.00198	0.00481	0.00663	0.00604	0.00936
32	0.01581	0.79572	0.03099	0.01012	0.01518	0.02340	0.01012	0.01771	0.01202	0.01391	0.00822	0.00949	0.00759	0.00506	0.00379	0.00126	0.00632	0.00316	0.00253	0.00759
33	0.01737	0.15192	0.01906	0.01371	0.01623	0.25537	0.01126	0.07236	0.03346	0.04610	0.01029	0.01286	0.00882	0.00967	0.05442	0.00232	0.24973	0.00455	0.00329	0.00720
34	0.00891	0.00690	0.00782	0.00736	0.00919	0.00648	0.00551	0.05643	0.04343	0.02042	0.32414	0.06644	0.34354	0.05727	0.00820	0.00215	0.00337	0.01100	0.00583	0.00563
35	0.00749	0.00597	0.00671	0.00662	0.00832	0.00519	0.00493	0.00942	0.01452	0.01867	0.30330	0.09078	0.46890	0.01414	0.00701	0.00197	0.00295	0.01208	0.00585	0.00519
36	0.01117	0.01051	0.01774	0.77795	0.04073	0.01314	0.01642	0.01511	0.01182	0.01511	0.01051	0.01577	0.00788	0.00591	0.00591	0.00197	0.00788	0.00526	0.00263	0.00657
37	0.06675	0.01314	0.01470	0.01150	0.01590	0.05508	0.00942	0.25711	0.01996	0.42253	0.01865	0.01717	0.01234	0.00707	0.00573	0.00178	0.00574	0.00547	0.03040	0.00955
38	0.01117	0.01051	0.01774	0.77795	0.04073	0.01314	0.01642	0.01511	0.01182	0.01511	0.01051	0.01577	0.00788	0.00591	0.00591	0.00197	0.00788	0.00526	0.00263	0.00657
39	0.83394	0.01144	0.00869	0.00778	0.01144	0.01327	0.00640	0.01738	0.01006	0.02653	0.00823	0.00961	0.00640	0.00549	0.00366	0.00183	0.00457	0.00320	0.00366	0.00640
40	0.00726	0.00617	0.00629	0.00623	0.00822	0.00527	0.00468	0.00922	0.03231	0.01664	0.09827	0.05530	0.69458	0.01464	0.00696	0.00199	0.00303	0.01223	0.00556	0.00514
41	0.00769	0.00562	0.00730	0.00852	0.00906	0.00542	0.00582	0.00966	0.05299	0.01571	0.03208	0.72547	0.03778	0.01787	0.00748	0.00239	0.00356	0.03499	0.00552	0.00508
42	0.00730	0.00519	0.00683	0.00811	0.00843	0.00487	0.00536	0.00826	0.01114	0.01485	0.03165	0.73749	0.03792	0.07098	0.00908	0.00263	0.00359	0.01626	0.00536	0.00472
43	0.00725	0.00518	0.00690	0.00820	0.00859	0.00483	0.00549	0.00835	0.01154	0.01544	0.06145	0.75847	0.03978	0.01827	0.00753	0.00238	0.00341	0.01657	0.00553	0.00483
44	0.34987	0.01084	0.01185	0.00953	0.01374	0.01086	0.00786	0.04879	0.01456	0.44069	0.01697	0.01571	0.01118	0.00658	0.00503	0.00183	0.00490	0.00483	0.00580	0.00860
45	0.01192	0.03019	0.74170	0.01708	0.02574	0.01377	0.04127	0.01873	0.01253	0.01873	0.01065	0.01258	0.00753	0.00560	0.00566	0.00188	0.00877	0.00444	0.00251	0.00872
46	0.00860	0.00606	0.00746	0.00746	0.00896	0.00544	0.00555	0.01063	0.01455	0.05316	0.33729	0.19994	0.25563	0.01422	0.00710	0.00205	0.00319	0.04129	0.00599	0.00545
47	0.00739	0.00532	0.00703	0.00823	0.00876	0.00496	0.00567	0.00863	0.01185	0.01577	0.07457	0.67452	0.07151	0.01789	0.00752	0.00237	0.00348	0.05408	0.00555	0.00489
48	0.08627	0.12542	0.03467	0.01125	0.01502	0.07655	0.00954	0.15972	0.15450	0.09225	0.03283	0.02205	0.04284	0.00795	0.00557	0.00181	0.00578	0.06828	0.03960	0.00809
49	0.04613	0.01068	0.01623	0.26819	0.02340	0.01283	0.08008	0.05409	0.01202	0.01775	0.01217	0.01716	0.01011	0.03743	0.07139	0.00274	0.17270	0.00556	0.12283	0.00650
50	0.00743	0.00556	0.00694	0.00794	0.00873	0.00515	0.00549	0.00901	0.02970	0.01574	0.05224	0.59294	0.17870	0.01739	0.00741	0.00231	0.00341	0.03342	0.00552	0.00498
51	0.01709	0.01296	0.04989	0.01629	0.12624	0.01244	0.07224	0.18966	0.08579	0.15331	0.03684	0.07842	0.02920	0.00850	0.00629	0.00194	0.00599	0.06108	0.02723	0.00861
52	0.05114	0.01391	0.04064	0.01184	0.01586	0.01426	0.00981	0.43476	0.04217	0.13345	0.06405	0.03258	0.01526	0.08319	0.00825	0.00219	0.00588	0.00620	0.00572	0.00885
53	0.01464	0.01405	0.02400	0.03630	0.75528	0.01405	0.01815	0.01815	0.01347	0.01932	0.01112	0.01464	0.00937	0.00527	0.00585	0.00176	0.00703	0.00527	0.00293	0.00937
54	0.01269	0.01020	0.01283	0.00941	0.01415	0.00794	0.03757	0.01490	0.01207	0.04683	0.01104	0.01328	0.00914	0.00610	0.00638	0.08168	0.00471	0.00390	0.00354	0.68165
55	0.00722	0.00520	0.00685	0.00813	0.00856	0.00483	0.00545	0.00831	0.01152	0.01531	0.04888	0.74327	0.06809	0.01825	0.00751	0.00237	0.00340	0.01651	0.00551	0.00483
56	0.08837	0.55018	0.08104	0.01103	0.01603	0.07513	0.01080	0.05926	0.03180	0.01702	0.00921	0.01039	0.00789	0.00540	0.00421	0.00143	0.00663	0.00351	0.00295	0.00770
57	0.07019	0.17483	0.01812	0.01200	0.01583	0.18910	0.00990	0.25988	0.04042	0.02438	0.11492	0.01657	0.01540	0.00708	0.00536	0.00164	0.00673	0.00520	0.00452	0.00795
58	0.01963	0.01348	0.03355	0.03808	0.01607	0.11654	0.00951	0.04634	0.19617	0.31633	0.05907	0.05073	0.04153	0.00815	0.00602	0.00186	0.00573	0.00662	0.00590	0.00869
59	0.01621	0.01154	0.01270	0.01093	0.01437	0.01243	0.00863	0.12026	0.39688	0.14118	0.05791	0.02675	0.12614	0.00898	0.00618	0.00194	0.00465	0.00741	0.00615	0.00877
60	0.00744	0.00602	0.00661	0.00650	0.00832	0.00520	0.00491	0.00933	0.01442	0.01824	0.25883	0.05344	0.53786	0.01417	0.00701	0.00197	0.00298	0.02579	0.00578	0.00517
61	0.01606	0.01433	0.01752	0.01468	0.01628	0.04858	0.01211	0.18692	0.06607	0.04043	0.01091	0.01398	0.00921	0.00916	0.01433	0.00229	0.49045	0.00528	0.00376	0.00764
62	0.02028	0.01531	0.01634	0.01299	0.01729	0.01709	0.01058	0.54542	0.19933	0.03382	0.01672	0.01632	0.01213	0.00731	0.00589	0.00182	0.00596	0.00566	0.02999	0.00976
63	0.00726	0.00518	0.00692	0.00829	0.00866	0.00485	0.00558	0.00832	0.01137	0.01515	0.03257	0.77248	0.03900	0.01848	0.00756	0.00241	0.00348	0.03214	0.00549	0.00482
64	0.01128	0.00803	0.00915	0.00820	0.01057	0.00771	0.00637	0.11335	0.04604	0.07220	0.27067	0.05917	0.31816	0.01225	0.00676	0.00193	0.00368	0.02205	0.00602	0.00641
65	0.37449	0.12563	0.16093	0.01096	0.01586	0.05701	0.02492	0.01925	0.03011	0.09203	0.01217	0.01304	0.02986	0.00599	0.00460	0.00175	0.00609	0.00415	0.00369	0.00747
66	0.00859	0.00577	0.00662	0.00662	0.00668	0.00583	0.00380	0.00871	0.00865	0.01159	0.01847	0.03782	0.02112	0.74974	0.07201	0.00595	0.00631	0.00847	0.00356	0.00368
67	0.00860	0.00573	0.00645	0.00645	0.00645	0.00573	0.00358	0.00860	0.00860	0.01147	0.01863	0.03870	0.02150	0.79217	0.03010	0.00573	0.00573	0.00860	0.00358	0.00358
68	0.01497	0.01222	0.01361	0.01298	0.06735	0.01347	0.00947	0.13220	0.44612	0.04635	0.02741	0.02591	0.13439	0.00879	0.00614	0.00195	0.00486	0.00729	0.00574	0.00878
69	0.01631	0.19087	0.30126	0.01364	0.01971	0.01654	0.01458	0.23741	0.01718	0.05365	0.01296	0.05669	0.01039	0.00675	0.00543	0.00174	0.00708	0.00517	0.00392	0.00872
70	0.01200	0.01136	0.01924	0.60037	0.21183	0.01336	0.01684	0.01584	0.01222	0.01612	0.01066	0.01550	0.00824	0.00576	0.00590	0.00192	0.00768	0.00526	0.00270	0.00724
71	0.00729	0.00520	0.00695	0.00833	0.00871	0.00487	0.00563	0.00837	0.01140	0.01519	0.03255	0.76321	0.03894	0.01845	0.00757	0.00241	0.00350	0.04111	0.00549	0.00483
72	0.02525	0.01202	0.04047	0.01133	0.01608	0.01071	0.00964	0.16349	0.01885	0.59568	0.02114	0.01873	0.01352	0.00722	0.00593	0.00182	0.00544	0.00577	0.00688	0.01002
73	0.01565	0.76421	0.06108	0.01040	0.01561	0.02300	0.01060	0.01775	0.01204	0.01411	0.00832	0.00961	0.00759	0.00508	0.00387	0.00129	0.00642	0.00321	0.00253	0.00764
74	0.01027	0.00514	0.00770	0.00770	0.00770	0.00514	0.00514	0.00770	0.00770	0.01027	0.01027	0.01798	0.01027	0.02054	0.02311	0.82794	0.00514	0.00514	0.00257	0.00257
75	0.01298	0.01324	0.02476	0.31731	0.20472	0.01422	0.24756	0.01701	0.01274	0.01729	0.01097	0.01540	0.00858	0.00571	0.00701	0.00196	0.05224	0.00581	0.00281	0.00768
76	0.02479	0.01024	0.01351	0.01047	0.01480	0.00921	0.00861	0.08372	0.01768	0.64191	0.06475	0.02110	0.01667	0.00757	0.00596	0.00182	0.00497	0.00616	0.02638	0.00970
77	0.00749	0.00540	0.00713	0.00820	0.00881	0.00504	0.00571	0.00888	0.01227	0.01644	0.12900	0.61353	0.07205	0.01739	0.00749	0.00233	0.00345	0.05883	0.00562	0.00495
78	0.01148	0.01081	0.01748	0.62101	0.03532	0.01382	0.01547	0.01492	0.01135	0.01514	0.01026	0.01543	0.00806	0.00673	0.00828	0.00207	0.14596	0.00525	0.02465	0.00652
79	0.83394	0.01144	0.00869	0.00778	0.01144	0.01327	0.00640	0.01738	0.01006	0.02653	0.00823	0.00961	0.00640	0.00549	0.00366	0.00183	0.00457	0.00320	0.00366	0.00640
80	0.02614	0.01015	0.01371	0.01057	0.01511	0.00889	0.00871	0.02891	0.04114	0.73493	0.02336	0.02019	0.01475	0.00734	0.00595	0.00184	0.00502	0.00597	0.00728	0.01004
81	0.00726	0.00519	0.00682	0.00811	0.00848	0.00485	0.00539	0.00826	0.01127	0.01497	0.03273	0.73959	0.05661	0.04946	0.00844	0.00252	0.00351	0.01637	0.00541	0.00476
82	0.00885	0.00670	0.00805	0.00755	0.00928	0.00630	0.00570	0.04109	0.04429	0.02231	0.51616	0.06309	0.21333	0.01255	0.00691	0.00191	0.00308	0.01088	0.00621	0.00575
83	0.83394	0.01144	0.00869	0.00778	0.01144	0.01327	0.00640	0.01738	0.01006	0.02653	0.00823	0.00961	0.00640	0.00549	0.00366	0.00183	0.00457	0.00320	0.00366	0.00640
84	0.01102	0.00551	0.00551	0.00551	0.00689	0.00551	0.00413	0.01378	0.01240	0.02205	0.01929	0.02205	0.01516	0.00689	0.00413	0.00138	0.00276	0.00551	0.82500	0.00551
85	0.00721	0.00515	0.00686	0.00823	0.00858	0.00480	0.00549	0.00823	0.01132	0.01510	0.03259	0.78831	0.03911	0.01853	0.00755	0.00240	0.00343	0.01681	0.00549	0.00480
86	0.02547	0.01030	0.01369	0.01066	0.01512	0.00923	0.00875	0.02905	0.08243	0.69325	0.02340	0.02030	0.01495	0.00738	0.00595	0.00185	0.00500	0.00601	0.00720	0.01000
87	0.00721	0.00515	0.00686	0.00823	0.00858	0.00480	0.00549	0.00823	0.01132	0.01510	0.03259	0.78831	0.03911	0.01853	0.00755	0.00240	0.00343	0.01681	0.00549	0.00480
88	0.00749	0.00555	0.00706	0.00811	0.00894	0.00512	0.00581	0.00888	0.01219	0.01584	0.05786	0.53020	0.18009	0.01736	0.00750	0.00235	0.00359	0.10557	0.00551	0.00494
89	0.01224	0.01168	0.01934	0.50283	0.21586	0.01396	0.01644	0.01576	0.01191	0.01606	0.01034	0.01515	0.00824	0.00628	0.00750	0.00199	0.09923	0.00525	0.00270	0.00726
90	0.01117	0.01051	0.01774	0.77795	0.04073	0.01314	0.01642	0.01511	0.01182	0.01511	0.01051	0.01577	0.00788	0.00591	0.00591	0.00197	0.00788	0.00526	0.00263	0.00657
91	0.01456	0.01388	0.02306	0.04940	0.65113	0.01412	0.03290	0.01941	0.08570	0.01976	0.01241	0.01542	0.01019	0.00555	0.00590	0.00179	0.00688	0.00545	0.00323	0.00928
92	0.07469	0.12067	0.01890	0.02997	0.05996	0.03211	0.05745	0.27379	0.09007	0.02570	0.06274	0.03418	0.01362	0.00722	0.00636	0.00179	0.05012	0.00566	0.00459	0.03041

[dist]
# distance from previous block
# <min> <max>
0	1

[block]
# block no. 2 follows, 39 sequences, length 87
# corresponding to MSA columns:
# 188,189,198-246,253,254,256-289
name=unknown_C
#
# <colnr> <probs for GDERKNQSTAVLIFYWHMCP>
#	G	D	E	R	K	N	Q	S	T	A	V	L	I	F	Y	W	H	M	C	P
0	0.06411	0.00835	0.00998	0.00883	0.01129	0.02247	0.00681	0.01784	0.07454	0.22162	0.34550	0.09226	0.04583	0.03518	0.00716	0.00202	0.00396	0.00894	0.00626	0.00704
1	0.75565	0.01148	0.00914	0.00807	0.01170	0.01321	0.00663	0.05559	0.01130	0.02699	0.03994	0.01131	0.00868	0.00585	0.00392	0.00183	0.00460	0.00363	0.00390	0.00657
2	0.01144	0.00839	0.01032	0.03628	0.01300	0.00871	0.00842	0.07232	0.12572	0.04138	0.13728	0.06401	0.10329	0.01261	0.00704	0.00222	0.00468	0.28463	0.04172	0.00653
3	0.00776	0.00598	0.00709	0.00691	0.00849	0.00531	0.00514	0.00994	0.01516	0.02019	0.43949	0.08908	0.33094	0.01358	0.00701	0.00194	0.00291	0.01173	0.00605	0.00531
4	0.01557	0.01333	0.03704	0.01209	0.03020	0.05655	0.00961	0.18074	0.29982	0.05086	0.14160	0.02609	0.05639	0.00886	0.00622	0.00191	0.00526	0.03375	0.00573	0.00840
5	0.13309	0.20012	0.03248	0.05878	0.04481	0.02532	0.02114	0.08699	0.02714	0.10006	0.04856	0.02249	0.14315	0.02493	0.00584	0.00181	0.00549	0.00611	0.00434	0.00736
6	0.06343	0.01519	0.01454	0.01194	0.01581	0.11998	0.00957	0.32502	0.10454	0.12230	0.04396	0.02060	0.09098	0.00800	0.00588	0.00180	0.00610	0.00616	0.00556	0.00865
7	0.01572	0.67830	0.06211	0.01169	0.01691	0.04780	0.06488	0.01805	0.01234	0.01452	0.00864	0.01014	0.00769	0.00511	0.00416	0.00135	0.00685	0.00352	0.00258	0.00764
8	0.04673	0.00916	0.01221	0.00977	0.01356	0.00809	0.00791	0.02435	0.01646	0.57010	0.15894	0.05546	0.02305	0.00861	0.00613	0.00186	0.00454	0.00719	0.00698	0.00891
9	0.01374	0.01402	0.06066	0.12610	0.47054	0.01347	0.06755	0.04211	0.03008	0.01925	0.01430	0.01883	0.04048	0.00634	0.00608	0.00186	0.00713	0.03563	0.00325	0.00856
10	0.02020	0.01110	0.01438	0.13503	0.04419	0.04108	0.01032	0.07706	0.05538	0.39584	0.05346	0.05973	0.01665	0.00806	0.00611	0.00190	0.00571	0.02922	0.00588	0.00869
11	0.00787	0.00574	0.00744	0.00787	0.00890	0.00531	0.00573	0.00985	0.01410	0.01921	0.35643	0.33872	0.11057	0.01518	0.00729	0.00215	0.00325	0.06326	0.00594	0.00521
12	0.03852	0.00952	0.01254	0.01015	0.01397	0.00863	0.00826	0.04082	0.04614	0.54871	0.10652	0.06068	0.02116	0.00876	0.00619	0.00190	0.00473	0.03689	0.00690	0.00901
13	0.01341	0.06822	0.27388	0.04435	0.16809	0.01490	0.28003	0.01845	0.01310	0.01844	0.01100	0.01408	0.00842	0.00538	0.00632	0.00187	0.02343	0.00546	0.00277	0.00841
14	0.02227	0.01614	0.01739	0.01342	0.01808	0.01780	0.01106	0.67580	0.06109	0.06391	0.01501	0.01479	0.01061	0.00715	0.00592	0.00179	0.00637	0.00541	0.00597	0.01002
15	0.00867	0.00613	0.00815	0.00843	0.00908	0.00652	0.00612	0.00997	0.00990	0.01352	0.02021	0.05837	0.02168	0.35323	0.30283	0.00653	0.00941	0.13288	0.00381	0.00458
16	0.00804	0.00574	0.00730	0.02774	0.00946	0.00538	0.00570	0.00933	0.01196	0.03349	0.06578	0.47294	0.16794	0.09112	0.00954	0.00262	0.00381	0.05183	0.00532	0.00496
17	0.01377	0.07976	0.11727	0.04536	0.07706	0.01428	0.42038	0.01821	0.01351	0.04611	0.01372	0.04919	0.01148	0.00638	0.00649	0.00195	0.00856	0.04532	0.00328	0.00790
18	0.01958	0.05268	0.01629	0.01408	0.01697	0.55405	0.01079	0.06048	0.04159	0.01595	0.01077	0.01295	0.00908	0.01141	0.10815	0.00264	0.02798	0.00434	0.00329	0.00693
19	0.00773	0.00571	0.00725	0.00768	0.00875	0.00523	0.00555	0.00960	0.01389	0.01873	0.31880	0.34705	0.15966	0.01534	0.00726	0.00214	0.00320	0.04536	0.00589	0.00517
20	0.01387	0.01568	0.03360	0.02411	0.02982	0.01491	0.68457	0.01864	0.01371	0.01875	0.01175	0.01573	0.00892	0.00520	0.00744	0.00199	0.04237	0.00681	0.00299	0.02915
21	0.00837	0.00604	0.00790	0.00744	0.00883	0.00558	0.00558	0.01116	0.01674	0.02371	0.75216	0.04417	0.05580	0.01209	0.00697	0.00186	0.00279	0.01069	0.00651	0.00558
22	0.01396	0.01595	0.03490	0.02493	0.03091	0.01496	0.73380	0.01894	0.01396	0.01894	0.01196	0.01595	0.00897	0.00499	0.00698	0.00199	0.00997	0.00698	0.00299	0.00798
23	0.02105	0.01447	0.01600	0.01256	0.01683	0.01555	0.01024	0.56053	0.02443	0.11499	0.01705	0.09633	0.01359	0.00825	0.00605	0.00182	0.00596	0.00655	0.00596	0.03177
24	0.00721	0.00515	0.00686	0.00823	0.00858	0.00480	0.00549	0.00823	0.01132	0.01510	0.03259	0.78831	0.03911	0.01853	0.00755	0.00240	0.00343	0.01681	0.00549	0.00480
25	0.31740	0.01083	0.01201	0.00967	0.01388	0.01082	0.00796	0.04449	0.03961	0.44966	0.01765	0.01623	0.01166	0.00668	0.00512	0.00183	0.00490	0.00496	0.00592	0.00872
26	0.01392	0.01128	0.02097	0.01710	0.05527	0.01061	0.30780	0.01719	0.01397	0.13748	0.08260	0.17171	0.02112	0.00934	0.00716	0.00205	0.02435	0.04680	0.00461	0.02468
27	0.01516	0.01255	0.01857	0.03928	0.01790	0.04016	0.11611	0.03362	0.01185	0.13515	0.01229	0.01628	0.01017	0.02993	0.09680	0.00314	0.37457	0.00572	0.00359	0.00717
28	0.01542	0.71913	0.10412	0.01079	0.01622	0.02243	0.01129	0.01781	0.01206	0.01440	0.00846	0.00979	0.00758	0.00512	0.00398	0.00133	0.00657	0.00328	0.00253	0.00770
29	0.01117	0.01051	0.01774	0.77795	0.04073	0.01314	0.01642	0.01511	0.01182	0.01511	0.01051	0.01577	0.00788	0.00591	0.00591	0.00197	0.00788	0.00526	0.00263	0.00657
30	0.01403	0.01330	0.02255	0.03388	0.68970	0.01328	0.01712	0.01736	0.01332	0.01900	0.01299	0.06814	0.01188	0.00639	0.00602	0.00182	0.00675	0.02034	0.00315	0.00898
31	0.00729	0.00521	0.00696	0.00833	0.00872	0.00488	0.00564	0.00839	0.01141	0.01519	0.03255	0.76109	0.03892	0.01844	0.00757	0.00241	0.00351	0.04316	0.00549	0.00483
32	0.03296	0.00713	0.00731	0.00669	0.00862	0.00736	0.00518	0.10316	0.01436	0.04277	0.01850	0.02073	0.01430	0.00689	0.00439	0.00145	0.00332	0.00544	0.68323	0.00621
33	0.00844	0.00567	0.00650	0.00666	0.00670	0.00563	0.00380	0.00856	0.00891	0.01189	0.02025	0.12527	0.02353	0.70282	0.02750	0.00535	0.00547	0.00955	0.00380	0.00372
34	0.01232	0.02737	0.60150	0.01863	0.02677	0.01400	0.17864	0.01878	0.01281	0.01878	0.01091	0.01325	0.00782	0.00548	0.00592	0.00190	0.00901	0.00494	0.00261	0.00857
35	0.00731	0.00551	0.00676	0.00750	0.00845	0.00496	0.00522	0.00871	0.01268	0.01655	0.14092	0.47959	0.24112	0.01663	0.00731	0.00221	0.00322	0.01474	0.00563	0.00496
36	0.00747	0.00532	0.00690	0.00807	0.00847	0.00501	0.00541	0.00847	0.01117	0.01481	0.03175	0.64416	0.05937	0.10998	0.01023	0.00280	0.00378	0.04688	0.00526	0.00469
37	0.01382	0.09379	0.41930	0.01574	0.02223	0.04993	0.09274	0.07682	0.01413	0.03190	0.03705	0.03039	0.01056	0.00637	0.00612	0.00182	0.03438	0.00516	0.02951	0.00822
38	0.03404	0.00626	0.00675	0.03062	0.00865	0.00650	0.00498	0.03791	0.01224	0.02083	0.01798	0.02241	0.01479	0.06905	0.04288	0.03331	0.00403	0.00569	0.61563	0.00546
39	0.00721	0.00528	0.00678	0.00792	0.00851	0.00485	0.00536	0.00836	0.01177	0.01549	0.05918	0.67033	0.13151	0.01786	0.00746	0.00233	0.00335	0.01606	0.00552	0.00485
40	0.00721	0.00515	0.00686	0.00823	0.00858	0.00480	0.00549	0.00823	0.01132	0.01510	0.03259	0.78831	0.03911	0.01853	0.00755	0.00240	0.00343	0.01681	0.00549	0.00480
41	0.01450	0.36360	0.29396	0.01496	0.02135	0.06287	0.11735	0.01860	0.01274	0.01640	0.00967	0.01156	0.00775	0.00531	0.00500	0.00160	0.00797	0.00418	0.00261	0.00802
42	0.01333	0.06561	0.04531	0.23867	0.02499	0.06143	0.11586	0.03662	0.05179	0.01728	0.04971	0.01630	0.01133	0.00726	0.00902	0.00201	0.18763	0.00560	0.03319	0.00706
43	0.00911	0.00719	0.01046	0.01011	0.01099	0.00873	0.00792	0.01104	0.00946	0.01387	0.01493	0.02245	0.01412	0.06939	0.62276	0.00826	0.11841	0.00626	0.01917	0.00538
44	0.01487	0.01189	0.01387	0.05411	0.01657	0.01060	0.00856	0.18039	0.01591	0.04001	0.01165	0.01309	0.00914	0.00516	0.00486	0.00117	0.00508	0.00408	0.00409	0.57492
45	0.05581	0.31328	0.30985	0.01417	0.03536	0.07663	0.03764	0.04795	0.01330	0.03223	0.00993	0.01145	0.00781	0.00551	0.00488	0.00161	0.00762	0.00399	0.00287	0.00811
46	0.02303	0.01140	0.05535	0.01082	0.01525	0.00960	0.00931	0.10005	0.01779	0.55087	0.11220	0.02207	0.01887	0.00779	0.00605	0.00183	0.00512	0.00638	0.00680	0.00943
47	0.00926	0.00624	0.00779	0.00765	0.00921	0.00566	0.00576	0.01136	0.01469	0.07109	0.35618	0.14330	0.21244	0.04652	0.00805	0.00219	0.00341	0.06764	0.00599	0.00556
48	0.01596	0.01002	0.02881	0.03148	0.14817	0.00930	0.00977	0.04801	0.04850	0.24752	0.16554	0.07762	0.06704	0.03683	0.00720	0.00204	0.00495	0.02769	0.00563	0.00793
49	0.01714	0.03124	0.03850	0.01261	0.03594	0.03245	0.01009	0.28061	0.22524	0.06602	0.09818	0.04195	0.01856	0.00814	0.00602	0.00184	0.00550	0.02106	0.00563	0.04331
50	0.00852	0.00571	0.00772	0.00890	0.00964	0.00540	0.00649	0.00997	0.01205	0.04705	0.03193	0.60094	0.03699	0.01758	0.00761	0.00245	0.00393	0.16639	0.00556	0.00516
51	0.64169	0.15969	0.03002	0.00842	0.01240	0.01501	0.00744	0.01733	0.01064	0.02391	0.02559	0.01045	0.00780	0.00556	0.00381	0.00172	0.00496	0.00340	0.00349	0.00666
52	0.05134	0.54495	0.14921	0.01217	0.03753	0.05465	0.01215	0.01872	0.04317	0.01590	0.00941	0.01072	0.00801	0.00535	0.00431	0.00145	0.00679	0.00360	0.00276	0.00782
53	0.05050	0.30934	0.24101	0.01215	0.01714	0.04873	0.01274	0.01738	0.05044	0.01658	0.01315	0.10811	0.01242	0.03428	0.00638	0.00186	0.03152	0.00567	0.00318	0.00742
54	0.00766	0.00577	0.00806	0.00872	0.00943	0.00539	0.03738	0.00885	0.01143	0.01509	0.03251	0.61976	0.08917	0.08239	0.00939	0.00264	0.00393	0.03234	0.00522	0.00487
55	0.00786	0.00581	0.00714	0.00721	0.00837	0.00531	0.00514	0.00973	0.01411	0.01907	0.38358	0.20434	0.19355	0.09070	0.00937	0.00238	0.00326	0.01216	0.00579	0.00510
56	0.00901	0.00666	0.00966	0.00952	0.01071	0.00771	0.00742	0.03554	0.01022	0.01480	0.01589	0.02288	0.01463	0.04187	0.71805	0.00898	0.01510	0.00627	0.02961	0.00545
57	0.59815	0.01064	0.00966	0.00834	0.01190	0.01165	0.00678	0.01898	0.01130	0.17815	0.01155	0.01249	0.00844	0.00710	0.00573	0.06931	0.00472	0.00393	0.00433	0.00685
58	0.00801	0.00665	0.00711	0.00708	0.00903	0.00608	0.00537	0.01115	0.08513	0.01760	0.11929	0.09195	0.54128	0.01428	0.00698	0.00204	0.00328	0.04654	0.00564	0.00549
59	0.01095	0.00581	0.00591	0.00586	0.00731	0.00579	0.00439	0.03196	0.01281	0.02183	0.02188	0.05481	0.05551	0.00780	0.00447	0.00146	0.00289	0.00634	0.72663	0.00557
60	0.01285	0.02701	0.59471	0.01811	0.02617	0.01376	0.15503	0.01918	0.01294	0.04883	0.01138	0.01345	0.00806	0.00557	0.00589	0.00189	0.00882	0.00492	0.00279	0.00865
61	0.02591	0.01054	0.01395	0.01076	0.01530	0.00946	0.00887	0.07135	0.04091	0.69245	0.02281	0.01983	0.01447	0.00733	0.00595	0.00183	0.00511	0.00593	0.00719	0.01004
62	0.00733	0.00603	0.00647	0.00642	0.00828	0.00516	0.00485	0.00911	0.01411	0.01752	0.19212	0.05476	0.59718	0.01446	0.00702	0.00199	0.00303	0.03335	0.00569	0.00512
63	0.01568	0.77121	0.05440	0.01033	0.01551	0.02309	0.01049	0.01774	0.01203	0.01407	0.00830	0.00958	0.00759	0.00508	0.00385	0.00128	0.00640	0.00320	0.00253	0.00763
64	0.39911	0.01805	0.24701	0.01217	0.01750	0.03895	0.05067	0.03230	0.01204	0.07281	0.01067	0.01226	0.00791	0.00732	0.03698	0.00216	0.00692	0.00415	0.00351	0.00751
65	0.01186	0.03059	0.76153	0.01686	0.02560	0.01373	0.02185	0.01873	0.01249	0.01873	0.01061	0.01249	0.00749	0.00562	0.00562	0.00187	0.00874	0.00437	0.00250	0.00874
66	0.01464	0.01405	0.02400	0.03630	0.75528	0.01405	0.01815	0.01815	0.01347	0.01932	0.01112	0.01464	0.00937	0.00527	0.00585	0.00176	0.00703	0.00527	0.00293	0.00937
67	0.01581	0.79572	0.03099	0.01012	0.01518	0.02340	0.01012	0.01771	0.01202	0.01391	0.00822	0.00949	0.00759	0.00506	0.00379	0.00126	0.00632	0.00316	0.00253	0.00759
68	0.01226	0.01051	0.01226	0.00876	0.01401	0.00788	0.00701	0.01489	0.01226	0.01927	0.01051	0.01226	0.00876	0.00438	0.00438	0.00088	0.00438	0.00350	0.00350	0.82832
69	0.01282	0.04463	0.21378	0.14517	0.02718	0.01467	0.24850	0.01780	0.03748	0.01767	0.01103	0.01443	0.00850	0.00609	0.00783	0.00196	0.11154	0.00546	0.00287	0.05058
70	0.01102	0.00551	0.00551	0.00551	0.00689	0.00551	0.00413	0.01378	0.01240	0.02205	0.01929	0.02205	0.01516	0.00689	0.00413	0.00138	0.00276	0.00551	0.82500	0.00551
71	0.00721	0.00515	0.00686	0.00823	0.00858	0.00480	0.00549	0.00823	0.01132	0.01510	0.03259	0.78831	0.03911	0.01853	0.00755	0.00240	0.00343	0.01681	0.00549	0.00480
72	0.00987	0.00770	0.01124	0.01416	0.13083	0.00757	0.00993	0.01246	0.01352	0.01789	0.06893	0.12860	0.08519	0.01445	0.00758	0.00244	0.00517	0.44138	0.00511	0.00599
73	0.00782	0.00596	0.00790	0.00866	0.00917	0.00604	0.00609	0.00910	0.01186	0.01606	0.11490	0.59954	0.07395	0.01691	0.00847	0.00233	0.06993	0.01489	0.00536	0.00505
74	0.01676	0.01137	0.01282	0.01084	0.01426	0.01207	0.00861	0.16311	0.29597	0.16114	0.14294	0.02649	0.07959	0.00892	0.00622	0.00190	0.00466	0.00739	0.00628	0.00867
75	0.00860	0.00573	0.00645	0.00645	0.00645	0.00573	0.00358	0.00860	0.00860	0.01147	0.01863	0.03870	0.02150	0.79217	0.03010	0.00573	0.00573	0.00860	0.00358	0.00358
76	0.01328	0.01319	0.01843	0.09684	0.01885	0.03500	0.03767	0.03754	0.01039	0.01537	0.00852	0.01331	0.00792	0.00931	0.01633	0.00240	0.60630	0.00517	0.00275	0.03145
77	0.00728	0.00574	0.00657	0.00692	0.00831	0.00503	0.00498	0.00885	0.01335	0.01697	0.16497	0.28161	0.41724	0.01560	0.00716	0.00210	0.00310	0.01353	0.00566	0.00503
78	0.00919	0.00625	0.00801	0.00745	0.00908	0.00568	0.00563	0.01182	0.01640	0.06228	0.63845	0.04426	0.12879	0.01215	0.00692	0.00187	0.00293	0.01063	0.00644	0.00576
79	0.03839	0.02665	0.59913	0.01677	0.02433	0.01374	0.07679	0.01851	0.01238	0.03877	0.01098	0.01320	0.00798	0.00692	0.02731	0.00213	0.05018	0.00468	0.00273	0.00842
80	0.03939	0.03014	0.01081	0.00935	0.01171	0.00920	0.00719	0.14267	0.06152	0.10011	0.19040	0.25341	0.08591	0.01216	0.00660	0.00200	0.00416	0.01049	0.00588	0.00689
81	0.00868	0.00563	0.00751	0.00819	0.00900	0.00521	0.00569	0.01007	0.01272	0.06122	0.18366	0.56748	0.04052	0.01654	0.00769	0.02118	0.00343	0.01460	0.00575	0.00523
82	0.10343	0.00887	0.01113	0.00965	0.01286	0.00832	0.00796	0.03600	0.01553	0.34759	0.15047	0.03361	0.04984	0.00998	0.00634	0.00200	0.00463	0.15063	0.00624	0.02490
83	0.04786	0.01420	0.05770	0.19709	0.23080	0.01389	0.25429	0.01730	0.01278	0.01817	0.01098	0.01497	0.00864	0.00579	0.00688	0.01852	0.03288	0.00566	0.00289	0.02870
84	0.00806	0.00647	0.00840	0.00895	0.00982	0.02978	0.03635	0.00945	0.01223	0.01606	0.09645	0.61776	0.08433	0.01676	0.00737	0.00228	0.00385	0.01516	0.00540	0.00508
85	0.00867	0.00599	0.00715	0.00711	0.00724	0.00625	0.00434	0.00898	0.00878	0.01190	0.01831	0.05288	0.02071	0.66335	0.11832	0.00603	0.02813	0.00842	0.00355	0.00389
86	0.01284	0.01050	0.01226	0.00905	0.01396	0.00831	0.00719	0.04400	0.02928	0.04015	0.01249	0.05434	0.01080	0.00541	0.00469	0.00104	0.00444	0.00443	0.00387	0.71096

[dist]
# distance from previous block
# <min> <max>
3	8

[block]
# block no. 3 follows, 39 sequences, length 22
# corresponding to MSA columns:
# 314-321,323-336
name=unknown_D
#
# <colnr> <probs for GDERKNQSTAVLIFYWHMCP>
#	G	D	E	R	K	N	Q	S	T	A	V	L	I	F	Y	W	H	M	C	P
0	0.01091	0.04499	0.06046	0.00838	0.00998	0.00821	0.00643	0.05884	0.01155	0.05192	0.08679	0.03209	0.02143	0.46722	0.09238	0.00480	0.00666	0.00770	0.00404	0.00521
1	0.02480	0.01002	0.01327	0.01030	0.01459	0.00893	0.00846	0.06566	0.01725	0.65267	0.04816	0.02076	0.01586	0.00745	0.00588	0.00180	0.00490	0.00606	0.05353	0.00965
2	0.26265	0.01555	0.08018	0.01461	0.09867	0.01556	0.01143	0.31283	0.01798	0.02853	0.01127	0.01259	0.00849	0.00637	0.00590	0.00181	0.04911	0.00453	0.00434	0.03761
3	0.01511	0.66019	0.16040	0.01131	0.01702	0.02169	0.01220	0.01789	0.01210	0.01477	0.00865	0.01002	0.00757	0.00516	0.00412	0.00137	0.00675	0.00338	0.00252	0.00779
4	0.00857	0.00571	0.00729	0.00787	0.00881	0.00522	0.00546	0.00994	0.01260	0.06043	0.14188	0.49747	0.13260	0.05667	0.00847	0.00241	0.00349	0.01426	0.00565	0.00519
5	0.00860	0.00573	0.00645	0.00645	0.00645	0.00573	0.00358	0.00860	0.00860	0.01147	0.01863	0.03870	0.02150	0.79217	0.03010	0.00573	0.00573	0.00860	0.00358	0.00358
6	0.03377	0.26116	0.50228	0.01451	0.02190	0.01677	0.01764	0.03726	0.01269	0.01795	0.00992	0.01155	0.00756	0.00549	0.00503	0.00169	0.00785	0.00400	0.00263	0.00837
7	0.00786	0.00669	0.00671	0.00664	0.00834	0.03062	0.00484	0.00940	0.01358	0.01668	0.16014	0.07577	0.53189	0.08390	0.00902	0.00231	0.00348	0.01171	0.00540	0.00501
8	0.00726	0.00529	0.00678	0.00790	0.00845	0.00488	0.00532	0.00836	0.01163	0.01533	0.05685	0.66032	0.11796	0.04341	0.00821	0.00245	0.00344	0.01588	0.00546	0.00481
9	0.39941	0.01561	0.09995	0.01118	0.01587	0.01515	0.01015	0.29630	0.01743	0.05185	0.01128	0.01204	0.00819	0.00618	0.00483	0.00181	0.00582	0.00424	0.00451	0.00820
10	0.01255	0.00957	0.01265	0.17049	0.13662	0.03135	0.00984	0.05121	0.01324	0.02022	0.01478	0.01807	0.01171	0.00746	0.03044	0.00182	0.00549	0.00522	0.36305	0.07423
11	0.00845	0.00634	0.00950	0.00950	0.01056	0.00739	0.00739	0.01056	0.00950	0.01373	0.01584	0.02323	0.01478	0.04435	0.76873	0.00950	0.01584	0.00634	0.00317	0.00528
12	0.00859	0.00577	0.00666	0.00666	0.00673	0.00585	0.00384	0.00873	0.00866	0.01162	0.01844	0.03765	0.02104	0.74136	0.08029	0.00599	0.00642	0.00845	0.00356	0.00370
13	0.01226	0.01051	0.01226	0.00876	0.01401	0.00788	0.00701	0.01489	0.01226	0.01927	0.01051	0.01226	0.00876	0.00438	0.00438	0.00088	0.00438	0.00350	0.00350	0.82832
14	0.00724	0.00586	0.00643	0.00659	0.00822	0.00505	0.00483	0.00886	0.01363	0.01704	0.16347	0.17615	0.52573	0.01511	0.00708	0.00204	0.00304	0.01292	0.00565	0.00505
15	0.01137	0.01064	0.01511	0.01343	0.01380	0.01438	0.01101	0.01295	0.00921	0.01406	0.01058	0.01652	0.01021	0.02220	0.28043	0.00500	0.51468	0.00558	0.00279	0.00605
16	0.00859	0.00577	0.00665	0.00665	0.00671	0.00584	0.00383	0.00873	0.00866	0.01161	0.01845	0.03771	0.02107	0.74408	0.07760	0.00598	0.00638	0.00845	0.00356	0.00369
17	0.01471	0.01270	0.01337	0.01203	0.01538	0.01471	0.00936	0.03142	0.74459	0.02474	0.02407	0.02206	0.01805	0.00802	0.00602	0.00201	0.00468	0.00669	0.00602	0.00936
18	0.01283	0.01279	0.01809	0.06072	0.01702	0.01782	0.01314	0.01428	0.00922	0.01428	0.00793	0.01311	0.00777	0.01009	0.01861	0.00255	0.73549	0.00518	0.00259	0.00648
19	0.17208	0.01188	0.03480	0.01121	0.04105	0.01085	0.03967	0.05912	0.09477	0.07235	0.01400	0.05770	0.01153	0.00625	0.00500	0.00150	0.00502	0.00506	0.00425	0.34192
20	0.03464	0.01385	0.01945	0.04068	0.42458	0.07359	0.02928	0.05849	0.04714	0.07494	0.08389	0.01923	0.04067	0.00671	0.00595	0.00178	0.00652	0.00602	0.00400	0.00859
21	0.33564	0.15392	0.03823	0.01018	0.01437	0.05433	0.00886	0.14419	0.01513	0.11002	0.05524	0.01380	0.01123	0.00633	0.00469	0.00171	0.00562	0.00440	0.00438	0.00772

[dist]
# distance from previous block
# <min> <max>
1	9

[block]
# block no. 4 follows, 39 sequences, length 79
# corresponding to MSA columns:
# 346-388,390-411,414-427
name=unknown_E
#
# <colnr> <probs for GDERKNQSTAVLIFYWHMCP>
#	G	D	E	R	K	N	Q	S	T	A	V	L	I	F	Y	W	H	M	C	P
0	0.01160	0.03123	0.00930	0.00829	0.01017	0.00708	0.00620	0.01438	0.06698	0.13948	0.18250	0.21166	0.15043	0.09489	0.00923	0.00242	0.00396	0.02828	0.00575	0.00616
1	0.06796	0.42574	0.06297	0.01172	0.01601	0.15713	0.01079	0.04101	0.03127	0.01645	0.02698	0.01148	0.00905	0.00598	0.00553	0.00152	0.06402	0.00384	0.00301	0.02754
2	0.01016	0.00655	0.00794	0.00736	0.00940	0.00578	0.00566	0.01238	0.01539	0.11356	0.36660	0.04681	0.32381	0.01275	0.00689	0.00194	0.00323	0.03171	0.00618	0.00591
3	0.01452	0.01349	0.02095	0.11948	0.35618	0.01423	0.08139	0.06079	0.19109	0.02107	0.01441	0.01660	0.01127	0.00606	0.00596	0.00184	0.00673	0.00572	0.00383	0.03440
4	0.01126	0.01060	0.01790	0.75885	0.05913	0.01316	0.01647	0.01519	0.01187	0.01522	0.01053	0.01574	0.00792	0.00590	0.00591	0.00197	0.00786	0.00526	0.00264	0.00664
5	0.06005	0.49113	0.26111	0.01225	0.01835	0.03769	0.01367	0.01816	0.01217	0.01615	0.00900	0.01047	0.00749	0.00529	0.00440	0.00150	0.00710	0.00356	0.00259	0.00787
6	0.01515	0.61744	0.18210	0.01165	0.01742	0.04045	0.01258	0.01807	0.01223	0.01493	0.00874	0.01014	0.00757	0.00520	0.00421	0.00140	0.00694	0.00343	0.00254	0.00781
7	0.00721	0.00515	0.00686	0.00823	0.00858	0.00480	0.00549	0.00823	0.01132	0.01510	0.03259	0.78831	0.03911	0.01853	0.00755	0.00240	0.00343	0.01681	0.00549	0.00480
8	0.02269	0.01623	0.01754	0.01345	0.01817	0.01785	0.01111	0.69936	0.02725	0.07426	0.01467	0.01450	0.01029	0.00711	0.00592	0.00178	0.00643	0.00536	0.00599	0.01006
9	0.01172	0.03898	0.03402	0.53533	0.15455	0.01312	0.03304	0.01545	0.01230	0.01604	0.01369	0.01873	0.04813	0.00648	0.00596	0.00193	0.00744	0.02316	0.00290	0.00703
10	0.12247	0.01024	0.01297	0.04521	0.01546	0.00964	0.00861	0.05838	0.01627	0.54400	0.05993	0.02060	0.03460	0.00747	0.00575	0.00184	0.00500	0.00597	0.00650	0.00909
11	0.00731	0.00522	0.00698	0.00836	0.00875	0.00490	0.00567	0.00842	0.01143	0.01522	0.03254	0.75525	0.03888	0.01843	0.00758	0.00242	0.00352	0.04882	0.00549	0.00483
12	0.00969	0.00694	0.00951	0.01070	0.01206	0.00696	0.00916	0.03433	0.01382	0.01804	0.03091	0.14009	0.03382	0.01628	0.00803	0.00266	0.00527	0.62075	0.00546	0.00552
13	0.01315	0.06663	0.01320	0.02953	0.01345	0.12020	0.00871	0.09651	0.01390	0.03570	0.02091	0.34867	0.02287	0.03701	0.00896	0.00224	0.10632	0.03125	0.00452	0.00627
14	0.02653	0.01006	0.01372	0.01052	0.01510	0.00869	0.00869	0.02882	0.01693	0.75937	0.02333	0.02013	0.01464	0.00732	0.00595	0.00183	0.00503	0.00595	0.00732	0.01006
15	0.00845	0.00576	0.00641	0.00641	0.00660	0.00566	0.00367	0.00859	0.00907	0.01190	0.02260	0.04045	0.09183	0.71743	0.02788	0.00537	0.00547	0.00897	0.00377	0.00372
16	0.01982	0.01255	0.01378	0.01096	0.01474	0.01339	0.00892	0.41651	0.04457	0.14169	0.01723	0.01741	0.01234	0.00711	0.00545	0.00169	0.00524	0.00551	0.22227	0.00884
17	0.02270	0.01621	0.01753	0.01344	0.01816	0.01781	0.01110	0.69704	0.02721	0.07663	0.01470	0.01452	0.01031	0.00711	0.00592	0.00178	0.00643	0.00536	0.00599	0.01006
18	0.01593	0.01331	0.01406	0.01228	0.01584	0.01528	0.00965	0.14162	0.63242	0.02670	0.02252	0.02083	0.01680	0.00788	0.00600	0.00197	0.00497	0.00647	0.00600	0.00947
